198.000 214.000 34.000 81.000
197.114 214.000 34.000 81.000
195.341 215.329 34.000 81.000
193.569 216.216 34.000 81.000
190.910 217.988 34.000 81.000
188.694 220.204 34.000 81.000
186.035 220.647 34.000 81.000
184.706 222.863 34.000 81.000
185.512 227.715 33.275 79.273
186.378 229.881 33.275 79.273
188.545 231.181 33.275 79.273
191.578 233.348 33.275 79.273
195.912 232.048 33.275 79.273
198.512 230.315 33.275 79.273
200.678 230.315 33.275 79.273
204.210 227.271 34.011 81.027
218.391 210.875 34.011 81.027
213.583 205.104 34.764 82.819
207.763 202.829 35.533 84.652
206.838 204.680 35.533 84.652
210.539 202.366 35.533 84.652
212.853 205.143 35.533 84.652
215.630 209.770 35.533 84.652
220.720 212.547 35.533 84.652
221.645 222.264 35.533 84.652
223.034 226.892 35.533 84.652
224.885 230.131 35.533 84.652
229.512 232.908 35.533 84.652
234.139 231.982 35.533 84.652
240.155 230.594 35.533 84.652
246.171 233.370 35.533 84.652
250.798 232.445 35.533 84.652
254.963 230.131 35.533 84.652
258.202 228.743 35.533 84.652
261.904 226.429 35.533 84.652
265.606 224.115 35.533 84.652
269.308 222.264 35.533 84.652
272.547 225.041 35.533 84.652
276.712 229.206 35.533 84.652
280.877 231.057 35.533 84.652
283.653 232.445 35.533 84.652
286.892 231.519 35.533 84.652
289.669 231.982 35.533 84.652
292.445 232.908 35.533 84.652
294.759 233.370 35.533 84.652
291.983 229.668 35.533 84.652
291.057 227.355 35.533 84.652
291.520 228.280 35.533 84.652
291.057 226.429 35.533 84.652
287.355 224.115 35.533 84.652
288.281 224.578 35.533 84.652
285.041 221.339 35.533 84.652
283.190 217.637 35.533 84.652
281.802 218.100 35.533 84.652
280.484 218.551 36.319 86.525
280.082 219.484 37.123 88.439
281.051 222.390 37.123 88.439
280.566 224.328 37.123 88.439
278.703 226.255 37.944 90.396
279.197 229.714 37.944 90.396
274.750 233.667 37.944 90.396
270.797 236.632 37.944 90.396
266.844 237.126 37.944 90.396
263.790 238.090 37.135 88.468
260.311 241.454 36.343 86.581
256.428 240.480 35.568 84.735
250.412 240.942 35.568 84.735
246.247 240.942 35.568 84.735
241.620 240.017 35.568 84.735
238.381 238.166 35.568 84.735
235.604 239.554 35.568 84.735
232.365 240.942 35.568 84.735
226.349 238.629 35.568 84.735
216.169 236.315 35.568 84.735
206.451 238.166 35.568 84.735
197.659 236.315 35.568 84.735
189.793 238.629 35.568 84.735
182.768 240.920 34.809 82.928
180.503 243.638 34.809 82.928
175.974 243.185 34.809 82.928
166.462 240.467 34.809 82.928
160.574 236.844 34.809 82.928
153.780 231.409 34.809 82.928
148.797 229.144 34.809 82.928
143.815 223.709 34.809 82.928
139.286 221.444 34.809 82.928
136.568 225.067 34.809 82.928
132.491 227.332 34.809 82.928
130.680 230.050 34.809 82.928
126.603 228.238 34.809 82.928
122.980 227.785 34.809 82.928
123.886 228.691 34.809 82.928
120.715 225.973 34.809 82.928
117.463 222.781 34.067 81.159
116.133 220.122 34.067 81.159
116.576 218.350 34.067 81.159
114.724 216.999 33.340 79.429
116.900 219.611 33.340 79.429
115.594 218.305 33.340 79.429
117.336 216.999 33.340 79.429
115.515 215.670 32.629 77.735
117.139 200.330 31.934 76.077
118.386 197.420 31.934 76.077
119.218 193.679 31.934 76.077
121.296 190.354 31.934 76.077
124.131 191.996 31.253 74.455
126.985 188.733 31.253 74.455
129.840 190.365 31.253 74.455
133.103 191.180 31.253 74.455
137.589 188.326 31.253 74.455
140.778 190.751 30.586 72.867
145.156 187.566 30.586 72.867
148.798 202.284 31.263 74.479
152.876 205.139 31.263 74.479
155.323 197.390 31.263 74.479
158.586 194.127 31.263 74.479
162.257 192.496 31.263 74.479
166.335 190.864 31.263 74.479
169.598 190.049 31.263 74.479
172.453 189.641 31.263 74.479
175.716 188.825 31.263 74.479
180.127 181.055 30.596 72.891
183.710 179.064 30.596 72.891
186.424 176.657 29.944 71.336
189.546 173.145 29.944 71.336
191.816 171.175 29.305 69.815
194.493 168.881 29.305 69.815
197.481 171.154 28.680 68.326
201.227 171.154 28.680 68.326
203.848 172.652 28.680 68.326
206.776 175.628 28.069 66.869
210.008 174.874 27.470 65.443
212.161 171.645 27.470 65.443
213.955 169.133 27.470 65.443
215.390 167.698 27.470 65.443
217.119 165.525 26.884 64.048
218.874 161.664 26.884 64.048
220.628 161.664 26.884 64.048
222.032 159.208 26.884 64.048
223.436 160.611 26.884 64.048
223.085 161.664 26.884 64.048
224.425 164.102 26.311 62.682
225.049 165.457 25.750 61.345
227.396 161.769 25.750 61.345
228.676 160.076 25.201 60.037
230.982 157.770 25.201 60.037
233.288 157.111 25.201 60.037
235.264 155.134 25.201 60.037
237.570 154.476 25.201 60.037
239.217 155.793 25.201 60.037
241.853 157.440 25.201 60.037
244.158 159.746 25.201 60.037
246.794 161.393 25.201 60.037
249.368 162.033 24.663 58.757
251.298 160.426 24.663 58.757
253.227 157.531 24.663 58.757
253.812 158.480 24.137 57.504
255.694 155.342 24.137 57.504
256.635 155.656 24.137 57.504
257.576 155.970 24.137 57.504
258.831 156.911 24.137 57.504
259.459 158.793 24.137 57.504
261.027 156.597 24.137 57.504
262.282 155.029 24.137 57.504
264.165 154.401 24.137 57.504
266.988 155.029 24.137 57.504
269.812 152.519 24.137 57.504
276.400 149.695 24.137 57.504
279.537 151.264 24.137 57.504
283.929 149.068 24.137 57.504
286.439 151.264 24.137 57.504
288.055 151.569 24.671 58.776
289.662 153.498 24.671 58.776
290.305 154.463 24.671 58.776
288.376 154.463 24.671 58.776
289.341 152.212 24.671 58.776
291.270 151.247 24.671 58.776
289.984 149.318 24.671 58.776
291.270 149.639 24.671 58.776
290.627 149.639 24.671 58.776
290.305 149.961 24.671 58.776
290.305 150.926 24.671 58.776
290.305 149.318 24.671 58.776
289.984 147.067 24.671 58.776
290.627 144.173 24.671 58.776
291.270 142.565 24.671 58.776
290.627 144.173 24.671 58.776
289.068 150.276 25.217 60.076
289.448 160.482 25.775 61.406
289.163 160.473 26.345 62.764
289.163 163.218 26.345 62.764
288.185 160.808 26.928 64.153
288.238 162.555 27.524 65.572
289.314 163.273 27.524 65.572
287.879 165.426 27.524 65.572
288.956 163.632 27.524 65.572
288.597 161.479 27.524 65.572
287.520 163.632 27.524 65.572
287.520 165.067 27.524 65.572
287.879 166.861 27.524 65.572
288.238 165.785 27.524 65.572
289.314 165.067 27.524 65.572
289.673 161.837 27.524 65.572
290.750 159.326 27.524 65.572
292.544 156.455 27.524 65.572
292.544 157.532 27.524 65.572
292.903 158.967 27.524 65.572
293.979 160.043 27.524 65.572
295.056 161.479 27.524 65.572
293.979 162.196 27.524 65.572
292.544 163.273 27.524 65.572
290.750 164.708 27.524 65.572
288.956 179.420 27.524 65.572
288.956 179.779 27.524 65.572
288.238 180.855 27.524 65.572
287.879 179.779 27.524 65.572
285.726 177.985 27.524 65.572
284.291 177.985 27.524 65.572
283.932 178.343 27.524 65.572
283.932 179.061 27.524 65.572
284.650 181.573 27.524 65.572
284.650 184.802 27.524 65.572
284.291 188.390 27.524 65.572
282.138 191.261 27.524 65.572
281.420 190.543 27.524 65.572
278.550 189.826 27.524 65.572
277.473 189.108 27.524 65.572
276.038 187.673 27.524 65.572
274.961 189.108 27.524 65.572
273.167 186.955 27.524 65.572
271.732 184.085 27.524 65.572
269.220 186.237 27.524 65.572
267.067 183.726 27.524 65.572
264.914 181.573 27.524 65.572
261.685 184.085 27.524 65.572
258.814 186.955 27.524 65.572
257.020 190.185 27.524 65.572
255.639 192.689 28.133 67.023
253.806 196.722 28.133 67.023
252.706 200.755 28.133 67.023
250.873 202.589 28.133 67.023
248.306 201.489 28.133 67.023
245.373 203.689 28.133 67.023
242.806 201.122 28.133 67.023
240.295 197.080 28.756 68.506
237.355 194.076 29.392 70.022
235.443 194.840 29.392 70.022
233.206 192.536 30.042 71.571
231.246 190.575 30.042 71.571
228.893 188.615 30.042 71.571
226.148 185.870 30.042 71.571
223.070 183.901 30.707 73.154
221.130 183.492 31.386 74.773
219.554 184.304 32.081 76.427
216.693 186.800 32.790 78.118
215.903 189.355 33.516 79.846
214.591 191.541 33.516 79.846
212.405 193.291 33.516 79.846
209.848 193.719 34.257 81.613
207.165 192.825 34.257 81.613
204.483 191.037 34.257 81.613
201.354 194.613 34.257 81.613
199.118 193.719 34.257 81.613
197.330 192.378 34.257 81.613
195.542 189.248 34.257 81.613
194.648 187.460 34.257 81.613
194.201 184.331 34.257 81.613
193.307 185.672 34.257 81.613
193.307 184.778 34.257 81.613
193.307 187.460 34.257 81.613
193.307 185.225 34.257 81.613
194.201 188.354 34.257 81.613
193.307 185.225 34.257 81.613
194.201 189.248 34.257 81.613
194.648 193.272 34.257 81.613
193.822 194.157 35.015 83.419
193.365 192.787 35.015 83.419
193.434 191.864 35.790 85.264
192.105 189.521 36.582 87.151
192.177 186.651 37.391 89.079
192.740 186.642 38.218 91.050
189.752 184.152 38.218 91.050
187.835 180.156 39.064 93.064
188.344 182.705 39.064 93.064
189.364 185.764 39.064 93.064
190.893 188.313 39.064 93.064
191.913 186.783 39.064 93.064
191.403 186.274 39.064 93.064
190.384 187.293 39.064 93.064
189.364 185.254 39.064 93.064
188.344 183.215 39.064 93.064
189.874 185.764 39.064 93.064
187.912 182.695 39.928 95.123
186.431 184.760 40.812 97.228
184.917 185.279 41.715 99.379
184.456 186.895 42.638 101.578
183.429 186.327 43.581 103.825
182.292 186.327 43.581 103.825
180.586 185.758 43.581 103.825
178.880 187.464 43.581 103.825
176.037 190.307 43.581 103.825
173.762 193.150 43.581 103.825
169.782 195.425 43.581 103.825
166.939 197.699 43.581 103.825
164.664 198.836 43.581 103.825
162.958 200.542 43.581 103.825
160.115 202.248 43.581 103.825
157.841 202.817 43.581 103.825
156.135 204.523 43.581 103.825
154.429 205.660 43.581 103.825
153.860 204.523 43.581 103.825
150.345 209.041 42.652 101.611
150.902 207.371 42.652 101.611
147.560 206.814 42.652 101.611
148.117 204.587 42.652 101.611
144.219 207.371 42.652 101.611
143.106 202.916 42.652 101.611
141.992 205.700 42.652 101.611
139.208 207.928 42.652 101.611
139.764 206.814 42.652 101.611
135.866 209.041 42.652 101.611
134.753 206.257 42.652 101.611
134.196 203.473 42.652 101.611
133.082 202.916 42.652 101.611
131.968 204.030 42.652 101.611
131.411 204.587 42.652 101.611
131.411 205.143 42.652 101.611
131.411 205.700 42.652 101.611
131.968 206.257 42.652 101.611
132.525 205.143 42.652 101.611
133.082 206.814 42.652 101.611
133.639 206.257 42.652 101.611
134.753 206.257 42.652 101.611
134.753 207.371 42.652 101.611
136.423 208.485 42.652 101.611
138.094 209.041 42.652 101.611
138.651 210.155 42.652 101.611
140.878 208.485 42.652 101.611
140.878 210.155 42.652 101.611
141.992 210.155 42.652 101.611
143.662 209.041 42.652 101.611
145.333 209.598 42.652 101.611
145.333 209.598 42.652 101.611
145.890 210.712 42.652 101.611
146.447 211.826 42.652 101.611
147.004 212.383 42.652 101.611
146.447 212.939 42.652 101.611
147.004 215.167 42.652 101.611
145.333 217.951 42.652 101.611
145.890 217.951 42.652 101.611
145.333 220.179 42.652 101.611
145.333 219.622 42.652 101.611
144.117 219.592 41.742 99.444
144.662 221.227 41.742 99.444
141.392 221.772 41.742 99.444
140.301 220.137 41.742 99.444
138.566 220.652 40.852 97.324
138.566 218.519 40.852 97.324
137.500 216.385 40.852 97.324
137.402 215.290 39.981 95.248
135.316 217.376 39.981 95.248
136.263 215.784 39.128 93.217
137.283 219.352 39.128 93.217
136.773 221.391 39.128 93.217
135.754 218.842 39.128 93.217
137.283 216.293 39.128 93.217
138.812 214.764 39.128 93.217
139.230 219.836 38.294 91.229
139.230 222.836 38.294 91.229
140.730 220.836 38.294 91.229
141.730 223.336 38.294 91.229
143.230 223.336 38.294 91.229
144.230 222.336 38.294 91.229
145.230 223.336 38.294 91.229
146.730 222.336 38.294 91.229
147.730 223.836 38.294 91.229
148.230 222.336 38.294 91.229
148.730 223.836 38.294 91.229
149.730 222.836 38.294 91.229
150.730 224.336 38.294 91.229
151.230 226.336 38.294 91.229
150.730 225.836 38.294 91.229
151.730 225.336 38.294 91.229
152.730 227.836 38.294 91.229
152.730 227.336 38.294 91.229
152.730 229.336 38.294 91.229
152.730 228.336 38.294 91.229
152.730 228.836 38.294 91.229
152.730 226.836 38.294 91.229
153.730 229.336 38.294 91.229
154.730 228.336 38.294 91.229
154.730 231.836 38.294 91.229
154.730 232.336 38.294 91.229
154.230 231.836 38.294 91.229
153.730 233.336 38.294 91.229
154.230 233.336 38.294 91.229
152.730 232.836 38.294 91.229
152.730 231.336 38.294 91.229
153.230 233.836 38.294 91.229
152.230 229.836 38.294 91.229
151.230 225.336 38.294 91.229
151.230 223.836 38.294 91.229
151.230 223.336 38.294 91.229
152.730 223.836 38.294 91.229
153.730 220.836 38.294 91.229
155.230 222.336 38.294 91.229
156.230 219.336 38.294 91.229
157.230 220.836 38.294 91.229
157.730 222.836 38.294 91.229
159.230 222.336 38.294 91.229
159.230 224.836 38.294 91.229
160.230 226.336 38.294 91.229
160.730 225.836 38.294 91.229
162.730 224.336 38.294 91.229
163.730 223.336 38.294 91.229
163.730 224.336 38.294 91.229
164.730 224.836 38.294 91.229
165.230 223.836 38.294 91.229
165.730 223.336 38.294 91.229
166.230 224.836 38.294 91.229
166.230 224.836 38.294 91.229
166.730 225.836 38.294 91.229
168.230 225.336 38.294 91.229
168.230 227.836 38.294 91.229
168.730 225.836 38.294 91.229
169.730 227.336 38.294 91.229
171.230 225.836 38.294 91.229
171.230 227.336 38.294 91.229
172.730 226.836 38.294 91.229
173.230 228.836 38.294 91.229
174.230 228.836 38.294 91.229
175.730 230.336 38.294 91.229
177.730 232.336 38.294 91.229
179.230 230.836 38.294 91.229
181.230 230.836 38.294 91.229
183.730 227.836 38.294 91.229
186.230 230.336 38.294 91.229
187.730 227.836 38.294 91.229
189.730 229.836 38.294 91.229
191.730 226.836 38.294 91.229
193.730 227.336 38.294 91.229
195.730 226.336 38.294 91.229
197.730 226.336 38.294 91.229
199.730 226.836 38.294 91.229
201.230 227.336 38.294 91.229
202.230 227.836 38.294 91.229
204.230 228.836 38.294 91.229
205.730 229.836 38.294 91.229
208.230 229.336 38.294 91.229
210.138 228.309 37.477 89.284
212.579 225.868 37.477 89.284
214.044 223.915 37.477 89.284
216.973 225.868 37.477 89.284
218.926 225.868 37.477 89.284
221.367 228.309 37.477 89.284
223.809 229.286 37.477 89.284
226.738 228.797 37.477 89.284
229.667 228.309 37.477 89.284
234.061 230.262 37.477 89.284
239.994 228.786 38.306 91.259
306.902 162.759 37.489 89.313
300.067 165.200 37.489 89.313
297.626 162.271 37.489 89.313
297.138 159.830 37.489 89.313
295.185 156.412 37.489 89.313
294.208 159.342 37.489 89.313
293.232 163.736 37.489 89.313
292.744 168.130 37.489 89.313
292.255 169.106 37.489 89.313
291.279 171.059 37.489 89.313
289.814 172.524 37.489 89.313
288.349 176.430 37.489 89.313
284.932 176.430 37.489 89.313
280.049 173.989 37.489 89.313
275.655 177.894 37.489 89.313
274.191 174.965 37.489 89.313
271.261 171.059 37.489 89.313
269.796 168.130 37.489 89.313
267.355 168.618 37.489 89.313
266.379 169.594 37.489 89.313
263.449 170.083 37.489 89.313
261.985 170.083 37.489 89.313
259.055 170.083 37.489 89.313
257.102 170.571 37.489 89.313
253.685 173.012 37.489 89.313
248.314 184.242 37.489 89.313
245.385 186.683 37.489 89.313
242.944 187.171 37.489 89.313
239.526 186.194 37.489 89.313
236.596 186.683 37.489 89.313
233.179 186.683 37.489 89.313
228.785 185.706 37.489 89.313
223.902 184.242 37.489 89.313
219.020 183.265 37.489 89.313
213.161 186.683 37.489 89.313
207.791 184.242 37.489 89.313
201.932 181.800 37.489 89.313
195.585 185.706 37.489 89.313
190.702 183.265 37.489 89.313
185.332 186.194 37.489 89.313
180.449 183.753 37.489 89.313
175.567 181.312 37.489 89.313
169.708 183.265 37.489 89.313
164.338 180.336 37.489 89.313
157.502 183.265 37.489 89.313
151.155 182.289 37.489 89.313
144.882 183.254 38.319 91.289
137.382 181.254 38.319 91.289
132.382 178.254 38.319 91.289
126.882 180.754 38.319 91.289
121.382 183.754 38.319 91.289
116.882 182.254 38.319 91.289
111.882 184.754 38.319 91.289
106.882 183.254 38.319 91.289
102.382 186.254 38.319 91.289
98.882 185.754 38.319 91.289
94.458 186.244 39.167 93.309
90.889 184.714 39.167 93.309
87.830 182.675 39.167 93.309
83.828 183.682 40.033 95.373
81.821 185.235 40.919 97.483
77.021 186.301 40.919 97.483
71.688 188.968 40.919 97.483
66.791 193.208 40.046 95.405
62.096 195.815 40.046 95.405
57.829 193.182 39.192 93.370
53.223 191.646 39.192 93.370
48.618 188.576 39.192 93.370
42.988 192.670 39.192 93.370
40.335 191.107 38.357 91.379
36.744 186.581 37.539 89.430
32.733 190.476 36.738 87.523
29.384 192.868 36.738 87.523
26.513 195.260 36.738 87.523
21.729 189.519 36.738 87.523
16.466 186.170 36.738 87.523
12.160 187.605 36.738 87.523
9.768 184.735 36.738 87.523
7.854 181.386 36.738 87.523
4.984 182.342 36.738 87.523
3.549 179.472 36.738 87.523
3.070 177.080 36.738 87.523
1.635 178.037 36.738 87.523
45.085 167.487 35.955 85.657
42.274 171.236 35.955 85.657
39.845 170.275 35.188 83.830
39.386 168.440 35.188 83.830
37.009 167.957 34.437 82.042
35.580 172.424 33.703 80.293
33.384 171.107 33.703 80.293
31.547 175.476 32.984 78.580
29.829 173.759 32.984 78.580
28.541 172.471 32.984 78.580
26.824 175.047 32.984 78.580
25.600 171.601 33.714 80.319
25.600 169.844 33.714 80.319
23.470 166.760 34.460 82.096
21.293 164.056 35.222 83.912
20.375 162.679 35.222 83.912
19.457 161.761 35.222 83.912
17.163 162.220 35.222 83.912
15.245 164.950 34.471 82.123
16.061 162.683 33.736 80.372
18.178 160.904 33.017 78.658
17.748 161.763 33.017 78.658
13.518 158.317 33.747 80.398
10.071 157.866 34.494 82.177
7.377 160.112 34.494 82.177
11.036 155.610 35.257 83.995
9.201 158.822 35.257 83.995
7.283 163.388 34.505 82.204
3.241 165.633 34.505 82.204
0.466 179.531 33.769 80.451
1.790 176.443 33.769 80.451
3.996 177.767 33.769 80.451
5.387 185.259 34.517 82.231
7.250 196.024 35.280 84.050
9.093 200.632 35.280 84.050
11.858 201.553 35.280 84.050
21.074 196.024 35.280 84.050
28.517 190.947 36.061 85.910
37.059 186.703 36.859 87.810
43.857 182.368 37.674 89.753
52.264 177.454 38.508 91.739
61.299 174.944 38.508 91.739
68.828 176.952 38.508 91.739
73.924 173.427 39.360 93.769
81.116 177.537 39.360 93.769
88.308 179.592 39.360 93.769
95.501 180.106 39.360 93.769
105.261 181.647 39.360 93.769
113.481 179.592 39.360 93.769
122.214 182.161 39.360 93.769
132.489 179.592 39.360 93.769
139.167 181.647 39.360 93.769
146.359 179.592 39.360 93.769
151.497 178.051 39.360 93.769
158.175 173.941 39.360 93.769
163.826 170.859 39.360 93.769
168.963 167.263 39.360 93.769
170.069 163.143 40.231 95.843
175.828 160.525 40.231 95.843
180.540 162.619 40.231 95.843
187.869 160.002 40.231 95.843
193.628 161.049 40.231 95.843
196.848 162.083 41.121 97.964
199.604 164.211 42.030 100.131
200.781 167.480 42.960 102.347
199.098 171.966 42.960 102.347
196.855 169.162 42.960 102.347
197.313 165.206 42.044 100.164
194.568 159.716 42.044 100.164
195.666 157.520 42.044 100.164
193.470 155.873 42.044 100.164
190.725 155.324 42.044 100.164
191.274 153.128 42.044 100.164
193.470 155.324 42.044 100.164
187.431 155.873 42.044 100.164
183.588 155.873 42.044 100.164
181.291 158.039 41.148 98.028
181.730 161.770 40.270 95.938
179.532 163.844 39.411 93.892
177.477 161.276 39.411 93.892
175.935 160.762 39.411 93.892
176.527 158.696 40.283 95.969
170.125 165.499 39.424 93.923
167.556 168.582 39.424 93.923
166.015 168.068 39.424 93.923
166.015 163.445 39.424 93.923
163.960 159.335 39.424 93.923
162.933 156.766 39.424 93.923
158.309 158.821 39.424 93.923
155.227 159.849 39.424 93.923
154.200 159.335 39.424 93.923
152.145 159.335 39.424 93.923
152.145 159.849 39.424 93.923
150.681 155.213 40.297 96.001
154.885 142.076 40.297 96.001
158.038 135.770 40.297 96.001
162.767 135.770 40.297 96.001
165.920 134.194 40.297 96.001
163.818 135.770 40.297 96.001
165.920 138.923 40.297 96.001
169.599 142.076 40.297 96.001
163.373 146.795 41.188 98.125
163.991 151.082 42.099 100.296
161.246 154.376 42.099 100.296
163.442 158.768 42.099 100.296
165.639 160.415 42.099 100.296
167.734 154.896 41.202 98.157
173.009 153.794 40.323 96.064
176.162 151.166 40.323 96.064
180.796 151.140 39.463 94.015
184.392 155.249 39.463 94.015
188.923 160.875 38.622 92.010
192.862 166.392 37.798 90.048
196.799 171.313 37.798 90.048
200.736 175.743 37.798 90.048
205.166 179.188 37.798 90.048
210.579 184.602 37.798 90.048
215.501 187.554 37.798 90.048
218.946 191.492 37.798 90.048
221.407 195.429 37.798 90.048
224.360 199.858 37.798 90.048
225.418 200.339 38.634 92.040
226.930 203.362 38.634 92.040
228.442 205.378 38.634 92.040
230.457 203.362 38.634 92.040
231.969 202.354 38.634 92.040
232.473 201.347 38.634 92.040
232.977 199.835 38.634 92.040
231.465 198.827 38.634 92.040
231.038 194.785 39.489 94.077
229.054 191.682 40.363 96.158
225.455 192.720 41.256 98.286
226.529 195.943 41.256 98.286
226.073 197.005 42.168 100.460
223.777 201.920 41.269 98.318
222.068 206.191 40.389 96.221
219.958 204.082 40.389 96.221
217.752 206.162 39.528 94.169
217.142 207.167 38.685 92.161
219.158 205.151 38.685 92.161
218.654 206.663 38.685 92.161
218.562 205.126 37.860 90.196
220.045 203.643 37.860 90.196
216.586 201.667 37.860 90.196
213.621 202.161 37.860 90.196
214.115 201.667 37.860 90.196
212.633 199.196 37.860 90.196
211.150 195.737 37.860 90.196
210.656 201.173 37.860 90.196
208.680 204.632 37.860 90.196
208.261 201.163 38.698 92.191
140.307 196.616 39.554 94.231
136.088 198.652 38.710 92.221
137.509 201.147 37.885 90.255
141.537 196.196 38.723 92.252
141.446 198.187 37.897 90.284
143.826 196.185 37.089 88.359
144.795 199.091 37.089 88.359
144.384 201.019 37.910 90.314
146.361 203.984 37.910 90.314
145.867 207.443 37.910 90.314
146.361 210.902 37.910 90.314
147.843 206.455 37.910 90.314
149.326 207.443 37.910 90.314
151.302 208.925 37.910 90.314
153.773 204.478 37.910 90.314
155.659 207.418 37.101 88.388
153.722 210.324 37.101 88.388
148.395 221.463 37.101 88.388
145.489 228.243 37.101 88.388
146.457 231.149 37.101 88.388
147.015 231.624 37.922 90.344
212.314 210.366 38.761 92.342
218.797 209.327 37.934 90.373
222.167 209.302 37.125 88.446
224.588 208.334 37.125 88.446
223.620 206.397 37.125 88.446
226.041 202.038 37.125 88.446
225.073 202.522 37.125 88.446
227.010 199.132 37.125 88.446
228.463 195.742 37.125 88.446
228.947 191.383 37.125 88.446
