262.000 94.000 16.000 26.000
261.835 92.518 16.000 26.000
261.176 91.200 16.000 26.000
260.682 91.035 16.000 26.000
259.200 89.882 16.000 26.000
258.706 89.059 16.000 26.000
256.235 87.741 16.000 26.000
254.753 85.765 16.000 26.000
253.435 84.282 16.000 26.000
252.447 81.812 16.000 26.000
251.953 79.341 16.000 26.000
250.635 78.518 16.000 26.000
248.329 75.553 16.000 26.000
248.000 74.565 16.000 26.000
245.529 72.918 16.000 26.000
244.035 72.136 16.354 26.575
243.023 70.618 16.354 26.575
242.180 68.932 16.354 26.575
240.325 67.077 16.354 26.575
238.470 66.571 16.354 26.575
236.097 64.760 16.716 27.163
234.889 63.777 17.086 27.764
232.431 61.550 17.464 28.378
230.810 60.344 17.850 29.006
229.898 58.885 17.850 29.006
229.701 57.835 18.245 29.648
229.499 54.713 18.649 30.304
228.923 53.560 18.649 30.304
228.332 50.534 19.061 30.975
226.945 49.407 19.483 31.660
225.129 46.457 19.914 32.360
223.481 45.283 20.355 33.076
221.174 42.346 20.355 33.076
220.964 41.507 20.355 33.076
218.850 39.043 20.805 33.808
217.124 36.318 21.265 34.556
216.036 34.794 21.265 34.556
213.624 32.018 21.736 35.321
212.713 30.733 22.217 36.102
209.283 27.377 22.708 36.901
207.399 26.269 23.211 37.717
205.244 24.428 23.724 38.552
205.487 24.185 23.724 38.552
205.001 24.185 23.724 38.552
203.766 23.272 24.249 39.405
203.746 21.342 24.786 40.277
204.256 20.322 24.786 40.277
204.766 19.813 24.786 40.277
205.786 18.793 24.786 40.277
207.060 18.793 24.786 40.277
208.844 19.558 24.786 40.277
209.080 18.602 25.334 41.168
209.862 18.602 25.334 41.168
210.384 18.342 25.334 41.168
211.688 17.559 25.334 41.168
213.253 15.734 25.334 41.168
215.339 14.169 25.334 41.168
216.363 15.018 25.895 42.079
217.676 13.485 26.467 43.010
219.564 13.555 27.053 43.961
222.070 15.225 27.053 43.961
222.884 16.410 27.652 44.934
225.990 22.452 28.263 45.928
234.406 45.958 28.263 45.928
237.308 56.695 28.263 45.928
247.152 67.795 28.889 46.944
266.397 66.906 28.889 46.944
275.575 56.248 28.889 46.944
280.016 45.589 28.889 46.944
300.446 5.914 28.889 46.944
312.289 -3.856 28.889 46.944
322.060 -11.258 28.889 46.944
328.277 -10.666 28.889 46.944
338.640 2.361 28.889 46.944
342.193 5.026 28.889 46.944
363.214 29.008 28.889 46.944
375.946 35.226 28.889 46.944
386.605 41.740 28.889 46.944
391.934 56.248 28.889 46.944
398.756 67.999 28.273 45.943
403.979 78.736 28.273 45.943
403.979 94.117 28.273 45.943
406.011 100.211 28.273 45.943
413.567 103.893 27.670 44.963
422.960 104.372 27.080 44.004
425.723 105.556 27.679 44.978
426.839 102.500 28.291 45.973
433.525 98.057 27.688 44.993
435.799 96.635 27.688 44.993
436.947 96.262 27.097 44.033
438.907 95.618 26.520 43.094
438.089 94.255 26.520 43.094
439.725 89.349 26.520 43.094
441.370 87.628 25.954 42.175
441.903 85.495 25.954 42.175
441.370 86.295 25.954 42.175
441.103 87.895 25.954 42.175
440.303 90.828 25.954 42.175
440.037 92.161 25.954 42.175
439.237 93.761 25.954 42.175
438.437 94.295 25.954 42.175
438.170 94.828 25.954 42.175
436.047 96.078 25.401 41.276
434.743 97.382 25.401 41.276
434.723 98.229 25.963 42.189
432.856 100.362 25.963 42.189
433.123 101.162 25.963 42.189
431.789 101.429 25.963 42.189
430.723 99.829 25.963 42.189
429.923 100.096 25.963 42.189
427.789 101.429 25.963 42.189
428.323 101.429 25.963 42.189
427.789 102.762 25.963 42.189
425.656 104.096 25.963 42.189
424.856 105.162 25.963 42.189
423.256 107.296 25.963 42.189
422.723 108.629 25.963 42.189
421.102 108.962 26.537 43.123
420.809 109.030 27.124 44.077
419.416 110.144 27.124 44.077
419.673 109.935 27.724 45.052
420.219 110.574 28.338 46.049
421.067 112.096 28.965 47.067
420.173 116.566 28.965 47.067
420.173 119.547 28.965 47.067
420.746 119.324 29.605 48.109
420.115 119.096 30.260 49.173
419.470 118.242 30.930 50.261
419.446 117.368 31.614 51.373
418.152 117.692 31.614 51.373
417.478 116.476 32.314 52.510
461.193 144.725 33.029 53.672
463.568 145.403 33.029 53.672
465.264 146.082 33.029 53.672
464.586 145.743 33.029 53.672
464.925 145.403 33.029 53.672
465.943 146.421 33.029 53.672
464.925 146.082 33.029 53.672
465.916 144.810 33.759 54.859
467.652 145.504 33.759 54.859
464.528 145.504 33.759 54.859
465.222 145.504 33.759 54.859
