450.000 91.000 31.000 37.000
446.533 96.333 31.000 37.000
443.067 100.867 31.000 37.000
440.667 104.067 31.000 37.000
434.267 109.400 31.000 37.000
430.800 114.467 31.000 37.000
424.731 117.261 30.339 36.211
419.962 118.165 31.010 37.012
412.685 114.822 31.696 37.831
411.933 113.590 31.020 37.024
409.000 114.923 31.020 37.024
406.333 116.523 31.020 37.024
404.466 116.790 31.020 37.024
402.130 118.251 30.359 36.235
401.079 120.879 30.359 36.235
397.926 124.032 30.359 36.235
399.766 124.294 30.359 36.235
400.218 124.945 31.031 37.036
399.412 127.631 31.031 37.036
395.176 137.428 30.369 36.247
396.227 142.683 30.369 36.247
398.329 147.675 30.369 36.247
395.629 153.317 31.041 37.049
390.793 158.152 31.041 37.049
364.737 193.880 31.041 37.049
380.317 195.491 31.041 37.049
375.007 186.216 30.379 36.258
366.599 175.969 30.379 36.258
365.022 166.773 30.379 36.258
379.535 138.783 29.731 35.485
377.480 137.499 29.731 35.485
379.278 135.957 29.731 35.485
379.791 134.159 29.731 35.485
381.589 135.444 29.731 35.485
381.076 136.728 29.731 35.485
382.163 142.500 29.097 34.729
380.466 143.624 28.476 33.988
381.201 146.320 28.476 33.988
385.858 152.937 28.476 33.988
412.328 185.535 28.476 33.988
404.054 193.986 27.869 33.263
371.428 195.306 28.486 33.999
370.447 190.159 28.486 33.999
361.192 181.453 27.878 33.274
352.028 172.288 27.878 33.274
376.442 150.937 27.284 32.564
377.854 149.526 27.284 32.564
377.619 150.702 27.284 32.564
378.090 149.526 27.284 32.564
376.207 149.996 27.284 32.564
377.854 151.173 27.284 32.564
379.501 152.584 27.284 32.564
379.737 154.702 27.284 32.564
381.675 160.696 26.702 31.870
385.116 168.038 26.702 31.870
387.180 172.167 26.702 31.870
391.244 170.897 27.293 32.575
392.824 172.183 27.897 33.296
396.981 204.615 27.302 32.586
400.443 194.843 27.906 33.307
382.894 167.463 27.311 32.596
382.188 165.580 27.311 32.596
383.835 164.639 27.311 32.596
386.894 162.992 27.311 32.596
387.364 163.698 27.311 32.596
383.768 166.396 27.915 33.318
385.939 164.225 27.915 33.318
387.318 166.992 28.532 34.055
388.059 169.957 28.532 34.055
388.364 176.744 27.924 33.329
394.634 182.773 27.924 33.329
419.958 214.849 27.924 33.329
412.240 220.638 27.924 33.329
401.387 222.567 27.924 33.329
402.593 216.296 27.924 33.329
403.799 209.302 27.924 33.329
390.775 181.085 27.924 33.329
389.328 180.602 27.924 33.329
388.902 181.922 27.328 32.618
388.432 180.275 27.328 32.618
387.961 179.334 27.328 32.618
386.785 181.217 27.328 32.618
385.194 182.741 26.746 31.922
385.888 183.898 26.746 31.922
386.119 184.360 26.746 31.922
386.582 185.980 26.746 31.922
385.888 187.831 26.746 31.922
386.351 191.996 26.746 31.922
384.731 191.070 26.746 31.922
383.397 190.716 26.175 31.242
385.201 192.295 26.175 31.242
383.848 190.716 26.175 31.242
382.999 192.628 25.617 30.575
383.442 193.736 25.617 30.575
381.005 193.957 25.617 30.575
380.835 194.727 25.071 29.923
380.024 195.261 24.536 29.285
380.074 196.209 24.013 28.661
379.499 196.722 23.501 28.049
378.287 197.126 23.501 28.049
376.671 198.338 23.501 28.049
376.873 197.530 23.501 28.049
378.085 197.732 23.501 28.049
376.873 197.934 23.501 28.049
375.661 197.126 23.501 28.049
376.267 197.732 23.501 28.049
373.180 196.412 24.021 28.670
372.189 197.757 23.509 28.059
372.036 196.642 23.007 27.460
370.451 196.642 23.007 27.460
369.706 195.747 22.517 26.875
369.318 195.359 22.517 26.875
367.183 194.388 22.517 26.875
369.901 195.359 22.517 26.875
369.318 194.971 22.517 26.875
367.377 195.553 22.517 26.875
366.018 194.582 22.517 26.875
365.870 194.092 22.036 26.302
364.203 193.802 21.567 25.741
363.458 192.312 21.567 25.741
364.017 190.636 21.567 25.741
363.644 189.332 21.567 25.741
361.968 187.283 21.567 25.741
360.664 186.538 21.567 25.741
360.105 186.351 21.567 25.741
359.732 185.047 21.567 25.741
358.429 185.979 21.567 25.741
356.379 185.420 21.567 25.741
355.634 184.488 21.567 25.741
356.193 185.979 21.567 25.741
349.860 185.234 21.567 25.741
353.585 181.136 21.567 25.741
353.958 176.292 21.567 25.741
355.262 177.783 21.567 25.741
358.242 176.665 21.567 25.741
354.889 175.361 21.567 25.741
355.262 175.920 21.567 25.741
355.262 174.057 21.567 25.741
354.517 171.263 21.567 25.741
355.448 172.008 21.567 25.741
354.330 171.077 21.567 25.741
355.448 172.753 21.567 25.741
356.752 173.685 21.567 25.741
357.683 174.616 21.567 25.741
353.772 187.096 21.567 25.741
338.311 167.165 21.567 25.741
343.527 156.547 21.567 25.741
341.291 155.802 21.567 25.741
339.242 157.106 21.567 25.741
337.566 156.734 21.567 25.741
340.360 156.920 21.567 25.741
358.429 163.253 21.567 25.741
352.095 150.773 21.567 25.741
341.664 154.871 21.567 25.741
339.056 158.038 21.567 25.741
353.213 156.920 21.567 25.741
354.703 156.175 21.567 25.741
358.242 156.547 21.567 25.741
357.870 157.106 21.567 25.741
382.644 169.773 21.567 25.741
371.840 182.439 21.567 25.741
355.634 186.910 21.567 25.741
371.654 211.685 21.567 25.741
387.115 190.449 21.567 25.741
388.232 186.351 21.567 25.741
384.134 186.351 21.567 25.741
385.811 187.283 21.567 25.741
385.997 185.979 21.567 25.741
386.183 186.351 21.567 25.741
386.556 185.420 21.567 25.741
387.115 185.606 21.567 25.741
387.487 185.792 21.567 25.741
386.370 185.234 21.567 25.741
386.370 184.861 21.567 25.741
389.536 185.979 21.567 25.741
391.399 185.420 21.567 25.741
391.027 185.420 21.567 25.741
391.585 185.234 21.567 25.741
389.164 183.930 21.567 25.741
387.115 187.283 21.567 25.741
385.625 188.214 21.567 25.741
360.425 169.674 22.044 26.310
359.474 168.533 22.044 26.310
359.139 168.053 21.574 25.749
358.952 167.122 21.574 25.749
357.879 166.465 21.114 25.200
358.243 165.553 21.114 25.200
358.608 164.276 21.114 25.200
357.514 162.818 21.114 25.200
359.155 163.729 21.114 25.200
358.790 161.906 21.114 25.200
360.563 163.268 21.581 25.758
362.425 164.945 21.581 25.758
362.097 164.474 21.120 25.208
361.410 163.467 20.670 24.671
361.589 163.110 20.670 24.671
362.879 161.588 20.229 24.145
362.530 160.367 20.229 24.145
362.181 158.447 20.229 24.145
360.611 157.226 20.229 24.145
362.007 156.877 20.229 24.145
360.303 158.181 19.798 23.630
361.838 158.522 19.798 23.630
363.032 159.034 19.798 23.630
362.521 158.011 19.798 23.630
363.715 156.646 19.798 23.630
362.009 154.599 19.798 23.630
358.938 155.452 19.798 23.630
359.149 153.145 19.376 23.126
360.816 148.812 19.376 23.126
359.649 146.145 19.376 23.126
359.268 144.556 19.804 23.637
357.774 142.249 19.382 23.133
356.440 140.916 19.382 23.133
360.607 142.416 19.382 23.133
361.147 142.829 18.969 22.640
360.171 141.690 18.969 22.640
361.473 141.527 18.969 22.640
361.310 140.713 18.969 22.640
360.822 139.900 18.969 22.640
361.024 139.165 18.564 22.157
361.828 138.039 18.564 22.157
361.024 135.145 18.564 22.157
360.739 134.095 18.168 21.685
360.896 132.213 18.168 21.685
362.308 130.330 18.168 21.685
360.619 128.679 17.781 21.222
360.925 127.608 17.781 21.222
361.843 126.691 17.781 21.222
360.350 125.694 17.402 20.770
360.536 125.160 17.031 20.327
360.717 124.789 16.667 19.893
361.147 124.073 16.667 19.893
362.149 123.500 16.667 19.893
362.864 123.644 16.667 19.893
362.435 122.785 16.667 19.893
363.437 122.069 16.667 19.893
362.721 122.212 16.667 19.893
361.004 122.642 16.667 19.893
361.576 122.069 16.667 19.893
362.578 120.065 16.667 19.893
363.007 118.204 16.667 19.893
360.002 114.626 16.667 19.893
361.468 112.548 16.312 19.469
359.491 109.724 16.312 19.469
358.220 121.865 16.312 19.469
356.950 121.018 16.312 19.469
358.112 118.826 15.964 19.054
357.563 117.042 15.964 19.054
338.994 102.145 16.317 19.475
335.357 108.282 15.969 19.060
338.925 114.870 15.969 19.060
337.690 119.811 15.969 19.060
341.768 122.757 16.323 19.482
349.109 119.369 16.323 19.482
352.639 111.887 16.323 19.482
358.003 100.028 16.323 19.482
354.898 100.592 16.323 19.482
355.745 100.451 16.323 19.482
359.698 88.028 16.323 19.482
363.509 82.239 16.323 19.482
379.603 77.016 16.323 19.482
387.260 69.741 15.975 19.066
396.044 64.251 15.975 19.066
405.136 59.925 15.634 18.660
410.038 52.547 15.300 18.262
421.862 47.555 15.300 18.262
433.160 46.110 15.300 18.262
444.063 45.322 15.300 18.262
453.391 46.110 15.300 18.262
462.193 48.475 15.300 18.262
474.311 58.523 14.974 17.872
480.523 59.299 14.974 17.872
487.123 62.146 14.974 17.872
488.287 61.758 14.974 17.872
492.718 61.301 14.655 17.491
497.517 69.896 14.342 17.118
502.053 77.736 14.660 17.497
506.542 87.609 14.347 17.124
508.642 93.538 14.347 17.124
510.277 103.727 14.041 16.759
512.223 110.899 14.041 16.759
514.654 121.354 14.041 16.759
516.721 130.228 14.041 16.759
519.666 142.078 13.742 16.401
518.725 152.313 13.742 16.401
519.985 160.249 14.046 16.764
526.185 172.285 14.046 16.764
534.237 182.918 13.746 16.407
528.943 194.683 13.746 16.407
539.060 203.036 13.746 16.407
544.354 213.036 13.746 16.407
553.060 220.801 13.746 16.407
557.178 228.330 13.746 16.407
550.707 243.977 13.746 16.407
551.296 250.448 13.746 16.407
553.296 258.448 13.746 16.407
546.237 271.742 13.746 16.407
554.501 278.152 13.453 16.057
556.815 282.432 13.453 16.057
563.524 284.746 13.453 16.057
569.887 286.944 13.453 16.057
572.691 290.123 13.166 15.714
575.535 291.374 13.166 15.714
576.071 293.589 13.457 16.062
574.914 295.787 13.457 16.062
576.303 296.596 13.457 16.062
582.665 296.828 13.457 16.062
581.509 296.018 13.457 16.062
566.122 300.530 13.457 16.062
567.076 301.626 13.170 15.720
559.001 300.830 13.170 15.720
554.452 301.626 13.170 15.720
548.083 301.626 13.170 15.720
542.934 300.088 13.462 16.067
539.695 300.782 13.462 16.067
536.687 299.857 13.462 16.067
537.497 304.484 13.462 16.067
529.167 295.576 13.462 16.067
526.622 293.494 13.462 16.067
526.044 291.064 13.462 16.067
522.832 288.459 13.175 15.725
519.762 286.298 13.175 15.725
518.397 284.479 13.175 15.725
518.852 281.408 13.175 15.725
517.942 277.655 13.175 15.725
516.122 292.667 13.175 15.725
515.126 291.925 12.894 15.389
507.749 293.266 12.894 15.389
507.079 293.490 12.894 15.389
505.849 292.707 12.894 15.389
506.520 288.572 12.894 15.389
509.984 284.548 12.894 15.389
510.655 284.660 12.894 15.389
502.273 282.201 12.894 15.389
500.820 278.178 12.894 15.389
500.175 275.660 12.619 15.061
498.967 273.573 12.619 15.061
497.430 267.754 12.619 15.061
496.002 253.040 12.619 15.061
494.355 245.793 12.619 15.061
495.124 246.671 12.619 15.061
495.563 248.428 12.619 15.061
496.442 249.856 12.619 15.061
496.771 250.844 12.619 15.061
499.955 251.942 12.619 15.061
500.724 253.150 12.619 15.061
502.042 254.358 12.619 15.061
503.579 256.773 12.619 15.061
505.006 257.322 12.619 15.061
505.885 258.201 12.619 15.061
506.763 259.299 12.619 15.061
507.422 260.177 12.619 15.061
508.630 261.165 12.619 15.061
510.606 261.714 12.619 15.061
510.606 259.299 12.619 15.061
509.728 261.495 12.619 15.061
513.900 265.558 12.619 15.061
514.230 264.020 12.619 15.061
512.912 264.240 12.619 15.061
513.791 263.911 12.619 15.061
515.657 264.569 12.619 15.061
519.610 266.656 12.619 15.061
521.696 267.534 12.619 15.061
523.673 268.193 12.619 15.061
525.759 270.169 12.619 15.061
527.845 271.487 12.619 15.061
530.042 272.695 12.619 15.061
532.238 275.111 12.619 15.061
534.653 277.746 12.619 15.061
537.179 280.271 12.619 15.061
539.924 283.236 12.619 15.061
542.340 285.432 12.619 15.061
545.963 287.628 12.619 15.061
546.402 289.824 12.619 15.061
548.269 291.362 12.619 15.061
548.708 293.558 12.619 15.061
552.551 294.875 12.619 15.061
555.077 296.962 12.619 15.061
555.626 297.950 12.619 15.061
558.371 300.365 12.619 15.061
559.579 303.879 12.619 15.061
561.885 306.954 12.619 15.061
562.763 309.699 12.619 15.061
563.751 313.432 12.619 15.061
562.983 316.397 12.619 15.061
564.740 320.569 12.619 15.061
564.300 323.754 12.619 15.061
564.630 327.487 12.619 15.061
564.300 331.111 12.619 15.061
562.324 335.283 12.619 15.061
564.849 340.993 12.619 15.061
562.104 343.848 12.619 15.061
556.614 348.240 12.619 15.061
552.442 352.303 12.619 15.061
546.622 356.695 12.619 15.061
546.402 357.683 12.619 15.061
550.465 356.914 12.619 15.061
548.379 359.660 12.619 15.061
542.669 364.271 12.619 15.061
531.469 368.664 12.619 15.061
523.453 374.703 12.619 15.061
511.924 383.926 12.619 15.061
497.071 386.066 12.898 15.394
505.118 400.930 12.898 15.394
505.006 407.189 12.898 15.394
504.894 408.195 12.898 15.394
504.782 408.642 12.898 15.394
