82.000 218.000 69.000 73.000
83.118 218.559 69.000 73.000
85.353 219.118 69.000 73.000
88.706 220.235 69.000 73.000
92.618 221.353 69.000 73.000
97.088 222.471 69.000 73.000
102.676 223.588 69.000 73.000
108.619 221.663 70.527 74.615
113.754 223.945 70.527 74.615
113.545 227.114 72.087 76.266
118.804 228.283 72.087 76.266
124.647 226.530 72.087 76.266
131.658 226.530 72.087 76.266
134.367 226.270 73.682 77.953
138.539 228.059 73.682 77.953
145.096 225.674 73.682 77.953
148.673 228.655 73.682 77.953
154.037 226.270 73.682 77.953
159.402 228.655 73.682 77.953
164.171 231.039 73.682 77.953
168.343 230.443 73.682 77.953
172.516 232.827 73.682 77.953
175.496 234.019 73.682 77.953
179.073 234.615 73.682 77.953
184.437 234.615 73.682 77.953
188.014 235.212 73.682 77.953
192.186 235.808 73.682 77.953
195.167 237.000 73.682 77.953
198.743 238.192 73.682 77.953
199.935 237.596 73.682 77.953
203.512 237.596 73.682 77.953
207.088 237.596 73.682 77.953
210.069 238.192 73.682 77.953
213.049 237.000 73.682 77.953
215.434 239.384 73.682 77.953
220.202 237.596 73.682 77.953
223.779 238.192 73.682 77.953
228.547 236.404 73.682 77.953
232.124 235.808 73.682 77.953
235.700 235.212 73.682 77.953
238.681 234.019 73.682 77.953
242.257 236.404 73.682 77.953
242.853 236.404 73.682 77.953
245.237 241.172 73.682 77.953
247.026 246.537 73.682 77.953
245.237 249.517 73.682 77.953
252.986 245.941 73.682 77.953
263.716 241.768 73.682 77.953
229.333 244.388 72.111 76.291
239.637 235.363 73.706 77.979
252.577 229.717 75.337 79.704
258.451 228.225 77.004 81.468
264.063 231.343 77.004 81.468
261.569 225.731 77.004 81.468
259.698 229.472 77.004 81.468
228.719 211.635 75.362 79.730
234.817 210.415 75.362 79.730
243.355 217.733 75.362 79.730
248.843 223.221 75.362 79.730
257.990 228.709 75.362 79.730
253.111 224.441 75.362 79.730
251.058 224.778 77.029 81.494
245.841 222.630 78.733 83.297
238.194 223.267 78.733 83.297
224.175 223.904 78.733 83.297
217.165 225.816 78.733 83.297
210.792 226.453 78.733 83.297
206.331 225.816 78.733 83.297
198.684 231.551 78.733 83.297
193.586 221.992 78.733 83.297
187.214 213.708 78.733 83.297
184.028 209.247 78.733 83.297
184.028 211.796 78.733 83.297
171.282 207.973 78.733 83.297
164.910 206.698 78.733 83.297
159.175 208.610 78.733 83.297
155.988 206.698 78.733 83.297
152.165 209.247 78.733 83.297
154.714 212.434 78.733 83.297
150.890 211.159 78.733 83.297
148.978 214.345 78.733 83.297
143.243 211.159 78.733 83.297
138.145 209.885 78.733 83.297
133.684 211.796 78.733 83.297
130.498 214.983 78.733 83.297
131.773 215.620 78.733 83.297
128.586 218.806 78.733 83.297
126.037 216.257 78.733 83.297
122.851 213.708 78.733 83.297
118.390 214.983 78.733 83.297
115.841 213.708 78.733 83.297
118.390 212.434 78.733 83.297
124.763 214.983 78.733 83.297
112.018 213.071 78.733 83.297
99.273 207.973 78.733 83.297
84.616 207.336 78.733 83.297
79.518 207.973 78.733 83.297
103.096 200.963 78.733 83.297
140.057 169.738 78.733 83.297
