197.000 203.000 170.000 149.000
190.100 202.607 173.761 152.297
193.947 206.454 173.761 152.297
209.335 207.736 173.761 152.297
224.723 206.454 173.761 152.297
234.982 206.454 173.761 152.297
249.088 203.889 173.761 152.297
264.476 205.171 173.761 152.297
260.629 196.195 173.761 152.297
227.288 180.807 173.761 152.297
187.535 175.677 173.761 152.297
159.323 178.242 173.761 152.297
149.064 173.112 173.761 152.297
163.170 169.265 173.761 152.297
193.947 175.677 173.761 152.297
241.394 183.371 173.761 152.297
291.406 187.218 173.761 152.297
309.359 193.630 173.761 152.297
283.712 198.760 173.761 152.297
231.778 195.792 177.606 155.666
181.930 197.104 177.606 155.666
157.007 191.857 177.606 155.666
153.072 180.051 177.606 155.666
164.148 175.152 173.818 152.347
175.707 172.584 173.818 152.347
188.550 172.584 173.818 152.347
200.109 173.868 173.818 152.347
210.383 181.574 173.818 152.347
218.089 198.270 173.818 152.347
218.089 227.809 173.818 152.347
229.648 257.348 173.818 152.347
238.638 265.054 173.818 152.347
229.648 252.211 173.818 152.347
216.805 239.368 173.818 152.347
197.540 225.240 173.818 152.347
187.265 198.270 173.818 152.347
192.403 176.437 173.818 152.347
202.677 184.142 173.818 152.347
223.795 216.590 170.111 149.098
245.162 237.957 170.111 149.098
255.217 244.241 170.111 149.098
251.446 235.443 170.111 149.098
237.621 205.279 170.111 149.098
206.199 175.114 170.111 149.098
167.236 170.086 170.111 149.098
132.044 175.114 170.111 149.098
120.732 188.939 170.111 149.098
128.274 202.765 170.111 149.098
139.585 201.508 170.111 149.098
160.952 198.994 170.111 149.098
188.603 198.994 170.111 149.098
208.713 202.765 170.111 149.098
231.336 219.104 170.111 149.098
257.731 237.957 170.111 149.098
276.583 245.498 170.111 149.098
282.868 244.241 170.111 149.098
264.015 234.186 170.111 149.098
209.970 207.792 170.111 149.098
160.952 185.169 170.111 149.098
172.264 188.939 170.111 149.098
212.483 186.426 170.111 149.098
235.107 183.912 170.111 149.098
256.474 195.224 170.111 149.098
268.342 205.612 166.484 145.918
272.031 224.053 166.484 145.918
265.884 248.641 166.484 145.918
251.131 260.935 166.484 145.918
248.672 264.623 166.484 145.918
249.901 256.017 166.484 145.918
232.689 244.953 166.484 145.918
209.331 241.264 166.484 145.918
199.495 235.117 166.484 145.918
206.872 226.512 166.484 145.918
220.941 220.691 162.933 142.806
226.961 208.652 162.933 142.806
223.349 179.758 162.933 142.806
232.980 156.883 162.933 142.806
249.835 159.291 162.933 142.806
261.874 184.573 162.933 142.806
265.486 217.079 162.933 142.806
265.486 249.585 162.933 142.806
252.243 268.848 162.933 142.806
220.941 264.032 162.933 142.806
189.639 238.750 162.933 142.806
165.561 212.263 162.933 142.806
157.133 186.981 162.933 142.806
164.357 173.738 162.933 142.806
177.600 180.961 162.933 142.806
188.435 208.652 162.933 142.806
192.047 239.954 162.933 142.806
192.047 266.440 162.933 142.806
189.639 264.032 162.933 142.806
198.067 253.197 162.933 142.806
211.310 232.730 162.933 142.806
227.494 210.174 159.459 139.761
226.318 214.880 159.459 139.761
215.729 221.939 159.459 139.761
214.553 212.527 159.459 139.761
201.612 200.763 159.459 139.761
178.082 183.116 159.459 139.761
161.612 177.233 159.459 139.761
173.376 185.469 159.459 139.761
211.023 200.763 159.459 139.761
238.082 211.351 159.459 139.761
236.906 226.645 159.459 139.761
213.376 243.116 159.459 139.761
168.671 252.527 159.459 139.761
131.023 245.469 159.459 139.761
121.612 217.233 159.459 139.761
133.376 192.527 159.459 139.761
161.612 186.645 159.459 139.761
205.141 196.057 159.459 139.761
235.729 206.645 159.459 139.761
240.435 200.763 159.459 139.761
234.553 188.998 159.459 139.761
212.200 174.880 159.459 139.761
181.612 164.292 159.459 139.761
165.141 171.351 159.459 139.761
161.612 168.998 159.459 139.761
179.259 151.351 159.459 139.761
227.494 143.116 159.459 139.761
276.906 137.233 159.459 139.761
291.023 133.704 159.459 139.761
281.612 133.704 159.459 139.761
253.376 140.763 159.459 139.761
216.906 165.469 159.459 139.761
192.200 196.057 159.459 139.761
186.318 212.527 159.459 139.761
188.671 214.880 159.459 139.761
198.082 199.586 159.459 139.761
214.553 179.586 159.459 139.761
231.023 165.469 159.459 139.761
232.200 164.292 159.459 139.761
232.200 174.880 159.459 139.761
215.729 181.939 159.459 139.761
191.023 171.351 159.459 139.761
168.671 150.174 159.459 139.761
152.200 138.410 159.459 139.761
129.847 141.939 159.459 139.761
121.612 161.939 159.459 139.761
145.141 172.527 159.459 139.761
174.553 170.174 159.459 139.761
214.553 161.939 159.459 139.761
249.847 165.469 159.459 139.761
272.200 181.939 159.459 139.761
272.200 193.704 159.459 139.761
253.376 200.763 159.459 139.761
231.023 200.763 159.459 139.761
203.965 198.410 159.459 139.761
165.141 201.939 159.459 139.761
146.318 199.586 159.459 139.761
162.788 193.704 159.459 139.761
191.023 181.939 159.459 139.761
207.494 154.880 159.459 139.761
212.200 125.469 159.459 139.761
227.494 114.880 159.459 139.761
248.671 123.116 159.459 139.761
256.906 147.821 159.459 139.761
265.141 165.469 159.459 139.761
268.671 170.174 159.459 139.761
269.847 168.998 159.459 139.761
267.494 172.527 159.459 139.761
259.259 178.410 159.459 139.761
238.082 196.057 159.459 139.761
218.082 217.233 159.459 139.761
215.729 224.292 159.459 139.761
225.141 213.704 159.459 139.761
232.200 190.174 159.459 139.761
236.906 173.704 159.459 139.761
247.494 165.469 159.459 139.761
259.259 170.174 159.459 139.761
261.612 181.939 159.459 139.761
248.671 193.704 159.459 139.761
222.788 208.998 159.459 139.761
211.547 223.429 156.058 136.781
202.324 226.888 156.058 136.781
193.611 230.652 152.730 133.864
196.994 222.760 152.730 133.864
216.160 200.211 152.730 133.864
247.729 181.045 152.730 133.864
289.445 170.898 152.730 133.864
309.739 166.388 152.730 133.864
297.337 173.152 152.730 133.864
265.768 179.917 152.730 133.864
217.853 181.819 156.110 136.825
171.735 188.736 156.110 136.825
155.594 197.960 156.110 136.825
161.359 203.725 156.110 136.825
187.877 197.960 156.110 136.825
215.547 179.513 156.110 136.825
238.606 163.372 156.110 136.825
267.430 162.219 156.110 136.825
298.559 166.830 156.110 136.825
321.618 173.748 156.110 136.825
312.394 179.513 156.110 136.825
263.971 174.901 156.110 136.825
201.712 167.983 156.110 136.825
167.124 166.830 156.110 136.825
176.347 164.525 156.110 136.825
205.750 159.552 159.563 139.853
211.642 152.481 159.563 139.853
208.106 156.017 159.563 139.853
212.820 185.478 159.563 139.853
229.318 233.793 159.563 139.853
244.638 275.038 159.563 139.853
249.352 297.429 159.563 139.853
245.816 296.250 159.563 139.853
234.032 267.968 159.563 139.853
219.891 236.150 159.563 139.853
206.928 209.046 159.563 139.853
211.642 192.548 159.563 139.853
237.567 189.013 159.563 139.853
269.385 190.191 159.563 139.853
290.597 197.262 159.563 139.853
294.132 205.511 159.563 139.853
285.883 214.938 159.563 139.853
267.028 225.544 159.563 139.853
250.530 232.615 159.563 139.853
246.995 224.366 159.563 139.853
235.210 211.403 159.563 139.853
221.069 199.619 159.563 139.853
206.928 179.585 159.563 139.853
199.857 159.552 159.563 139.853
210.463 157.195 159.563 139.853
241.103 166.623 159.563 139.853
255.244 183.121 159.563 139.853
263.493 210.225 159.563 139.853
275.277 236.150 159.563 139.853
270.563 257.362 159.563 139.853
251.708 267.968 159.563 139.853
228.140 270.325 159.563 139.853
206.928 260.897 159.563 139.853
196.322 245.578 159.563 139.853
197.501 216.117 159.563 139.853
206.928 187.834 159.563 139.853
219.891 153.660 159.563 139.853
246.995 123.021 159.563 139.853
271.742 123.021 159.563 139.853
283.526 132.448 159.563 139.853
294.132 141.876 159.563 139.853
297.667 158.374 159.563 139.853
288.240 178.407 159.563 139.853
275.277 199.619 159.563 139.853
257.601 218.474 159.563 139.853
235.210 232.615 159.563 139.853
215.177 236.150 159.563 139.853
190.430 227.901 159.563 139.853
159.791 209.046 159.563 139.853
152.720 193.727 159.563 139.853
181.003 178.407 159.563 139.853
212.820 163.087 159.563 139.853
230.497 156.017 159.563 139.853
244.638 167.801 159.563 139.853
245.816 184.299 159.563 139.853
229.318 194.905 159.563 139.853
209.285 198.440 159.563 139.853
209.808 202.288 156.161 136.870
236.904 198.468 159.616 139.899
267.543 193.755 159.616 139.899
276.971 179.613 159.616 139.899
289.933 166.651 159.616 139.899
306.431 158.402 159.616 139.899
314.680 152.510 159.616 139.899
301.130 162.746 163.147 142.994
263.809 180.805 163.147 142.994
237.322 196.456 163.147 142.994
238.526 202.476 163.147 142.994
233.711 201.272 163.147 142.994
213.244 202.476 163.147 142.994
200.001 206.087 163.147 142.994
210.836 207.291 163.147 142.994
250.566 201.272 163.147 142.994
309.558 194.048 163.147 142.994
363.734 189.233 163.147 142.994
402.260 188.029 163.147 142.994
397.444 191.640 163.147 142.994
352.899 194.048 163.147 142.994
289.091 196.456 163.147 142.994
242.138 206.087 163.147 142.994
215.652 210.903 163.147 142.994
212.040 212.107 163.147 142.994
214.448 207.291 163.147 142.994
207.224 201.272 163.147 142.994
210.836 195.252 163.147 142.994
227.691 194.048 163.147 142.994
257.789 196.456 163.147 142.994
291.499 202.476 163.147 142.994
302.334 196.456 163.147 142.994
292.703 194.048 163.147 142.994
271.032 195.252 163.147 142.994
222.875 188.029 163.147 142.994
174.118 164.776 166.757 146.158
144.565 145.074 166.757 146.158
155.647 121.678 166.757 146.158
163.035 104.439 166.757 146.158
149.490 117.984 166.757 146.158
135.332 160.697 170.446 149.391
124.002 207.273 170.446 149.391
129.038 238.744 170.446 149.391
137.849 251.332 170.446 149.391
140.367 243.779 170.446 149.391
144.143 245.038 170.446 149.391
152.955 245.038 170.446 149.391
170.579 221.120 170.446 149.391
183.167 189.649 170.446 149.391
189.461 163.214 170.446 149.391
199.532 161.955 170.446 149.391
213.379 179.579 170.446 149.391
222.191 198.461 170.446 149.391
215.896 200.979 170.446 149.391
207.085 180.838 170.446 149.391
207.085 154.402 170.446 149.391
220.932 140.555 170.446 149.391
231.002 126.708 170.446 149.391
219.673 114.120 170.446 149.391
213.379 112.861 170.446 149.391
220.932 105.308 170.446 149.391
224.708 92.720 170.446 149.391
215.896 120.414 170.446 149.391
207.085 184.614 170.446 149.391
210.861 228.673 170.446 149.391
213.379 234.967 170.446 149.391
212.120 227.414 170.446 149.391
204.567 213.567 170.446 149.391
205.826 197.202 170.446 149.391
203.308 169.508 170.446 149.391
204.567 141.814 170.446 149.391
213.379 131.744 170.446 149.391
233.520 134.261 170.446 149.391
259.955 134.261 170.446 149.391
282.614 129.226 170.446 149.391
283.873 130.485 170.446 149.391
277.579 136.779 170.446 149.391
275.061 146.849 170.446 149.391
263.732 151.885 170.446 149.391
237.296 159.438 170.446 149.391
203.308 184.614 170.446 149.391
184.426 209.791 170.446 149.391
179.391 221.120 170.446 149.391
183.167 224.897 170.446 149.391
175.614 218.602 170.446 149.391
171.838 202.238 170.446 149.391
175.614 197.202 170.446 149.391
185.685 202.238 170.446 149.391
207.085 206.014 170.446 149.391
236.038 199.720 170.446 149.391
277.579 190.908 170.446 149.391
319.120 184.614 170.446 149.391
338.002 174.544 170.446 149.391
329.191 164.473 170.446 149.391
301.496 159.438 170.446 149.391
262.473 161.955 170.446 149.391
222.191 155.661 170.446 149.391
203.308 158.179 170.446 149.391
193.238 160.697 170.446 149.391
183.167 159.438 170.446 149.391
171.838 166.991 170.446 149.391
171.838 174.544 170.446 149.391
186.943 174.544 170.446 149.391
211.493 162.820 174.218 152.697
239.791 152.530 174.218 152.697
268.089 151.244 174.218 152.697
292.528 138.381 174.218 152.697
296.387 120.373 174.218 152.697
280.952 119.087 174.218 152.697
265.517 128.091 174.218 152.697
269.376 153.816 174.218 152.697
266.803 184.687 174.218 152.697
253.940 221.989 174.218 152.697
244.295 243.453 178.072 156.075
231.138 236.874 178.072 156.075
220.613 223.717 178.072 156.075
216.666 210.561 178.072 156.075
217.982 198.719 178.072 156.075
214.035 186.878 178.072 156.075
208.772 175.037 178.072 156.075
203.509 161.880 178.072 156.075
198.908 162.785 182.012 159.528
202.937 182.932 182.012 159.528
215.025 205.765 182.012 159.528
