400.000 48.000 87.000 319.000
395.406 52.594 87.000 319.000
378.561 54.125 87.000 319.000
346.402 60.251 87.000 319.000
306.586 66.376 87.000 319.000
265.239 72.502 87.000 319.000
226.955 78.627 87.000 319.000
200.922 90.878 87.000 319.000
182.545 106.192 87.000 319.000
176.420 119.975 87.000 319.000
177.951 129.163 87.000 319.000
185.608 130.694 87.000 319.000
194.796 132.225 87.000 319.000
216.235 126.100 87.000 319.000
249.925 118.443 87.000 319.000
285.147 109.255 87.000 319.000
308.118 103.129 87.000 319.000
328.025 97.004 87.000 319.000
350.996 93.941 87.000 319.000
375.498 92.410 87.000 319.000
393.875 89.347 87.000 319.000
406.125 87.816 87.000 319.000
409.188 87.816 87.000 319.000
409.188 81.690 87.000 319.000
406.125 81.690 87.000 319.000
403.063 81.690 87.000 319.000
403.063 80.159 87.000 319.000
400.569 79.693 88.925 326.058
394.891 85.474 90.892 333.272
390.091 96.674 90.892 333.272
386.891 109.474 90.892 333.272
383.691 122.274 90.892 333.272
373.086 112.187 92.903 340.646
366.544 104.011 92.903 340.646
379.627 94.199 92.903 340.646
404.156 102.375 92.903 340.646
422.752 105.148 94.959 348.182
468.533 109.659 97.060 355.886
520.463 109.142 99.207 363.760
514.124 101.623 101.402 371.808
485.544 114.127 101.402 371.808
451.605 110.555 101.402 371.808
426.597 105.196 101.402 371.808
414.093 98.051 101.402 371.808
399.803 99.837 101.402 371.808
390.871 117.700 101.402 371.808
380.154 123.059 101.402 371.808
374.795 124.845 101.402 371.808
378.368 126.631 101.402 371.808
387.299 124.845 101.402 371.808
399.803 119.486 101.402 371.808
435.528 114.127 101.402 371.808
471.918 108.228 103.646 380.034
479.220 110.053 103.646 380.034
477.395 100.926 103.646 380.034
471.918 82.671 103.646 380.034
470.093 58.940 103.646 380.034
448.187 40.685 103.646 380.034
408.026 49.812 103.646 380.034
387.946 33.383 103.646 380.034
378.818 42.510 103.646 380.034
376.993 51.638 103.646 380.034
362.389 64.416 103.646 380.034
345.959 75.369 103.646 380.034
343.414 61.166 101.435 371.930
338.055 73.670 101.435 371.930
307.688 79.029 101.435 371.930
266.604 68.312 101.435 371.930
246.250 59.773 99.272 363.998
254.985 52.785 99.272 363.998
286.432 40.556 99.272 363.998
297.973 28.713 97.155 356.236
288.750 42.771 95.083 348.639
283.727 51.143 95.083 348.639
298.798 41.096 95.083 348.639
302.147 51.143 95.083 348.639
286.415 63.233 93.056 341.204
271.015 70.150 91.071 333.928
273.590 75.314 89.129 326.807
279.865 76.883 89.129 326.807
284.571 70.608 89.129 326.807
286.139 73.746 89.129 326.807
279.865 58.059 89.129 326.807
273.590 48.648 89.129 326.807
256.335 58.059 89.129 326.807
240.649 64.334 89.129 326.807
242.218 56.491 89.129 326.807
242.218 45.510 89.129 326.807
223.394 39.236 89.129 326.807
229.669 54.922 89.129 326.807
262.610 64.334 89.129 326.807
297.120 75.314 89.129 326.807
303.394 81.589 89.129 326.807
286.139 86.295 89.129 326.807
254.767 92.569 89.129 326.807
235.943 98.844 89.129 326.807
223.394 108.255 89.129 326.807
226.531 119.236 89.129 326.807
240.649 127.079 89.129 326.807
278.296 133.353 89.129 326.807
309.669 116.098 89.129 326.807
326.305 100.760 87.228 319.838
337.052 86.942 87.228 319.838
340.123 56.236 87.228 319.838
329.376 37.813 87.228 319.838
298.670 19.389 87.228 319.838
266.429 5.571 87.228 319.838
209.623 14.783 87.228 319.838
175.847 22.460 87.228 319.838
235.723 27.065 87.228 319.838
267.964 34.742 87.228 319.838
269.499 43.954 87.228 319.838
272.570 53.165 87.228 319.838
281.782 63.913 87.228 319.838
289.458 77.730 87.228 319.838
295.599 91.548 87.228 319.838
257.217 82.336 87.228 319.838
240.329 99.224 87.228 319.838
272.570 94.618 87.228 319.838
325.700 84.211 85.368 313.017
325.700 91.731 85.368 313.017
326.610 98.076 83.548 306.342
339.846 84.841 83.548 306.342
340.737 92.519 81.766 299.809
307.635 98.276 81.766 299.809
288.925 86.762 81.766 299.809
301.878 91.080 81.766 299.809
334.980 95.397 81.766 299.809
333.540 99.715 81.766 299.809
314.831 105.472 81.766 299.809
306.195 108.350 81.766 299.809
286.046 112.668 81.766 299.809
252.944 119.864 81.766 299.809
222.721 125.621 81.766 299.809
199.693 128.499 81.766 299.809
182.423 131.378 81.766 299.809
189.052 130.257 80.022 293.416
211.608 126.028 80.022 293.416
244.034 131.667 80.022 293.416
275.903 120.697 78.316 287.158
302.093 122.076 78.316 287.158
332.419 109.670 78.316 287.158
343.446 98.642 78.316 287.158
332.419 90.372 78.316 287.158
300.171 85.163 76.646 281.035
261.050 74.371 76.646 281.035
211.136 70.324 76.646 281.035
178.759 75.720 76.646 281.035
162.571 81.116 76.646 281.035
167.967 87.861 76.646 281.035
184.156 94.606 76.646 281.035
205.740 101.351 76.646 281.035
225.975 106.747 76.646 281.035
251.607 110.794 76.646 281.035
265.097 112.143 76.646 281.035
265.097 104.049 76.646 281.035
259.701 106.747 76.646 281.035
261.050 109.445 76.646 281.035
277.238 114.842 76.646 281.035
316.359 102.700 76.646 281.035
348.736 91.908 76.646 281.035
360.877 98.653 76.646 281.035
366.273 86.512 76.646 281.035
355.481 75.720 76.646 281.035
328.501 83.814 76.646 281.035
296.124 70.324 76.646 281.035
252.956 75.720 76.646 281.035
217.881 83.814 76.646 281.035
216.532 89.210 76.646 281.035
232.720 94.606 76.646 281.035
230.022 101.351 76.646 281.035
227.324 108.096 76.646 281.035
232.720 114.842 76.646 281.035
223.277 116.191 76.646 281.035
198.995 110.794 76.646 281.035
172.014 106.747 76.646 281.035
169.316 108.096 76.646 281.035
181.457 113.492 76.646 281.035
209.787 106.747 76.646 281.035
235.418 100.002 76.646 281.035
250.257 105.398 76.646 281.035
257.003 108.096 76.646 281.035
270.493 109.445 76.646 281.035
278.587 101.351 76.646 281.035
261.050 106.747 76.646 281.035
238.116 112.143 76.646 281.035
230.022 118.889 76.646 281.035
226.792 129.979 75.011 275.041
255.867 137.909 75.011 275.041
298.157 145.838 75.011 275.041
312.694 135.266 75.011 275.041
323.267 123.371 75.011 275.041
336.483 112.799 75.011 275.041
320.624 122.050 75.011 275.041
270.404 99.583 75.011 275.041
218.341 98.551 73.412 269.176
202.835 103.720 73.412 269.176
191.206 112.765 73.412 269.176
202.835 129.563 73.412 269.176
244.184 139.900 73.412 269.176
285.533 143.777 73.412 269.176
300.530 138.894 71.846 263.436
319.500 149.011 71.846 263.436
351.118 152.806 71.846 263.436
365.796 155.615 70.314 257.818
353.423 159.326 70.314 257.818
337.339 159.326 70.314 257.818
311.357 156.852 70.314 257.818
282.900 150.666 70.314 257.818
263.104 143.242 70.314 257.818
253.206 139.530 70.314 257.818
295.272 132.107 70.314 257.818
339.814 122.209 70.314 257.818
381.880 119.734 70.314 257.818
410.337 127.158 70.314 257.818
457.353 125.920 70.314 257.818
479.623 132.107 70.314 257.818
487.047 128.395 70.314 257.818
479.623 124.683 70.314 257.818
466.014 118.497 70.314 257.818
435.082 111.073 70.314 257.818
386.829 108.599 70.314 257.818
334.865 116.022 70.314 257.818
292.798 117.260 70.314 257.818
269.290 120.971 70.314 257.818
255.680 128.395 70.314 257.818
247.019 140.767 70.314 257.818
266.816 143.242 70.314 257.818
294.035 142.005 70.314 257.818
317.543 139.530 70.314 257.818
318.780 137.056 70.314 257.818
294.035 132.107 70.314 257.818
264.341 124.683 70.314 257.818
227.223 124.683 70.314 257.818
169.072 122.209 70.314 257.818
122.057 118.497 70.314 257.818
103.498 119.734 70.314 257.818
97.312 116.022 70.314 257.818
105.972 118.497 70.314 257.818
139.378 119.734 70.314 257.818
170.310 119.734 70.314 257.818
195.055 119.734 70.314 257.818
227.223 117.260 70.314 257.818
259.392 113.548 70.314 257.818
282.900 108.599 70.314 257.818
294.035 106.124 70.314 257.818
300.681 102.035 71.870 263.522
294.357 95.711 71.870 263.522
265.269 89.388 71.870 263.522
237.446 84.329 71.870 263.522
212.151 83.064 71.870 263.522
180.534 89.388 71.870 263.522
164.093 95.711 71.870 263.522
172.946 104.564 71.870 263.522
199.504 113.417 71.870 263.522
229.857 121.006 71.870 263.522
258.946 129.858 71.870 263.522
280.446 133.653 71.870 263.522
285.504 133.653 71.870 263.522
289.298 133.653 71.870 263.522
279.650 133.267 73.460 269.353
261.533 128.090 73.460 269.353
242.603 121.228 75.085 275.312
246.567 125.193 75.085 275.312
274.320 118.585 75.085 275.312
286.214 108.013 75.085 275.312
270.355 105.369 75.085 275.312
250.532 111.977 75.085 275.312
250.532 106.691 75.085 275.312
237.316 109.334 75.085 275.312
202.955 114.620 75.085 275.312
144.806 119.907 75.085 275.312
124.983 123.871 75.085 275.312
111.767 130.479 75.085 275.312
93.265 137.087 75.085 275.312
95.908 142.373 75.085 275.312
122.340 133.122 75.085 275.312
152.736 125.193 75.085 275.312
184.454 121.228 75.085 275.312
200.312 115.942 75.085 275.312
216.171 106.691 75.085 275.312
221.457 101.405 75.085 275.312
208.242 94.797 75.085 275.312
177.846 88.189 75.085 275.312
148.771 98.762 75.085 275.312
148.771 98.762 75.085 275.312
158.513 104.967 76.746 281.403
192.288 111.722 76.746 281.403
238.221 107.669 76.746 281.403
251.731 102.265 76.746 281.403
257.135 107.669 76.746 281.403
281.452 111.722 76.746 281.403
286.856 113.073 76.746 281.403
267.093 115.364 78.444 287.629
273.995 122.266 78.444 287.629
311.266 118.125 78.444 287.629
340.254 112.603 78.444 287.629
344.908 113.562 80.180 293.993
351.967 105.092 80.180 293.993
354.790 96.621 80.180 293.993
318.085 86.739 80.180 293.993
246.085 92.386 80.180 293.993
193.849 96.621 80.180 293.993
171.261 100.856 80.180 293.993
150.085 116.386 80.180 293.993
119.026 131.915 80.180 293.993
104.908 138.974 80.180 293.993
106.845 141.369 81.954 300.498
130.471 143.817 83.767 307.146
164.933 153.690 85.621 313.942
196.598 138.611 85.621 313.942
217.707 123.533 85.621 313.942
243.341 125.041 85.621 313.942
256.911 114.486 85.621 313.942
261.435 100.915 85.621 313.942
243.341 93.376 85.621 313.942
208.660 100.915 85.621 313.942
181.519 90.360 85.621 313.942
170.964 97.900 85.621 313.942
180.011 105.439 85.621 313.942
205.645 103.931 85.621 313.942
235.801 109.962 85.621 313.942
264.451 103.931 85.621 313.942
290.084 108.455 85.621 313.942
301.552 113.310 83.795 307.247
302.445 109.213 82.008 300.695
305.331 103.441 82.008 300.695
301.002 94.782 82.008 300.695
299.559 91.896 82.008 300.695
303.888 87.566 82.008 300.695
337.080 73.135 82.008 300.695
356.716 77.784 80.259 294.283
342.578 77.784 80.259 294.283
332.124 82.336 78.547 288.007
