228.000 236.000 80.000 64.000
229.133 234.867 80.000 64.000
232.533 237.133 80.000 64.000
233.667 244.500 80.000 64.000
232.533 253.567 80.000 64.000
228.567 256.400 80.000 64.000
226.867 247.333 80.000 64.000
227.433 231.467 80.000 64.000
226.300 227.500 80.000 64.000
224.600 241.100 80.000 64.000
221.767 260.933 80.000 64.000
221.448 266.459 81.770 65.416
224.919 250.263 81.770 65.416
230.125 227.704 81.770 65.416
231.282 218.449 81.770 65.416
233.595 231.174 81.770 65.416
241.367 240.284 83.579 66.863
250.842 231.402 83.579 66.863
249.065 214.821 83.579 66.863
234.854 211.268 83.579 66.863
207.022 214.821 83.579 66.863
184.520 229.033 83.579 66.863
199.324 239.100 83.579 66.863
230.708 246.206 83.579 66.863
236.630 249.759 83.579 66.863
215.312 249.759 83.579 66.863
191.626 241.468 83.579 66.863
170.901 236.731 83.579 66.863
166.163 238.508 83.579 66.863
181.559 242.653 83.579 66.863
201.101 234.362 83.579 66.863
204.061 221.927 83.579 66.863
195.179 219.559 83.579 66.863
194.587 226.664 83.579 66.863
206.430 226.664 83.579 66.863
216.497 220.743 83.579 66.863
214.128 216.598 83.579 66.863
206.430 222.519 83.579 66.863
207.022 245.021 83.579 66.863
214.128 269.300 83.579 66.863
217.681 271.668 83.579 66.863
209.391 263.378 83.579 66.863
193.995 262.786 83.579 66.863
183.336 271.076 83.579 66.863
183.336 276.406 83.579 66.863
197.548 276.406 83.579 66.863
211.759 279.959 83.579 66.863
217.089 285.880 83.579 66.863
217.681 278.774 83.579 66.863
219.457 261.010 83.579 66.863
231.893 242.653 83.579 66.863
247.289 240.876 83.579 66.863
262.093 252.127 83.579 66.863
257.023 254.940 85.428 68.343
233.470 250.109 85.428 68.343
209.917 239.842 85.428 68.343
200.254 235.615 85.428 68.343
207.502 237.427 85.428 68.343
214.749 245.882 85.428 68.343
228.035 248.901 85.428 68.343
237.094 237.427 85.428 68.343
238.302 224.140 85.428 68.343
233.470 223.537 85.428 68.343
240.113 222.933 85.428 68.343
258.231 217.497 85.428 68.343
278.160 214.478 85.428 68.343
284.200 221.121 85.428 68.343
279.972 238.031 85.428 68.343
263.929 246.937 87.318 69.855
253.429 244.467 87.318 69.855
262.076 232.114 87.318 69.855
270.105 222.231 87.318 69.855
274.429 220.996 87.318 69.855
277.517 208.026 87.318 69.855
264.547 184.555 87.318 69.855
241.076 172.820 87.318 69.855
215.135 170.349 87.318 69.855
202.782 169.731 87.318 69.855
208.958 169.114 87.318 69.855
218.841 162.320 87.318 69.855
224.400 154.908 87.318 69.855
229.958 166.026 87.318 69.855
228.723 184.555 87.318 69.855
224.400 198.143 87.318 69.855
219.110 204.782 89.250 71.400
207.745 202.257 89.250 71.400
189.436 192.786 89.250 71.400
183.753 181.421 89.250 71.400
196.381 162.480 89.250 71.400
216.585 168.794 89.250 71.400
238.683 200.994 89.250 71.400
246.259 231.300 89.250 71.400
243.102 246.453 89.250 71.400
235.526 238.245 89.250 71.400
225.424 222.461 89.250 71.400
222.267 209.833 89.250 71.400
225.424 209.833 89.250 71.400
229.843 211.096 89.250 71.400
238.051 207.939 89.250 71.400
240.577 195.312 89.250 71.400
226.331 191.996 91.225 72.980
214.074 202.963 91.225 72.980
219.235 217.800 91.225 72.980
251.489 223.606 91.225 72.980
281.164 212.639 91.225 72.980
279.229 203.608 91.225 72.980
254.070 206.834 91.225 72.980
228.911 217.800 91.225 72.980
215.692 218.578 89.280 71.424
212.535 205.951 89.280 71.424
211.272 195.218 89.280 71.424
216.954 197.743 89.280 71.424
218.848 209.108 89.280 71.424
246.629 219.210 89.280 71.424
283.248 222.998 89.280 71.424
290.194 215.421 89.280 71.424
270.621 203.425 89.280 71.424
214.429 192.692 89.280 71.424
150.981 188.403 87.376 69.901
131.216 185.932 87.376 69.901
142.951 185.932 87.376 69.901
160.863 186.550 87.376 69.901
166.422 184.079 87.376 69.901
176.618 184.207 85.512 68.410
194.189 175.724 85.512 68.410
209.942 178.754 85.512 68.410
217.212 192.083 85.512 68.410
221.454 201.172 85.512 68.410
226.907 201.172 85.512 68.410
231.148 194.507 85.512 68.410
237.207 193.901 85.512 68.410
234.783 202.989 85.512 68.410
234.783 207.230 85.512 68.410
254.171 208.442 85.512 68.410
274.165 221.772 85.512 68.410
282.042 247.824 85.512 68.410
280.224 267.213 85.512 68.410
278.407 282.360 85.512 68.410
279.618 289.630 85.512 68.410
277.801 279.330 85.512 68.410
280.224 269.636 85.512 68.410
281.436 258.124 85.512 68.410
277.195 230.254 85.512 68.410
282.308 199.809 87.404 69.923
276.749 198.574 87.404 69.923
264.396 230.691 87.404 69.923
253.278 272.074 87.404 69.923
250.808 299.868 87.404 69.923
248.337 298.015 87.404 69.923
239.072 265.279 87.404 69.923
226.719 257.250 87.404 69.923
221.161 263.426 87.404 69.923
219.925 254.162 87.404 69.923
219.308 238.103 87.404 69.923
223.014 231.309 87.404 69.923
232.278 232.544 87.404 69.923
237.837 222.662 87.404 69.923
232.896 197.338 87.404 69.923
225.484 169.544 87.404 69.923
224.866 167.074 87.404 69.923
231.661 177.574 87.404 69.923
242.778 187.456 87.404 69.923
246.484 188.074 87.404 69.923
234.749 188.074 87.404 69.923
213.749 189.926 87.404 69.923
191.514 183.132 87.404 69.923
185.955 175.103 87.404 69.923
201.396 160.279 87.404 69.923
216.837 139.897 87.404 69.923
211.278 122.603 87.404 69.923
207.572 123.221 87.404 69.923
207.572 142.368 87.404 69.923
214.366 149.779 87.404 69.923
227.955 142.985 87.404 69.923
233.514 144.221 87.404 69.923
232.896 150.397 87.404 69.923
231.043 170.779 87.404 69.923
224.249 196.721 87.404 69.923
213.445 216.613 85.540 68.432
209.204 215.401 85.540 68.432
208.598 196.013 85.540 68.432
198.904 160.266 85.540 68.432
184.969 116.643 85.540 68.432
185.575 106.343 85.540 68.432
194.057 124.519 85.540 68.432
209.810 149.360 85.540 68.432
230.070 158.297 87.433 69.946
246.799 158.917 87.433 69.946
244.321 150.242 87.433 69.946
241.223 142.807 87.433 69.946
246.180 152.101 87.433 69.946
244.940 162.635 87.433 69.946
235.646 165.113 87.433 69.946
231.309 174.407 87.433 69.946
232.548 185.560 87.433 69.946
235.646 184.941 87.433 69.946
243.082 183.082 87.433 69.946
248.658 175.027 87.433 69.946
248.038 160.156 87.433 69.946
241.223 173.168 87.433 69.946
235.959 222.863 85.568 68.455
243.229 259.822 85.568 68.455
254.135 270.728 85.568 68.455
265.647 276.180 85.568 68.455
256.559 261.033 85.568 68.455
243.229 242.857 85.568 68.455
245.653 252.551 85.568 68.455
259.588 269.516 85.568 68.455
264.701 269.364 87.462 69.969
262.842 258.211 87.462 69.969
252.928 245.819 87.462 69.969
245.493 237.764 87.462 69.969
251.069 233.427 87.462 69.969
264.081 217.317 87.462 69.969
265.940 192.533 87.462 69.969
259.744 185.717 87.462 69.969
257.885 206.164 87.462 69.969
262.222 229.090 87.462 69.969
258.504 229.709 87.462 69.969
246.112 217.317 87.462 69.969
231.242 208.643 87.462 69.969
221.328 223.513 87.462 69.969
228.144 255.733 87.462 69.969
239.916 272.462 87.462 69.969
244.253 255.113 87.462 69.969
230.622 217.937 87.462 69.969
225.665 208.023 87.462 69.969
250.450 217.937 87.462 69.969
282.982 223.640 85.597 68.477
294.494 206.069 85.597 68.477
272.682 180.016 85.597 68.477
232.694 172.140 85.597 68.477
195.735 183.652 85.597 68.477
178.164 193.346 85.597 68.477
177.559 181.228 85.597 68.477
181.194 165.475 85.597 68.477
199.370 163.052 85.597 68.477
233.906 161.234 85.597 68.477
258.747 153.357 85.597 68.477
258.747 153.357 85.597 68.477
241.483 162.570 83.771 67.017
217.797 161.386 83.771 67.017
197.663 171.452 83.771 67.017
189.373 190.401 83.771 67.017
182.267 205.797 83.771 67.017
163.318 206.982 83.771 67.017
142.001 192.770 83.771 67.017
143.185 173.821 83.771 67.017
169.240 180.335 83.771 67.017
193.518 205.797 83.771 67.017
200.032 230.076 83.771 67.017
196.780 240.265 81.985 65.588
185.172 229.237 81.985 65.588
176.180 220.651 80.236 64.189
178.454 227.474 80.236 64.189
193.807 232.592 80.236 64.189
229.062 231.454 80.236 64.189
268.866 220.651 80.236 64.189
297.866 201.886 80.236 64.189
293.886 204.160 80.236 64.189
270.572 223.494 80.236 64.189
257.494 232.023 80.236 64.189
251.239 220.082 80.236 64.189
236.454 196.768 80.236 64.189
214.847 183.121 80.236 64.189
192.670 183.690 80.236 64.189
194.376 206.435 80.236 64.189
227.356 240.553 80.236 64.189
251.807 256.474 80.236 64.189
243.278 246.239 80.236 64.189
219.964 227.474 80.236 64.189
202.337 218.945 80.236 64.189
209.729 228.611 80.236 64.189
244.415 251.925 80.236 64.189
275.371 256.901 82.012 65.609
282.335 242.972 82.012 65.609
266.084 224.980 82.012 65.609
242.288 209.889 82.012 65.609
238.226 200.603 82.012 65.609
264.343 209.309 82.012 65.609
283.750 218.450 83.826 67.061
266.577 210.160 83.826 67.061
240.522 192.395 83.826 67.061
239.338 188.842 83.826 67.061
263.326 187.781 82.039 65.631
279.577 184.879 82.039 65.631
271.451 175.592 82.039 65.631
253.459 165.726 82.039 65.631
250.557 170.369 82.039 65.631
255.200 181.977 82.039 65.631
261.004 181.396 82.039 65.631
273.773 169.208 82.039 65.631
287.122 169.789 82.039 65.631
299.310 190.683 82.039 65.631
304.534 210.416 82.039 65.631
296.989 210.996 82.039 65.631
292.926 201.710 82.039 65.631
279.577 195.326 82.039 65.631
231.404 197.647 82.039 65.631
193.098 210.996 82.039 65.631
204.126 210.416 82.039 65.631
229.663 191.263 82.039 65.631
245.334 182.557 82.039 65.631
240.110 182.557 82.039 65.631
223.279 191.263 82.039 65.631
230.824 208.675 82.039 65.631
263.326 216.800 82.039 65.631
288.283 199.389 82.039 65.631
304.534 180.236 82.039 65.631
305.114 166.306 82.039 65.631
285.381 173.851 82.039 65.631
279.577 202.871 82.039 65.631
301.632 226.087 82.039 65.631
326.008 210.416 82.039 65.631
337.036 185.459 82.039 65.631
326.589 181.977 82.039 65.631
306.855 191.843 82.039 65.631
294.087 201.710 82.039 65.631
295.247 204.032 82.039 65.631
296.408 197.647 82.039 65.631
290.604 193.585 82.039 65.631
286.542 187.781 82.039 65.631
285.961 186.040 82.039 65.631
280.738 186.040 82.039 65.631
269.710 187.200 82.039 65.631
265.647 191.843 82.039 65.631
267.389 195.326 82.039 65.631
265.320 200.984 83.854 67.083
265.320 202.766 83.854 67.083
279.579 211.678 83.854 67.083
294.432 221.184 83.854 67.083
289.979 229.029 82.065 65.652
274.889 224.386 82.065 65.652
265.022 215.099 82.065 65.652
269.085 215.680 82.065 65.652
285.336 222.644 82.065 65.652
281.854 223.805 82.065 65.652
234.556 219.862 80.315 64.252
220.340 213.607 80.315 64.252
232.530 202.092 82.092 65.674
240.075 200.351 82.092 65.674
246.755 201.632 80.342 64.273
250.166 202.201 80.342 64.273
247.323 208.455 80.342 64.273
243.062 211.415 78.628 62.903
257.265 209.302 76.952 61.561
259.991 209.302 76.952 61.561
246.909 208.757 76.952 61.561
252.360 200.580 76.952 61.561
261.865 190.087 78.654 62.923
251.285 182.291 78.654 62.923
247.073 179.925 80.394 64.315
252.439 187.174 82.173 65.738
259.427 196.492 82.173 65.738
252.439 197.074 82.173 65.738
232.895 187.029 83.991 67.193
223.389 170.988 83.991 67.193
