352.000 197.000 56.000 100.000
353.216 195.176 56.000 100.000
355.039 193.353 56.000 100.000
356.255 192.745 56.000 100.000
357.471 192.745 56.000 100.000
357.471 193.961 56.000 100.000
357.471 193.961 56.000 100.000
357.471 193.353 56.000 100.000
357.471 192.745 56.000 100.000
356.255 191.529 56.000 100.000
355.647 189.706 56.000 100.000
355.647 187.882 56.000 100.000
355.647 186.667 56.000 100.000
355.039 184.843 56.000 100.000
355.039 183.020 56.000 100.000
355.647 179.980 56.000 100.000
358.078 176.941 56.000 100.000
359.294 172.078 56.000 100.000
362.941 168.431 56.000 100.000
365.373 169.647 56.000 100.000
367.196 178.157 56.000 100.000
369.627 197.000 56.000 100.000
371.451 223.137 56.000 100.000
371.451 246.235 56.000 100.000
370.843 262.647 56.000 100.000
369.627 264.471 56.000 100.000
367.196 251.098 56.000 100.000
365.980 225.569 56.000 100.000
366.588 203.686 56.000 100.000
364.157 184.843 56.000 100.000
361.118 170.863 56.000 100.000
358.686 161.745 56.000 100.000
356.863 164.176 56.000 100.000
353.216 175.725 56.000 100.000
342.275 194.569 56.000 100.000
327.078 209.157 56.000 100.000
307.020 216.451 56.000 100.000
297.902 210.980 56.000 100.000
305.804 204.902 56.000 100.000
326.471 192.745 56.000 100.000
343.490 166.608 56.000 100.000
347.137 136.216 56.000 100.000
331.941 110.078 56.000 100.000
327.078 113.118 56.000 100.000
330.725 140.471 56.000 100.000
344.706 189.098 56.000 100.000
365.373 248.667 56.000 100.000
378.137 280.275 56.000 100.000
386.647 290.608 56.000 100.000
384.824 272.373 56.000 100.000
375.706 220.706 56.000 100.000
379.961 176.941 56.000 100.000
390.294 158.706 56.000 100.000
391.510 169.039 56.000 100.000
378.137 203.078 56.000 100.000
353.216 246.235 56.000 100.000
336.804 263.863 56.000 100.000
339.843 252.922 56.000 100.000
349.569 220.706 56.000 100.000
356.255 175.118 56.000 100.000
352.000 144.118 56.000 100.000
337.412 141.078 56.000 100.000
324.039 173.294 56.000 100.000
311.275 226.784 56.000 100.000
310.059 266.294 56.000 100.000
312.490 270.549 56.000 100.000
311.882 237.725 56.000 100.000
308.843 173.902 56.000 100.000
307.020 133.784 56.000 100.000
307.020 136.824 56.000 100.000
302.765 170.863 56.000 100.000
295.471 224.353 56.000 100.000
305.804 248.667 56.000 100.000
341.667 245.627 56.000 100.000
350.176 227.392 56.000 100.000
329.510 199.431 56.000 100.000
281.490 159.922 56.000 100.000
284.529 169.039 56.000 100.000
302.765 209.157 56.000 100.000
310.059 245.627 56.000 100.000
319.176 271.765 56.000 100.000
330.725 266.902 56.000 100.000
333.157 231.647 56.000 100.000
314.922 176.333 56.000 100.000
295.471 145.333 56.000 100.000
288.176 157.490 56.000 100.000
276.020 199.431 56.000 100.000
269.941 241.980 56.000 100.000
276.627 255.353 56.000 100.000
289.392 238.941 56.000 100.000
291.824 193.353 56.000 100.000
275.412 128.314 56.000 100.000
266.902 107.039 56.000 100.000
265.686 128.922 56.000 100.000
262.647 189.706 56.000 100.000
263.255 245.020 56.000 100.000
268.118 262.039 56.000 100.000
271.157 248.667 56.000 100.000
267.510 206.725 56.000 100.000
260.216 161.745 56.000 100.000
257.784 148.373 56.000 100.000
245.627 162.961 56.000 100.000
236.510 200.039 56.000 100.000
248.667 231.039 56.000 100.000
288.784 246.235 56.000 100.000
335.588 234.686 56.000 100.000
349.569 215.235 56.000 100.000
345.314 199.431 56.000 100.000
342.275 198.216 56.000 100.000
346.529 204.294 56.000 100.000
359.294 212.196 56.000 100.000
367.804 226.176 56.000 100.000
372.059 234.078 56.000 100.000
364.157 229.216 56.000 100.000
347.137 206.118 56.000 100.000
294.255 178.765 56.000 100.000
252.314 166.000 56.000 100.000
231.647 177.549 56.000 100.000
235.902 193.353 56.000 100.000
251.706 209.157 56.000 100.000
277.843 218.275 56.000 100.000
304.588 217.667 56.000 100.000
328.902 212.196 56.000 100.000
344.098 199.431 56.000 100.000
343.490 189.098 56.000 100.000
333.157 191.529 56.000 100.000
325.255 195.784 56.000 100.000
315.518 193.462 57.239 102.213
317.382 192.841 57.239 102.213
326.706 199.678 57.239 102.213
324.841 202.786 57.239 102.213
301.222 199.678 57.239 102.213
282.575 195.949 57.239 102.213
280.710 186.004 57.239 102.213
288.790 176.058 57.239 102.213
285.061 172.329 57.239 102.213
284.439 161.762 57.239 102.213
291.898 151.196 57.239 102.213
294.384 144.980 57.239 102.213
295.628 144.358 57.239 102.213
303.708 152.439 57.239 102.213
304.330 159.276 57.239 102.213
298.735 155.547 57.239 102.213
310.545 143.737 57.239 102.213
337.273 136.900 57.239 102.213
337.894 140.007 57.239 102.213
335.408 151.817 57.239 102.213
334.786 159.898 57.239 102.213
311.167 158.033 57.239 102.213
244.659 152.439 57.239 102.213
219.796 155.547 57.239 102.213
207.365 165.492 57.239 102.213
217.931 171.086 57.239 102.213
262.063 173.572 57.239 102.213
334.165 164.249 57.239 102.213
396.322 157.411 57.239 102.213
406.888 157.411 57.239 102.213
414.969 167.978 57.239 102.213
410.618 174.194 57.239 102.213
377.675 176.058 57.239 102.213
306.816 174.815 57.239 102.213
276.980 181.031 57.239 102.213
270.143 187.868 57.239 102.213
257.712 195.327 57.239 102.213
257.090 191.598 57.239 102.213
280.710 174.815 57.239 102.213
313.653 166.735 57.239 102.213
347.218 162.384 57.239 102.213
390.728 164.870 57.239 102.213
434.859 169.843 57.239 102.213
447.912 177.302 57.239 102.213
435.480 175.437 57.239 102.213
416.212 172.951 57.239 102.213
416.833 174.194 57.239 102.213
439.831 176.058 57.239 102.213
460.965 174.815 57.239 102.213
481.477 171.707 57.239 102.213
513.798 170.464 57.239 102.213
525.608 172.951 57.239 102.213
524.986 179.166 57.239 102.213
523.743 187.247 57.239 102.213
514.420 189.111 57.239 102.213
487.071 187.247 57.239 102.213
460.965 185.382 57.239 102.213
447.912 187.868 57.239 102.213
448.533 189.111 57.239 102.213
469.667 186.625 57.239 102.213
497.637 185.382 57.239 102.213
485.828 184.760 57.239 102.213
429.265 189.733 57.239 102.213
395.079 190.355 57.239 102.213
381.404 190.976 57.239 102.213
374.567 189.733 57.239 102.213
365.243 192.841 57.239 102.213
354.055 200.300 57.239 102.213
357.784 205.272 57.239 102.213
378.296 202.786 57.239 102.213
401.916 195.327 57.239 102.213
399.430 185.382 57.239 102.213
373.324 178.545 57.239 102.213
350.326 177.302 57.239 102.213
332.922 178.545 57.239 102.213
319.869 179.166 57.239 102.213
309.302 186.625 57.239 102.213
308.059 192.219 57.239 102.213
316.139 196.570 57.239 102.213
327.949 193.462 57.239 102.213
333.543 184.139 57.239 102.213
326.084 181.031 57.239 102.213
313.653 182.274 57.239 102.213
293.763 181.653 57.239 102.213
273.251 179.166 57.239 102.213
258.955 175.437 57.239 102.213
255.847 176.680 57.239 102.213
263.306 182.896 57.239 102.213
276.980 184.139 57.239 102.213
302.465 182.274 57.239 102.213
330.435 177.923 57.239 102.213
336.651 176.680 57.239 102.213
324.220 179.166 57.239 102.213
301.222 186.625 57.239 102.213
282.575 186.625 57.239 102.213
257.090 182.274 57.239 102.213
241.551 179.788 57.239 102.213
239.686 176.680 57.239 102.213
234.092 159.898 57.239 102.213
220.418 134.413 57.239 102.213
230.984 121.360 57.239 102.213
254.604 146.845 57.239 102.213
267.035 193.462 57.239 102.213
283.196 244.431 57.239 102.213
296.249 272.402 57.239 102.213
295.006 270.537 57.239 102.213
292.520 242.566 57.239 102.213
306.194 197.192 57.239 102.213
315.518 166.735 57.239 102.213
328.571 161.762 57.239 102.213
342.245 192.841 57.239 102.213
341.002 243.809 57.239 102.213
345.353 292.292 57.239 102.213
360.892 325.856 57.239 102.213
364.000 328.343 57.239 102.213
355.298 302.237 57.239 102.213
347.839 254.376 57.239 102.213
344.110 209.002 57.239 102.213
322.355 184.139 57.239 102.213
312.410 197.813 57.239 102.213
321.733 236.351 57.239 102.213
340.380 282.347 57.239 102.213
352.812 310.317 57.239 102.213
353.433 313.425 57.239 102.213
339.137 287.319 57.239 102.213
316.761 241.945 57.239 102.213
301.222 194.706 57.239 102.213
301.843 161.141 57.239 102.213
313.653 167.978 57.239 102.213
317.382 211.488 57.239 102.213
316.139 267.429 57.239 102.213
324.220 306.588 57.239 102.213
322.977 317.776 57.239 102.213
306.816 298.507 57.239 102.213
295.628 252.511 57.239 102.213
299.357 194.706 57.239 102.213
317.382 161.762 57.239 102.213
326.084 176.058 57.239 102.213
322.355 228.270 57.239 102.213
318.626 278.617 57.239 102.213
309.924 309.074 57.239 102.213
300.600 306.588 57.239 102.213
299.357 273.023 57.239 102.213
308.680 227.027 57.239 102.213
326.084 194.084 57.239 102.213
341.002 215.839 57.239 102.213
343.488 269.915 57.239 102.213
340.369 324.460 56.018 100.033
333.683 339.656 56.018 100.033
326.997 316.558 56.018 100.033
315.448 272.186 56.018 100.033
298.428 190.735 56.018 100.033
299.644 168.244 56.018 100.033
311.193 187.088 56.018 100.033
321.526 250.303 56.018 100.033
328.820 294.676 56.018 100.033
333.075 322.637 56.018 100.033
325.781 317.166 56.018 100.033
314.840 280.088 56.018 100.033
311.193 226.597 56.018 100.033
309.977 160.342 56.018 100.033
306.330 139.068 56.018 100.033
302.683 153.048 56.018 100.033
298.428 194.989 56.018 100.033
308.154 261.244 56.018 100.033
329.428 296.499 56.018 100.033
334.899 305.617 56.018 100.033
323.350 283.735 56.018 100.033
311.193 242.401 56.018 100.033
295.389 178.578 56.018 100.033
297.212 143.323 56.018 100.033
306.938 145.146 56.018 100.033
303.899 180.401 56.018 100.033
295.997 248.480 56.018 100.033
299.036 292.244 56.018 100.033
309.369 311.695 56.018 100.033
317.879 300.754 56.018 100.033
325.173 266.107 56.018 100.033
325.173 213.225 56.018 100.033
314.232 168.244 56.018 100.033
308.761 153.656 56.018 100.033
308.761 170.676 56.018 100.033
305.722 212.009 56.018 100.033
309.369 261.244 56.018 100.033
315.448 288.597 56.018 100.033
320.310 289.205 56.018 100.033
330.644 261.852 56.018 100.033
336.722 210.793 56.018 100.033
328.212 171.891 56.018 100.033
317.271 150.009 56.018 100.033
318.487 154.872 56.018 100.033
319.095 185.872 56.018 100.033
315.448 226.597 56.018 100.033
318.487 268.539 56.018 100.033
326.997 292.244 56.018 100.033
329.428 289.205 56.018 100.033
331.859 263.676 56.018 100.033
332.467 221.127 56.018 100.033
327.605 172.499 56.018 100.033
320.310 142.107 56.018 100.033
317.879 142.715 56.018 100.033
316.663 159.127 56.018 100.033
316.056 192.558 56.018 100.033
326.997 247.264 56.018 100.033
325.173 278.264 56.018 100.033
314.232 286.166 56.018 100.033
313.016 263.676 56.018 100.033
319.703 221.735 56.018 100.033
320.310 184.656 56.018 100.033
314.840 156.695 56.018 100.033
311.801 153.656 56.018 100.033
310.585 173.715 56.018 100.033
297.212 207.754 56.018 100.033
287.487 239.970 56.018 100.033
282.624 266.715 56.018 100.033
280.193 278.872 56.018 100.033
291.134 275.833 56.018 100.033
326.389 257.597 56.018 100.033
350.703 243.617 56.018 100.033
384.134 241.793 56.018 100.033
409.663 247.872 56.018 100.033
437.624 255.166 56.018 100.033
446.742 261.852 56.018 100.033
432.761 259.421 56.018 100.033
391.428 257.597 56.018 100.033
348.271 255.166 56.018 100.033
312.408 254.558 56.018 100.033
297.820 254.558 56.018 100.033
300.252 250.911 56.018 100.033
314.232 241.793 56.018 100.033
358.605 227.205 56.018 100.033
378.663 215.048 56.018 100.033
382.310 206.539 56.018 100.033
382.918 202.284 56.018 100.033
385.350 194.989 56.018 100.033
374.408 195.597 56.018 100.033
342.193 208.970 56.018 100.033
296.605 224.774 56.018 100.033
266.820 236.323 56.018 100.033
263.173 243.617 56.018 100.033
280.193 241.793 56.018 100.033
318.487 231.460 56.018 100.033
368.938 205.323 56.018 100.033
411.487 182.833 56.018 100.033
423.644 171.284 56.018 100.033
423.644 160.950 56.018 100.033
402.977 151.833 56.018 100.033
369.546 148.186 56.018 100.033
327.605 155.480 56.018 100.033
280.801 174.323 56.018 100.033
235.212 192.558 56.018 100.033
192.056 204.107 56.018 100.033
159.232 208.970 56.018 100.033
153.761 207.754 56.018 100.033
184.761 204.715 56.018 100.033
264.997 194.989 56.018 100.033
314.840 165.813 56.018 100.033
356.781 148.186 56.018 100.033
367.722 145.146 56.018 100.033
385.957 158.519 56.018 100.033
395.075 165.813 56.018 100.033
382.310 154.264 56.018 100.033
349.487 139.676 56.018 100.033
284.448 125.695 56.018 100.033
242.507 119.617 56.018 100.033
207.252 119.617 56.018 100.033
171.997 119.617 56.018 100.033
158.004 117.295 57.258 102.246
173.544 106.106 57.258 102.246
208.973 95.540 57.258 102.246
236.322 90.567 57.258 102.246
258.699 93.675 57.258 102.246
269.265 102.377 57.258 102.246
263.671 109.836 57.258 102.246
241.295 113.565 57.258 102.246
224.512 119.159 57.258 102.246
229.485 127.240 57.258 102.246
248.132 136.563 57.258 102.246
268.644 142.157 57.258 102.246
295.371 136.563 57.258 102.246
322.099 124.132 57.258 102.246
332.665 121.646 57.258 102.246
338.881 121.646 57.258 102.246
333.908 127.861 57.258 102.246
320.855 134.077 57.258 102.246
296.614 134.699 57.258 102.246
268.022 135.942 57.258 102.246
254.969 142.779 57.258 102.246
253.726 138.428 57.258 102.246
263.050 122.267 57.258 102.246
283.561 93.053 57.258 102.246
327.693 81.244 57.258 102.246
361.257 87.459 57.258 102.246
375.553 100.512 57.258 102.246
384.877 119.781 57.258 102.246
378.040 130.348 57.258 102.246
355.042 137.185 57.258 102.246
327.071 144.644 57.258 102.246
309.667 147.752 57.258 102.246
314.640 143.401 57.258 102.246
324.585 127.240 57.258 102.246
328.314 104.242 57.258 102.246
333.287 96.783 57.258 102.246
351.934 111.701 57.258 102.246
376.797 142.779 57.258 102.246
386.120 169.506 57.258 102.246
363.122 180.073 57.258 102.246
309.046 185.667 57.258 102.246
250.618 176.965 57.258 102.246
231.350 163.291 57.258 102.246
230.728 149.616 57.258 102.246
225.134 132.834 57.258 102.246
213.946 119.159 57.258 102.246
212.702 111.701 57.258 102.246
234.457 119.781 57.258 102.246
287.912 155.210 57.258 102.246
321.477 190.018 57.258 102.246
342.610 216.746 57.258 102.246
338.259 226.691 57.258 102.246
309.667 218.610 57.258 102.246
289.777 194.991 57.258 102.246
293.506 158.940 57.258 102.246
318.369 121.646 57.258 102.246
353.177 89.946 57.258 102.246
379.283 79.379 57.258 102.246
392.336 96.161 57.258 102.246
401.038 132.834 57.258 102.246
406.010 168.885 57.258 102.246
401.659 195.612 57.258 102.246
377.418 203.693 57.258 102.246
320.855 200.585 57.258 102.246
294.128 183.181 57.258 102.246
286.669 158.318 57.258 102.246
291.642 123.510 57.258 102.246
301.587 93.053 57.258 102.246
324.585 87.459 57.258 102.246
350.069 106.106 57.258 102.246
373.689 140.914 57.258 102.246
395.444 179.452 57.258 102.246
392.336 202.450 57.258 102.246
359.393 208.665 57.258 102.246
315.883 193.126 57.258 102.246
278.589 155.832 57.258 102.246
240.673 111.701 57.258 102.246
234.457 76.271 57.258 102.246
256.834 51.408 57.258 102.246
290.399 66.948 57.258 102.246
307.802 99.269 57.258 102.246
330.179 134.699 57.258 102.246
351.312 167.642 57.258 102.246
340.746 183.181 57.258 102.246
314.018 184.424 57.258 102.246
303.452 169.506 57.258 102.246
304.073 141.536 57.258 102.246
306.559 117.916 57.258 102.246
318.369 112.322 57.258 102.246
335.773 126.618 57.258 102.246
342.610 147.130 57.258 102.246
330.801 166.399 57.258 102.246
317.126 179.452 57.258 102.246
312.153 186.910 57.258 102.246
315.883 181.316 57.258 102.246
323.342 158.940 57.258 102.246
332.044 130.969 57.258 102.246
314.018 109.836 57.258 102.246
280.453 116.052 57.258 102.246
277.967 152.102 57.258 102.246
293.506 186.910 57.258 102.246
305.938 201.828 57.258 102.246
309.667 190.018 57.258 102.246
327.693 162.669 57.258 102.246
345.718 131.591 57.258 102.246
340.734 112.434 58.525 104.508
327.393 118.152 58.525 104.508
316.593 149.916 58.525 104.508
323.581 186.764 58.525 104.508
317.228 203.916 58.525 104.508
280.381 205.822 58.525 104.508
275.298 181.046 58.525 104.508
293.087 146.740 58.525 104.508
303.251 129.587 58.525 104.508
296.263 130.858 58.525 104.508
300.710 161.987 58.525 104.508
326.757 201.375 58.525 104.508
328.663 219.164 58.525 104.508
317.863 211.540 58.525 104.508
319.134 182.316 58.525 104.508
324.216 174.058 58.525 104.508
321.040 198.199 58.525 104.508
294.357 241.399 58.525 104.508
284.828 263.634 58.525 104.508
290.546 247.752 58.525 104.508
291.816 199.469 58.525 104.508
298.169 156.905 58.525 104.508
319.769 154.999 58.525 104.508
326.122 188.669 58.525 104.508
321.040 259.822 58.525 104.508
308.969 296.669 58.525 104.508
296.898 295.399 58.525 104.508
289.910 257.281 58.525 104.508
296.898 190.575 58.525 104.508
310.240 167.069 58.525 104.508
324.851 189.940 58.525 104.508
322.946 243.305 58.525 104.508
309.604 281.422 58.525 104.508
294.993 280.152 58.525 104.508
282.922 244.575 58.525 104.508
287.993 188.513 57.277 102.280
316.585 172.974 57.277 102.280
333.368 197.837 57.277 102.280
332.746 251.292 57.277 102.280
326.530 286.721 57.277 102.280
299.803 283.613 57.277 102.280
277.426 248.184 57.277 102.280
275.562 184.784 57.277 102.280
300.424 172.974 57.277 102.280
307.883 208.403 57.277 102.280
298.560 291.072 57.277 102.280
302.289 330.231 57.277 102.280
311.613 328.988 57.277 102.280
320.936 295.423 57.277 102.280
321.558 248.805 57.277 102.280
321.558 225.807 57.277 102.280
315.342 246.319 57.277 102.280
307.262 291.072 57.277 102.280
312.234 320.907 57.277 102.280
317.207 309.719 57.277 102.280
314.721 264.966 57.277 102.280
305.397 216.484 57.277 102.280
296.073 197.837 57.277 102.280
292.966 222.078 57.277 102.280
279.913 265.588 57.277 102.280
267.481 275.533 57.277 102.280
261.887 251.913 57.277 102.280
269.346 205.296 57.277 102.280
295.452 172.974 57.277 102.280
312.234 193.486 57.277 102.280
308.505 246.319 57.277 102.280
284.264 286.099 57.277 102.280
274.940 286.099 57.277 102.280
279.291 249.427 57.277 102.280
285.507 166.137 57.277 102.280
286.128 133.194 57.277 102.280
277.426 129.464 57.277 102.280
271.211 171.731 57.277 102.280
270.589 227.050 57.277 102.280
266.860 255.021 57.277 102.280
256.293 240.103 57.277 102.280
260.644 194.729 57.277 102.280
289.858 154.948 57.277 102.280
298.560 154.327 57.277 102.280
287.372 177.947 57.277 102.280
272.454 210.268 57.277 102.280
258.779 230.780 57.277 102.280
241.997 237.617 57.277 102.280
224.593 233.266 57.277 102.280
230.187 225.807 57.277 102.280
253.807 223.943 57.277 102.280
268.724 230.158 57.277 102.280
272.454 229.537 57.277 102.280
283.021 220.213 57.277 102.280
291.101 207.160 57.277 102.280
294.830 194.729 57.277 102.280
303.532 194.107 57.277 102.280
301.046 199.080 57.277 102.280
292.344 202.809 57.277 102.280
283.021 202.188 57.277 102.280
269.346 200.945 57.277 102.280
263.752 199.080 57.277 102.280
279.291 190.378 57.277 102.280
300.424 174.839 57.277 102.280
311.613 157.435 57.277 102.280
327.152 149.976 57.277 102.280
348.907 156.192 57.277 102.280
343.934 158.678 57.277 102.280
320.936 156.813 57.277 102.280
298.560 158.678 57.277 102.280
294.818 158.168 58.544 104.542
287.830 157.533 58.544 104.542
275.759 153.721 58.544 104.542
271.948 142.286 58.544 104.542
282.112 130.850 58.544 104.542
293.548 126.403 58.544 104.542
301.171 128.309 58.544 104.542
303.077 135.297 58.544 104.542
304.983 141.015 58.544 104.542
313.877 142.921 58.544 104.542
324.042 149.909 58.544 104.542
319.595 154.356 58.544 104.542
307.524 160.709 58.544 104.542
297.995 166.427 58.544 104.542
297.995 170.239 58.544 104.542
307.524 175.956 58.544 104.542
318.324 185.486 58.544 104.542
322.771 195.650 58.544 104.542
318.324 204.544 58.544 104.542
315.148 213.439 58.544 104.542
315.783 220.427 58.544 104.542
318.959 221.697 58.544 104.542
317.689 223.603 58.544 104.542
310.701 225.509 58.544 104.542
306.254 228.686 58.544 104.542
306.889 231.862 58.544 104.542
306.889 234.403 58.544 104.542
