246.000 226.000 94.000 114.000
245.182 231.724 94.000 114.000
246.000 233.359 94.000 114.000
246.818 236.629 94.000 114.000
248.453 237.447 94.000 114.000
250.906 239.900 94.000 114.000
252.541 241.535 94.000 114.000
253.359 241.535 94.000 114.000
254.176 241.535 94.000 114.000
254.176 241.535 94.000 114.000
255.812 241.535 94.000 114.000
257.447 240.718 94.000 114.000
260.718 239.082 94.000 114.000
263.171 238.265 94.000 114.000
267.259 236.629 94.000 114.000
269.712 234.994 94.000 114.000
270.529 234.994 94.000 114.000
270.529 231.724 94.000 114.000
277.071 227.635 94.000 114.000
284.429 228.453 94.000 114.000
277.888 229.271 94.000 114.000
271.347 222.729 94.000 114.000
273.800 212.918 94.000 114.000
281.159 206.376 94.000 114.000
294.241 200.653 94.000 114.000
313.865 198.200 94.000 114.000
325.312 200.653 94.000 114.000
322.859 204.741 94.000 114.000
312.229 208.829 94.000 114.000
299.965 214.553 94.000 114.000
281.976 218.641 94.000 114.000
262.353 216.188 94.000 114.000
260.718 211.282 94.000 114.000
272.982 205.559 94.000 114.000
291.788 200.653 94.000 114.000
314.682 199.835 94.000 114.000
333.488 203.106 94.000 114.000
340.847 211.282 94.000 114.000
327.765 223.547 94.000 114.000
302.418 234.994 94.000 114.000
272.982 239.900 94.000 114.000
247.635 228.453 94.000 114.000
241.094 216.188 94.000 114.000
259.082 206.376 94.000 114.000
281.976 199.835 94.000 114.000
300.782 199.018 94.000 114.000
322.859 203.106 94.000 114.000
329.400 210.465 94.000 114.000
312.229 219.459 94.000 114.000
292.606 219.459 94.000 114.000
277.666 212.474 96.080 116.522
276.831 202.451 96.080 116.522
291.031 199.109 96.080 116.522
315.254 200.780 96.080 116.522
329.454 204.957 96.080 116.522
332.795 207.462 96.080 116.522
316.090 209.968 96.080 116.522
279.337 210.804 96.080 116.522
242.584 203.286 96.080 116.522
217.525 194.098 96.080 116.522
218.360 183.239 96.080 116.522
240.078 169.039 96.080 116.522
260.960 159.851 96.080 116.522
275.995 167.368 96.080 116.522
290.195 187.415 96.080 116.522
291.031 213.309 96.080 116.522
278.501 235.027 96.080 116.522
268.478 237.533 96.080 116.522
260.960 224.168 96.080 116.522
260.960 203.286 96.080 116.522
266.807 196.604 96.080 116.522
279.337 205.792 96.080 116.522
281.842 229.180 96.080 116.522
270.148 257.580 96.080 116.522
258.454 270.109 96.080 116.522
245.925 256.745 96.080 116.522
238.407 221.662 96.080 116.522
250.101 180.733 96.080 116.522
262.631 162.357 96.080 116.522
282.678 176.557 96.080 116.522
295.815 205.338 98.206 119.100
289.831 246.373 98.206 119.100
271.878 273.730 98.206 119.100
244.521 274.585 98.206 119.100
224.003 249.793 98.206 119.100
224.003 213.032 98.206 119.100
238.536 197.644 98.206 119.100
265.038 212.177 98.206 119.100
292.395 240.389 98.206 119.100
302.654 272.020 98.206 119.100
287.266 291.683 98.206 119.100
259.054 288.264 98.206 119.100
234.262 262.617 98.206 119.100
235.972 230.985 98.206 119.100
264.184 219.017 98.206 119.100
298.380 228.420 98.206 119.100
326.591 241.244 98.206 119.100
344.544 252.358 98.206 119.100
339.415 259.197 98.206 119.100
308.638 259.197 98.206 119.100
266.748 257.487 98.206 119.100
226.568 248.083 98.206 119.100
183.823 238.679 98.206 119.100
167.580 229.275 98.206 119.100
191.517 216.452 98.206 119.100
229.987 195.934 98.206 119.100
258.199 183.111 98.206 119.100
295.815 169.432 98.206 119.100
306.074 160.883 98.206 119.100
288.976 156.609 98.206 119.100
269.313 154.899 98.206 119.100
253.925 152.334 98.206 119.100
257.344 149.769 98.206 119.100
277.862 154.899 98.206 119.100
313.768 170.287 98.206 119.100
336.850 186.530 98.206 119.100
346.254 190.805 98.206 119.100
329.156 190.805 98.206 119.100
286.411 189.950 98.206 119.100
235.117 183.966 98.206 119.100
187.242 173.707 98.206 119.100
169.289 171.142 98.206 119.100
192.372 177.981 98.206 119.100
238.536 185.675 98.206 119.100
278.717 196.789 98.206 119.100
318.897 202.773 98.206 119.100
345.399 201.064 98.206 119.100
330.011 199.354 98.206 119.100
300.944 193.369 98.206 119.100
261.619 176.271 98.206 119.100
225.481 149.307 100.378 121.735
227.227 130.983 100.378 121.735
249.040 128.366 100.378 121.735
263.874 148.434 100.378 121.735
280.452 179.846 100.378 121.735
291.795 210.385 100.378 121.735
274.344 234.817 100.378 121.735
252.530 240.052 100.378 121.735
233.334 230.454 100.378 121.735
228.099 205.150 100.378 121.735
246.423 179.846 100.378 121.735
269.981 172.866 100.378 121.735
282.197 185.954 100.378 121.735
291.795 213.875 100.378 121.735
290.050 254.885 100.378 121.735
283.070 285.424 100.378 121.735
283.942 295.022 100.378 121.735
282.197 279.317 100.378 121.735
286.560 233.944 100.378 121.735
297.030 176.356 100.378 121.735
294.413 137.091 100.378 121.735
290.050 132.728 100.378 121.735
278.707 169.375 100.378 121.735
283.070 234.817 100.378 121.735
299.648 296.768 100.378 121.735
310.991 326.434 100.378 121.735
316.227 311.601 100.378 121.735
317.099 261.866 100.378 121.735
307.501 199.915 100.378 121.735
301.393 155.415 100.378 121.735
299.648 152.797 100.378 121.735
292.668 193.807 100.378 121.735
296.158 257.503 100.378 121.735
314.481 298.513 100.378 121.735
318.844 308.983 100.378 121.735
309.246 282.807 100.378 121.735
307.501 233.944 100.378 121.735
308.374 185.081 100.378 121.735
304.011 166.758 100.378 121.735
296.158 182.464 100.378 121.735
293.540 228.709 100.378 121.735
294.413 281.062 100.378 121.735
289.178 306.366 100.378 121.735
279.579 307.238 100.378 121.735
284.815 288.042 100.378 121.735
277.834 266.228 100.378 121.735
273.472 252.268 100.378 121.735
275.217 250.522 100.378 121.735
257.766 262.738 100.378 121.735
235.079 279.317 100.378 121.735
212.393 295.022 100.378 121.735
196.687 306.366 100.378 121.735
195.815 307.238 100.378 121.735
219.374 301.130 100.378 121.735
249.040 295.895 100.378 121.735
276.089 291.532 100.378 121.735
309.246 285.424 100.378 121.735
326.697 281.062 100.378 121.735
320.589 276.699 100.378 121.735
297.030 267.973 100.378 121.735
260.383 257.503 100.378 121.735
223.736 247.032 100.378 121.735
197.560 243.542 100.378 121.735
185.344 236.562 100.378 121.735
199.305 231.326 100.378 121.735
229.844 224.346 100.378 121.735
268.236 216.493 100.378 121.735
312.736 208.640 100.378 121.735
343.276 204.277 100.378 121.735
355.491 201.660 100.378 121.735
345.021 199.915 100.378 121.735
315.354 197.297 100.378 121.735
277.834 192.062 100.378 121.735
236.825 181.591 100.378 121.735
221.991 164.140 100.378 121.735
240.315 149.307 100.378 121.735
276.089 150.179 100.378 121.735
304.011 157.160 100.378 121.735
332.805 162.395 100.378 121.735
337.168 162.395 100.378 121.735
307.501 160.650 100.378 121.735
272.599 154.542 100.378 121.735
243.805 146.689 100.378 121.735
228.972 144.072 100.378 121.735
244.678 153.670 100.378 121.735
284.815 169.375 100.378 121.735
310.991 186.826 100.378 121.735
332.805 199.042 100.378 121.735
341.530 209.513 100.378 121.735
323.207 219.111 100.378 121.735
293.540 233.072 100.378 121.735
265.619 242.670 100.378 121.735
248.168 233.944 100.378 121.735
246.423 213.003 100.378 121.735
273.472 196.424 100.378 121.735
310.991 196.424 100.378 121.735
340.658 208.640 100.378 121.735
369.452 214.748 100.378 121.735
365.089 213.003 100.378 121.735
323.207 203.405 100.378 121.735
276.089 187.699 100.378 121.735
247.295 170.248 100.378 121.735
243.805 156.287 100.378 121.735
269.981 147.562 100.378 121.735
295.285 158.032 100.378 121.735
319.717 178.973 100.378 121.735
345.893 193.807 100.378 121.735
343.276 204.277 100.378 121.735
310.991 204.277 100.378 121.735
266.491 194.679 100.378 121.735
220.881 175.009 102.599 124.429
175.381 157.166 102.599 124.429
153.969 147.352 102.599 124.429
161.106 139.323 102.599 124.429
187.628 131.701 104.869 127.182
221.363 139.907 104.869 127.182
253.275 159.054 104.869 127.182
288.834 186.407 104.869 127.182
311.628 217.407 104.869 127.182
321.658 242.937 104.869 127.182
295.216 261.172 104.869 127.182
250.540 271.201 104.869 127.182
213.158 264.819 104.869 127.182
183.069 239.290 104.869 127.182
192.187 207.378 104.869 127.182
227.746 181.848 104.869 127.182
256.922 180.025 104.869 127.182
280.628 202.819 104.869 127.182
299.775 226.525 104.869 127.182
302.511 247.495 104.869 127.182
282.452 257.525 104.869 127.182
247.805 248.407 104.869 127.182
214.069 212.848 104.869 127.182
208.599 168.172 104.869 127.182
235.952 139.907 104.869 127.182
271.511 147.201 104.869 127.182
300.687 180.937 104.869 127.182
328.040 212.848 104.869 127.182
338.069 238.378 104.869 127.182
309.805 248.407 104.869 127.182
259.658 244.760 104.869 127.182
204.952 224.701 104.869 127.182
174.863 195.525 104.869 127.182
189.452 167.260 104.869 127.182
230.481 148.113 104.869 127.182
267.863 149.025 104.869 127.182
297.040 163.613 104.869 127.182
318.922 179.113 104.869 127.182
316.187 191.878 104.869 127.182
299.775 204.642 104.869 127.182
276.981 202.819 104.869 127.182
230.481 181.848 104.869 127.182
214.069 160.878 104.869 127.182
242.334 150.848 104.869 127.182
291.569 152.672 104.869 127.182
332.599 167.260 104.869 127.182
361.775 183.672 104.869 127.182
364.511 186.407 104.869 127.182
338.069 179.113 104.869 127.182
304.334 170.907 104.869 127.182
256.011 158.142 104.869 127.182
210.422 152.672 104.869 127.182
199.481 151.760 104.869 127.182
215.893 151.760 104.869 127.182
252.363 154.495 104.869 127.182
292.481 164.525 104.869 127.182
335.334 174.554 104.869 127.182
380.011 179.113 104.869 127.182
398.246 182.760 104.869 127.182
386.393 181.848 104.869 127.182
356.305 174.554 104.869 127.182
302.511 160.878 104.869 127.182
240.511 147.201 104.869 127.182
177.599 138.084 104.869 127.182
131.099 138.995 104.869 127.182
110.128 142.642 104.869 127.182
121.981 149.025 104.869 127.182
162.099 151.760 104.869 127.182
208.599 154.495 104.869 127.182
265.128 159.966 104.869 127.182
321.658 169.084 104.869 127.182
363.599 179.113 104.869 127.182
383.658 184.584 104.869 127.182
378.187 184.584 104.869 127.182
349.011 180.937 104.869 127.182
310.716 169.084 104.869 127.182
269.687 155.407 104.869 127.182
252.363 147.201 104.869 127.182
256.922 149.937 104.869 127.182
286.099 161.790 104.869 127.182
324.393 175.466 104.869 127.182
354.481 187.319 104.869 127.182
378.187 195.525 104.869 127.182
382.746 202.819 104.869 127.182
370.893 216.495 104.869 127.182
359.040 239.290 104.869 127.182
351.746 262.084 104.869 127.182
339.893 263.907 104.869 127.182
331.687 241.113 104.869 127.182
315.275 194.613 104.869 127.182
296.128 142.642 104.869 127.182
299.775 103.437 104.869 127.182
296.128 91.584 104.869 127.182
286.099 110.731 104.869 127.182
282.452 157.231 104.869 127.182
280.628 212.848 104.869 127.182
288.834 254.790 104.869 127.182
292.481 274.848 104.869 127.182
289.746 263.907 104.869 127.182
287.922 230.172 104.869 127.182
292.481 175.466 104.869 127.182
302.511 129.878 104.869 127.182
297.040 112.554 104.869 127.182
286.099 124.407 104.869 127.182
274.246 169.995 104.869 127.182
271.511 225.613 104.869 127.182
269.687 263.907 104.869 127.182
268.775 270.290 104.869 127.182
278.805 231.995 104.869 127.182
293.393 182.760 104.869 127.182
291.569 155.407 104.869 127.182
308.893 148.113 104.869 127.182
313.452 155.407 104.869 127.182
291.569 171.819 104.869 127.182
276.069 180.025 104.869 127.182
266.040 163.613 104.869 127.182
274.246 140.819 104.869 127.182
287.011 140.819 104.869 127.182
300.687 168.172 104.869 127.182
329.863 202.819 104.869 127.182
338.981 229.260 104.869 127.182
323.481 242.025 104.869 127.182
299.775 225.613 104.869 127.182
277.893 178.201 104.869 127.182
261.481 130.790 104.869 127.182
272.422 128.966 104.869 127.182
301.599 168.172 104.869 127.182
329.863 206.466 104.869 127.182
341.716 229.260 104.869 127.182
317.099 226.525 104.869 127.182
284.275 194.613 104.869 127.182
265.128 141.731 104.869 127.182
271.511 115.290 104.869 127.182
295.216 134.437 104.869 127.182
321.658 173.642 104.869 127.182
340.805 201.907 104.869 127.182
333.511 217.407 104.869 127.182
299.775 212.848 104.869 127.182
259.658 194.613 104.869 127.182
232.305 170.907 104.869 127.182
229.569 159.054 104.869 127.182
245.069 161.790 104.869 127.182
271.511 180.937 104.869 127.182
296.128 204.642 104.869 127.182
315.275 220.142 104.869 127.182
316.187 228.348 104.869 127.182
299.775 229.260 104.869 127.182
271.511 216.495 104.869 127.182
258.746 200.084 104.869 127.182
275.158 198.260 104.869 127.182
312.540 209.201 104.869 127.182
332.599 221.966 104.869 127.182
343.540 224.701 104.869 127.182
338.069 219.231 104.869 127.182
307.981 209.201 104.869 127.182
281.540 192.790 104.869 127.182
266.040 179.113 104.869 127.182
276.069 168.172 104.869 127.182
306.158 166.348 104.869 127.182
315.275 176.378 104.869 127.182
325.305 185.495 104.869 127.182
324.393 190.054 104.869 127.182
290.658 189.142 104.869 127.182
252.363 179.113 104.869 127.182
222.275 162.701 104.869 127.182
210.422 153.584 104.869 127.182
235.952 158.142 104.869 127.182
267.863 173.642 104.869 127.182
284.275 192.790 104.869 127.182
306.158 204.642 104.869 127.182
307.981 211.025 104.869 127.182
290.658 208.290 104.869 127.182
268.775 191.878 104.869 127.182
255.099 180.937 104.869 127.182
278.805 184.584 104.869 127.182
314.363 199.172 104.869 127.182
328.040 211.937 104.869 127.182
338.069 215.584 104.869 127.182
323.481 209.201 104.869 127.182
301.599 195.525 104.869 127.182
269.687 180.937 104.869 127.182
253.275 174.554 104.869 127.182
268.775 176.378 104.869 127.182
294.305 187.319 104.869 127.182
307.069 199.172 104.869 127.182
325.305 197.348 104.869 127.182
323.481 190.966 104.869 127.182
301.599 175.466 104.869 127.182
278.805 155.407 104.869 127.182
264.216 133.525 104.869 127.182
261.481 132.613 104.869 127.182
268.775 153.584 104.869 127.182
273.334 178.201 104.869 127.182
276.069 190.966 104.869 127.182
263.305 199.172 104.869 127.182
243.246 195.525 104.869 127.182
228.658 184.584 104.869 127.182
219.540 180.025 104.869 127.182
239.599 188.231 104.869 127.182
276.069 207.378 104.869 127.182
302.262 223.294 107.189 129.996
328.395 231.694 107.189 129.996
333.995 233.561 107.189 129.996
323.476 227.456 109.561 132.872
307.017 220.269 111.985 135.812
296.298 211.498 111.985 135.812
286.553 208.575 111.985 135.812
284.604 217.345 111.985 135.812
286.553 226.116 111.985 135.812
284.604 226.116 111.985 135.812
274.858 222.218 111.985 135.812
259.266 209.549 111.985 135.812
251.470 199.804 111.985 135.812
257.317 203.702 111.985 135.812
276.807 216.371 111.985 135.812
297.272 224.167 111.985 135.812
310.915 221.243 111.985 135.812
308.966 214.422 111.985 135.812
300.196 193.957 111.985 135.812
293.374 168.620 111.985 135.812
298.247 163.747 111.985 135.812
310.915 178.365 111.985 135.812
323.584 198.829 111.985 135.812
332.355 211.498 111.985 135.812
327.482 217.345 111.985 135.812
307.992 210.524 111.985 135.812
290.451 190.059 111.985 135.812
270.960 154.977 111.985 135.812
261.215 133.537 111.985 135.812
265.113 146.206 111.985 135.812
269.011 175.441 111.985 135.812
272.909 200.779 111.985 135.812
263.164 216.371 111.985 135.812
266.088 208.575 111.985 135.812
286.553 200.779 111.985 135.812
312.864 211.498 111.985 135.812
330.406 219.294 111.985 135.812
335.278 214.422 111.985 135.812
313.839 202.728 111.985 135.812
282.655 187.135 111.985 135.812
258.292 169.594 111.985 135.812
253.419 167.645 111.985 135.812
273.884 177.390 111.985 135.812
297.272 192.008 111.985 135.812
310.915 207.600 111.985 135.812
327.482 214.422 111.985 135.812
330.406 213.447 111.985 135.812
325.533 209.549 111.985 135.812
310.915 204.677 111.985 135.812
301.170 202.728 111.985 135.812
301.170 206.626 111.985 135.812
302.145 211.498 111.985 135.812
302.145 218.320 111.985 135.812
