250.000 168.000 106.000 105.000
246.675 172.988 106.000 105.000
236.698 182.965 106.000 105.000
219.729 197.599 108.345 107.323
213.786 211.184 108.345 107.323
218.880 207.787 108.345 107.323
218.031 198.448 108.345 107.323
214.635 199.297 108.345 107.323
182.023 209.147 110.742 109.698
151.621 243.892 110.742 109.698
206.857 247.022 113.193 112.125
244.080 221.320 113.193 112.125
226.355 206.253 113.193 112.125
216.606 201.822 113.193 112.125
205.084 200.049 113.193 112.125
190.904 206.253 113.193 112.125
191.790 215.116 113.193 112.125
203.312 208.912 113.193 112.125
219.265 179.665 113.193 112.125
216.606 147.759 113.193 112.125
198.880 139.783 113.193 112.125
204.198 155.736 113.193 112.125
229.014 184.096 113.193 112.125
257.374 218.661 113.193 112.125
269.782 237.273 113.193 112.125
256.488 241.704 113.193 112.125
242.308 245.249 113.193 112.125
237.876 247.908 113.193 112.125
231.672 238.159 113.193 112.125
225.468 223.979 113.193 112.125
224.582 214.230 113.193 112.125
230.786 207.140 113.193 112.125
241.421 194.732 113.193 112.125
239.649 171.689 113.193 112.125
227.241 152.191 113.193 112.125
221.037 130.034 113.193 112.125
227.241 119.398 113.193 112.125
243.194 125.602 113.193 112.125
252.943 129.147 113.193 112.125
254.715 138.010 113.193 112.125
264.465 169.916 113.193 112.125
266.237 208.026 113.193 112.125
272.441 229.296 113.193 112.125
275.100 235.500 113.193 112.125
270.668 231.069 113.193 112.125
265.351 218.661 113.193 112.125
263.578 210.685 113.193 112.125
263.578 197.391 113.193 112.125
266.237 167.257 113.193 112.125
268.010 160.167 113.193 112.125
269.782 176.120 113.193 112.125
267.123 181.438 113.193 112.125
265.351 177.893 113.193 112.125
267.123 178.779 113.193 112.125
274.214 183.210 113.193 112.125
282.190 193.845 113.193 112.125
278.645 206.253 113.193 112.125
255.602 211.571 113.193 112.125
221.037 208.912 113.193 112.125
200.653 207.140 113.193 112.125
205.084 205.367 113.193 112.125
227.241 206.253 113.193 112.125
262.692 208.912 113.193 112.125
299.550 208.558 115.697 114.605
328.538 213.993 115.697 114.605
327.632 216.711 115.697 114.605
312.232 205.840 115.697 114.605
288.305 183.737 118.257 117.141
259.554 161.478 118.257 117.141
241.005 153.131 118.257 117.141
239.150 163.333 118.257 117.141
247.497 179.100 118.257 117.141
253.062 193.012 118.257 117.141
267.901 205.996 118.257 117.141
291.087 218.053 118.257 117.141
305.927 226.400 118.257 117.141
303.144 236.602 118.257 117.141
296.058 246.198 115.735 114.643
286.072 243.475 115.735 114.643
259.744 231.673 115.735 114.643
229.785 225.318 115.735 114.643
212.536 226.226 115.735 114.643
210.721 230.765 115.735 114.643
217.984 227.133 115.735 114.643
235.233 206.253 115.735 114.643
248.850 178.110 115.735 114.643
264.284 149.967 115.735 114.643
290.611 138.165 115.735 114.643
316.938 140.888 115.735 114.643
326.925 150.875 115.735 114.643
326.017 165.400 115.735 114.643
313.307 177.202 115.735 114.643
291.519 188.096 115.735 114.643
267.007 204.437 115.735 114.643
248.850 221.686 115.735 114.643
234.325 222.594 115.735 114.643
220.707 211.700 115.735 114.643
211.629 201.714 115.735 114.643
205.274 199.898 115.735 114.643
212.536 190.820 115.735 114.643
229.785 173.571 115.735 114.643
245.219 164.492 115.735 114.643
258.836 168.124 115.735 114.643
276.085 183.557 115.735 114.643
295.150 209.884 115.735 114.643
305.136 218.963 115.735 114.643
289.703 202.622 115.735 114.643
253.389 189.004 115.735 114.643
207.997 191.727 115.735 114.643
177.131 206.253 115.735 114.643
163.513 227.133 115.735 114.643
162.605 233.488 115.735 114.643
176.223 216.239 115.735 114.643
198.011 188.096 115.735 114.643
222.523 170.847 115.735 114.643
232.509 171.755 115.735 114.643
227.970 188.096 115.735 114.643
224.338 203.529 115.735 114.643
221.615 201.714 115.735 114.643
227.970 191.727 115.735 114.643
238.864 192.635 115.735 114.643
237.048 203.529 115.735 114.643
223.431 216.239 115.735 114.643
207.997 218.963 115.735 114.643
202.550 204.437 115.735 114.643
198.919 189.004 115.735 114.643
195.287 187.188 115.735 114.643
198.919 198.990 115.735 114.643
209.813 222.594 115.735 114.643
207.089 248.922 115.735 114.643
202.550 246.198 115.735 114.643
201.642 219.871 115.735 114.643
203.458 197.175 115.735 114.643
191.656 179.018 115.735 114.643
171.684 170.847 115.735 114.643
162.605 179.926 115.735 114.643
169.868 191.727 115.735 114.643
183.485 199.898 115.735 114.643
200.735 200.806 115.735 114.643
224.338 205.345 115.735 114.643
248.850 218.963 115.735 114.643
275.178 232.580 115.735 114.643
294.242 240.751 115.735 114.643
284.256 232.580 115.735 114.643
247.035 222.594 115.735 114.643
202.550 215.331 115.735 114.643
168.052 213.516 115.735 114.643
137.185 218.963 115.735 114.643
107.227 219.871 115.735 114.643
116.305 207.161 115.735 114.643
166.236 195.359 115.735 114.643
212.536 189.004 115.735 114.643
227.062 183.557 115.735 114.643
227.062 185.373 115.735 114.643
237.048 194.451 115.735 114.643
242.495 207.161 115.735 114.643
229.785 214.424 115.735 114.643
196.195 216.239 115.735 114.643
171.684 219.871 115.735 114.643
176.223 221.686 115.735 114.643
209.813 215.331 115.735 114.643
258.836 210.792 115.735 114.643
275.178 210.792 115.735 114.643
268.823 211.700 115.735 114.643
258.836 200.806 115.735 114.643
252.482 193.543 115.735 114.643
247.035 189.004 115.735 114.643
253.389 183.557 115.735 114.643
266.099 188.096 115.735 114.643
275.178 197.175 115.735 114.643
265.191 199.898 115.735 114.643
239.772 204.437 115.735 114.643
207.089 223.502 115.735 114.643
187.117 239.843 115.735 114.643
174.942 241.298 118.296 117.180
177.725 239.444 118.296 117.180
199.056 233.879 118.296 117.180
207.403 230.169 118.296 117.180
189.782 226.459 118.296 117.180
173.088 222.749 118.296 117.180
170.305 216.257 118.296 117.180
190.709 211.620 118.296 117.180
232.444 206.055 118.296 117.180
272.325 193.071 118.296 117.180
276.035 188.434 118.296 117.180
243.574 184.724 118.296 117.180
210.186 177.304 118.296 117.180
194.419 174.522 118.296 117.180
176.797 177.304 118.296 117.180
166.595 181.014 118.296 117.180
170.305 182.869 118.296 117.180
204.621 186.579 118.296 117.180
258.413 191.216 118.296 117.180
289.019 186.579 118.296 117.180
289.946 184.724 118.296 117.180
271.397 188.434 118.296 117.180
250.066 191.216 118.296 117.180
229.662 200.491 118.296 117.180
207.403 207.910 118.296 117.180
172.160 193.998 118.296 117.180
142.482 181.014 118.296 117.180
137.844 179.159 118.296 117.180
156.393 181.014 118.296 117.180
181.435 185.651 118.296 117.180
191.637 188.434 118.296 117.180
187.927 181.942 118.296 117.180
194.419 170.812 118.296 117.180
202.766 164.320 118.296 117.180
212.040 164.320 118.296 117.180
213.895 174.522 118.296 117.180
205.548 184.724 118.296 117.180
199.056 199.563 118.296 117.180
210.186 220.895 118.296 117.180
221.315 240.371 118.296 117.180
209.258 244.081 118.296 117.180
189.782 232.951 118.296 117.180
180.507 205.128 118.296 117.180
177.725 167.102 118.296 117.180
186.072 151.336 118.296 117.180
199.984 152.263 118.296 117.180
216.678 164.320 118.296 117.180
236.154 178.232 118.296 117.180
240.791 180.087 118.296 117.180
231.517 179.159 118.296 117.180
208.331 185.651 118.296 117.180
187.927 194.926 118.296 117.180
183.289 203.273 118.296 117.180
189.188 211.942 115.773 114.681
185.557 203.771 115.773 114.681
185.557 180.168 115.773 114.681
197.359 160.195 115.773 114.681
229.133 157.471 115.773 114.681
266.355 163.826 115.773 114.681
290.867 179.260 115.773 114.681
297.221 201.048 115.773 114.681
293.590 214.666 115.773 114.681
295.732 220.428 113.304 112.235
299.285 215.986 113.304 112.235
290.403 218.651 113.304 112.235
262.868 225.757 113.304 112.235
238.885 224.869 113.304 112.235
231.779 231.086 113.304 112.235
219.344 237.304 113.304 112.235
207.797 225.757 113.304 112.235
207.797 212.433 113.304 112.235
213.126 203.551 113.304 112.235
220.232 199.110 113.304 112.235
235.332 199.110 113.304 112.235
251.321 189.339 113.304 112.235
257.538 174.239 113.304 112.235
260.203 162.692 113.304 112.235
273.526 175.128 113.304 112.235
282.409 209.769 113.304 112.235
277.079 243.522 113.304 112.235
261.091 252.404 113.304 112.235
251.321 229.310 113.304 112.235
248.656 188.451 113.304 112.235
240.662 161.804 113.304 112.235
235.332 154.698 113.304 112.235
222.897 159.139 113.304 112.235
206.021 167.133 113.304 112.235
213.126 164.469 113.304 112.235
245.103 152.922 113.304 112.235
264.644 139.598 113.304 112.235
277.079 137.822 113.304 112.235
276.191 151.145 113.304 112.235
259.315 168.022 113.304 112.235
242.438 180.457 113.304 112.235
236.221 183.122 113.304 112.235
238.885 179.569 113.304 112.235
246.879 181.345 113.304 112.235
237.109 192.892 113.304 112.235
209.574 203.551 113.304 112.235
199.803 207.104 113.304 112.235
210.462 196.445 113.304 112.235
225.562 182.233 113.304 112.235
237.109 178.681 113.304 112.235
238.885 186.675 113.304 112.235
237.109 195.557 113.304 112.235
237.109 199.110 113.304 112.235
228.226 202.663 113.304 112.235
212.238 214.210 113.304 112.235
206.909 228.422 113.304 112.235
215.791 232.863 113.304 112.235
218.456 227.533 113.304 112.235
215.223 223.401 110.888 109.842
212.617 220.795 110.888 109.842
223.040 210.371 110.888 109.842
249.099 181.707 110.888 109.842
273.421 160.860 110.888 109.842
277.764 157.385 110.888 109.842
277.764 166.071 110.888 109.842
273.421 187.787 110.888 109.842
266.472 211.240 110.888 109.842
261.574 225.441 108.523 107.499
242.001 222.888 108.523 107.499
218.174 223.739 108.523 107.499
216.472 234.801 108.523 107.499
227.535 245.013 108.523 107.499
236.895 241.609 108.523 107.499
238.597 223.739 108.523 107.499
241.150 208.421 108.523 107.499
257.319 206.719 108.523 107.499
286.252 211.825 108.523 107.499
300.719 209.272 108.523 107.499
294.762 200.762 108.523 107.499
280.295 199.911 108.523 107.499
270.935 208.421 108.523 107.499
265.829 222.888 108.523 107.499
255.617 236.503 108.523 107.499
253.915 239.056 108.523 107.499
260.723 233.099 108.523 107.499
266.680 224.590 108.523 107.499
261.574 215.229 108.523 107.499
257.319 210.123 108.523 107.499
255.617 205.017 108.523 107.499
259.872 202.464 108.523 107.499
267.531 193.103 108.523 107.499
269.233 187.997 108.523 107.499
270.084 193.954 108.523 107.499
277.742 209.272 108.523 107.499
286.252 222.037 108.523 107.499
290.813 229.991 106.209 105.207
276.981 231.113 103.944 102.963
248.501 235.181 103.944 102.963
228.158 236.809 103.944 102.963
215.952 222.162 103.944 102.963
205.373 193.681 103.944 102.963
205.373 170.897 103.944 102.963
213.510 163.573 103.944 102.963
226.530 170.897 103.944 102.963
240.363 181.475 103.944 102.963
248.501 183.103 103.944 102.963
255.824 185.544 103.944 102.963
268.844 201.005 103.944 102.963
285.118 225.416 103.944 102.963
294.069 248.201 103.944 102.963
286.746 244.132 103.944 102.963
277.795 214.024 103.944 102.963
263.961 198.564 103.944 102.963
246.059 193.681 103.944 102.963
225.716 196.936 103.944 102.963
218.393 214.838 103.944 102.963
228.971 229.485 103.944 102.963
244.432 225.416 103.944 102.963
263.961 225.416 103.944 102.963
274.540 230.299 103.944 102.963
275.354 240.064 103.944 102.963
273.726 253.083 103.944 102.963
271.285 258.779 103.944 102.963
272.099 255.524 103.944 102.963
272.912 249.014 103.944 102.963
275.354 239.250 103.944 102.963
276.981 231.113 103.944 102.963
270.471 231.113 103.944 102.963
261.520 238.436 103.944 102.963
254.197 240.064 103.944 102.963
252.569 230.299 103.944 102.963
251.756 218.907 103.944 102.963
248.501 216.465 103.944 102.963
244.432 218.093 103.944 102.963
249.314 223.789 103.944 102.963
260.707 225.416 103.944 102.963
276.981 216.465 103.944 102.963
289.187 203.446 103.944 102.963
293.256 191.240 103.944 102.963
287.559 190.426 103.944 102.963
281.863 195.309 103.944 102.963
277.795 203.446 103.944 102.963
261.001 211.054 101.727 100.767
240.252 201.477 101.727 100.767
224.291 192.699 101.727 100.767
222.695 195.891 101.727 100.767
228.282 214.246 101.727 100.767
247.434 249.359 101.727 100.767
274.568 278.089 101.727 100.767
296.913 259.734 101.727 100.767
316.066 239.783 101.727 100.767
314.470 228.610 101.727 100.767
296.115 221.428 101.727 100.767
276.164 227.014 101.727 100.767
245.040 237.389 101.727 100.767
225.089 236.591 101.727 100.767
241.848 234.995 101.727 100.767
282.548 237.389 101.727 100.767
309.682 234.197 101.727 100.767
328.036 227.812 101.727 100.767
337.613 228.610 101.727 100.767
344.795 237.389 101.727 100.767
348.785 235.793 101.727 100.767
349.583 227.812 101.727 100.767
340.805 229.408 101.727 100.767
317.662 245.369 101.727 100.767
297.711 260.532 101.727 100.767
294.519 253.350 101.727 100.767
303.297 241.379 101.727 100.767
312.874 238.187 101.727 100.767
327.238 246.167 101.727 100.767
346.678 259.212 99.558 98.619
356.823 247.506 99.558 98.619
341.996 219.412 99.558 98.619
307.658 178.832 99.558 98.619
287.368 163.224 99.558 98.619
282.686 168.687 99.558 98.619
281.125 187.416 99.558 98.619
270.980 207.706 99.558 98.619
250.690 227.997 99.558 98.619
228.839 240.483 99.558 98.619
218.694 241.263 99.558 98.619
220.254 243.604 99.558 98.619
229.619 245.946 99.558 98.619
246.007 235.801 99.558 98.619
251.470 203.804 99.558 98.619
240.545 179.612 99.558 98.619
233.521 171.028 99.558 98.619
227.278 176.491 99.558 98.619
209.329 190.538 99.558 98.619
193.721 204.585 99.558 98.619
188.258 207.706 99.558 98.619
184.356 210.828 99.558 98.619
178.894 224.875 99.558 98.619
182.015 234.240 99.558 98.619
204.928 236.852 97.435 96.515
236.200 230.750 97.435 96.515
268.236 220.834 97.435 96.515
294.932 217.021 97.435 96.515
310.949 223.123 97.435 96.515
310.187 237.615 97.435 96.515
283.767 250.085 95.357 94.457
242.678 233.650 95.357 94.457
212.796 219.456 95.357 94.457
188.143 217.962 95.357 94.457
181.420 229.167 95.357 94.457
207.567 235.891 95.357 94.457
231.473 220.203 95.357 94.457
247.161 202.273 95.357 94.457
263.596 197.044 95.357 94.457
287.194 198.240 97.467 96.547
320.841 203.593 97.467 96.547
334.880 209.975 95.388 94.488
326.663 206.987 95.388 94.488
304.251 199.517 95.388 94.488
265.404 181.587 95.388 94.488
239.257 160.670 95.388 94.488
248.969 148.717 95.388 94.488
279.598 142.740 95.388 94.488
296.033 132.281 95.388 94.488
304.251 121.823 95.388 94.488
303.504 127.799 95.388 94.488
303.504 153.946 95.388 94.488
307.239 194.287 95.388 94.488
307.239 227.158 95.388 94.488
307.239 229.399 95.388 94.488
304.998 217.446 95.388 94.488
296.780 203.999 95.388 94.488
292.298 192.793 95.388 94.488
289.749 172.324 97.499 96.579
288.984 142.501 97.499 96.579
287.455 98.148 97.499 96.579
304.278 77.501 97.499 96.579
323.396 94.324 97.499 96.579
332.572 134.854 97.499 96.579
318.808 165.442 97.499 96.579
302.749 183.030 97.499 96.579
289.749 200.618 97.499 96.579
280.572 216.677 97.499 96.579
271.396 228.148 97.499 96.579
266.808 231.971 97.499 96.579
273.200 237.589 95.419 94.519
281.418 236.095 95.419 94.519
288.141 224.142 95.419 94.519
294.865 212.936 95.419 94.519
306.818 197.995 95.419 94.519
315.782 191.272 95.419 94.519
323.523 194.521 93.385 92.504
335.225 201.103 93.385 92.504
333.763 218.656 93.385 92.504
319.135 236.940 93.385 92.504
297.194 256.687 93.385 92.504
274.521 266.195 93.385 92.504
265.014 265.464 93.385 92.504
260.625 259.613 93.385 92.504
248.192 238.403 93.385 92.504
238.684 199.640 93.385 92.504
259.894 182.819 93.385 92.504
279.641 178.431 93.385 92.504
295.000 181.356 93.385 92.504
308.896 197.446 93.385 92.504
324.986 214.268 93.385 92.504
341.808 234.015 93.385 92.504
349.121 258.150 93.385 92.504
342.539 266.927 93.385 92.504
325.718 270.584 93.385 92.504
293.537 273.509 93.385 92.504
251.849 274.972 93.385 92.504
219.669 271.315 93.385 92.504
215.280 253.031 93.385 92.504
224.057 225.970 93.385 92.504
224.057 201.103 93.385 92.504
237.221 190.133 93.385 92.504
263.981 186.184 95.451 94.550
293.863 186.184 95.451 94.550
310.298 186.931 95.451 94.550
317.022 190.666 95.451 94.550
322.998 202.619 95.451 94.550
326.733 217.560 95.451 94.550
311.792 232.501 95.451 94.550
279.669 235.490 95.451 94.550
238.104 237.245 93.415 92.534
198.308 234.758 95.482 94.581
181.830 231.013 95.482 94.581
195.312 233.260 95.482 94.581
227.520 234.009 95.482 94.581
250.739 231.013 95.482 94.581
256.732 226.519 95.482 94.581
279.951 228.017 95.482 94.581
341.371 220.527 95.482 94.581
369.085 211.539 95.482 94.581
342.120 207.794 95.482 94.581
278.453 206.296 95.482 94.581
202.053 216.782 95.482 94.581
163.853 219.778 95.482 94.581
162.355 212.288 95.482 94.581
189.320 189.068 95.482 94.581
218.532 165.849 95.482 94.581
220.030 157.609 95.482 94.581
223.026 171.092 95.482 94.581
235.010 198.056 95.482 94.581
238.755 227.268 95.482 94.581
235.010 248.241 95.482 94.581
241.002 261.723 95.482 94.581
249.241 266.217 95.482 94.581
238.755 257.229 95.482 94.581
220.030 253.484 95.482 94.581
226.022 267.715 95.482 94.581
252.986 284.194 95.482 94.581
273.210 285.692 95.482 94.581
274.708 274.456 95.482 94.581
273.959 251.986 95.482 94.581
283.696 212.288 95.482 94.581
274.708 161.354 95.482 94.581
252.986 150.868 95.482 94.581
238.006 162.104 95.482 94.581
232.763 181.578 95.482 94.581
228.269 216.782 95.482 94.581
226.771 245.245 95.482 94.581
234.261 257.229 95.482 94.581
242.500 248.990 95.482 94.581
247.743 235.507 95.482 94.581
246.994 229.515 95.482 94.581
258.230 226.519 95.482 94.581
279.951 215.284 95.482 94.581
282.947 204.049 95.482 94.581
271.712 191.315 95.482 94.581
278.453 180.829 95.482 94.581
294.183 179.331 95.482 94.581
297.179 195.809 95.482 94.581
282.198 225.770 95.482 94.581
273.210 251.986 95.482 94.581
284.445 264.719 95.482 94.581
289.688 255.731 95.482 94.581
277.704 242.249 95.482 94.581
271.232 238.763 93.446 92.564
273.426 239.494 93.446 92.564
273.426 236.569 93.446 92.564
268.307 227.792 93.446 92.564
260.261 220.479 93.446 92.564
256.605 221.210 93.446 92.564
250.754 227.792 93.446 92.564
240.514 229.987 93.446 92.564
239.783 225.598 93.446 92.564
267.840 222.197 91.453 90.590
288.652 223.632 91.453 90.590
279.323 233.679 91.453 90.590
258.511 242.291 91.453 90.590
256.358 241.573 91.453 90.590
265.687 230.809 91.453 90.590
272.146 218.609 91.453 90.590
271.428 216.456 91.453 90.590
275.734 220.044 91.453 90.590
285.781 224.350 91.453 90.590
282.193 225.068 91.453 90.590
275.017 225.068 91.453 90.590
275.017 220.044 91.453 90.590
277.170 222.915 91.453 90.590
279.323 231.526 91.453 90.590
272.146 244.444 91.453 90.590
268.558 250.903 91.453 90.590
277.170 240.138 91.453 90.590
287.934 225.068 91.453 90.590
285.781 222.197 91.453 90.590
277.887 230.091 91.453 90.590
269.993 242.291 91.453 90.590
269.275 235.832 91.453 90.590
272.864 215.738 91.453 90.590
275.734 208.562 91.453 90.590
280.040 213.585 91.453 90.590
277.887 228.656 91.453 90.590
271.428 239.421 91.453 90.590
267.840 240.856 91.453 90.590
268.558 236.550 91.453 90.590
271.428 232.244 91.453 90.590
262.817 232.244 91.453 90.590
252.770 243.009 91.453 90.590
252.052 254.491 91.453 90.590
252.770 251.621 91.453 90.590
254.923 242.291 91.453 90.590
254.205 237.985 91.453 90.590
252.770 244.444 91.453 90.590
253.487 256.644 91.453 90.590
256.615 264.786 89.503 88.658
257.317 268.296 89.503 88.658
256.615 267.594 89.503 88.658
254.509 261.277 89.503 88.658
247.490 254.257 89.503 88.658
245.384 248.641 89.503 88.658
245.096 234.323 91.483 90.620
243.660 224.276 91.483 90.620
243.660 223.559 91.483 90.620
246.531 226.429 91.483 90.620
250.119 222.841 91.483 90.620
252.990 214.229 91.483 90.620
255.143 211.359 91.483 90.620
256.578 219.970 91.483 90.620
257.296 236.476 91.483 90.620
259.449 246.523 91.483 90.620
257.296 241.500 91.483 90.620
256.578 232.888 91.483 90.620
267.343 227.147 91.483 90.620
268.060 229.300 91.483 90.620
265.190 237.194 91.483 90.620
255.860 242.217 91.483 90.620
253.708 240.782 91.483 90.620
256.578 231.453 91.483 90.620
255.143 224.994 91.483 90.620
244.378 237.912 91.483 90.620
239.355 252.265 91.483 90.620
241.508 255.853 91.483 90.620
252.990 255.853 91.483 90.620
273.084 244.370 91.483 90.620
282.413 232.170 91.483 90.620
266.625 236.476 91.483 90.620
246.531 248.676 91.483 90.620
265.190 258.723 91.483 90.620
286.002 251.547 91.483 90.620
278.825 235.759 91.483 90.620
257.296 229.300 91.483 90.620
242.943 231.453 91.483 90.620
238.637 234.323 91.483 90.620
242.225 233.606 91.483 90.620
242.225 230.017 91.483 90.620
237.919 231.453 91.483 90.620
236.484 231.453 91.483 90.620
242.943 235.759 91.483 90.620
243.660 246.523 91.483 90.620
258.731 255.135 91.483 90.620
302.508 255.135 91.483 90.620
319.013 245.806 91.483 90.620
289.590 245.806 91.483 90.620
246.954 254.850 93.507 92.625
219.821 270.250 93.507 92.625
224.954 273.917 93.507 92.625
249.888 264.384 93.507 92.625
258.688 262.184 93.507 92.625
244.754 262.917 93.507 92.625
227.888 264.384 93.507 92.625
217.621 265.850 93.507 92.625
224.954 268.050 93.507 92.625
241.088 268.784 93.507 92.625
246.221 260.717 93.507 92.625
245.488 253.384 93.507 92.625
236.688 252.650 93.507 92.625
236.688 246.050 93.507 92.625
245.488 236.517 93.507 92.625
247.688 229.917 93.507 92.625
245.488 226.250 93.507 92.625
244.754 218.184 93.507 92.625
249.154 214.517 93.507 92.625
252.088 222.584 93.507 92.625
245.488 250.450 93.507 92.625
232.288 284.184 93.507 92.625
230.088 286.384 93.507 92.625
238.888 263.650 93.507 92.625
246.221 244.584 93.507 92.625
255.754 227.717 93.507 92.625
259.421 210.117 93.507 92.625
253.554 196.917 93.507 92.625
247.688 182.984 93.507 92.625
250.621 166.117 93.507 92.625
254.288 158.784 93.507 92.625
261.621 163.184 93.507 92.625
270.421 179.317 93.507 92.625
274.088 206.450 93.507 92.625
276.288 237.984 93.507 92.625
277.754 235.784 93.507 92.625
275.554 213.050 93.507 92.625
274.088 198.384 93.507 92.625
290.221 196.917 93.507 92.625
310.754 202.784 93.507 92.625
316.621 213.784 93.507 92.625
304.888 218.917 93.507 92.625
293.154 221.117 93.507 92.625
293.888 226.250 93.507 92.625
297.554 243.117 93.507 92.625
307.088 268.050 93.507 92.625
316.151 280.038 91.513 90.650
307.540 270.708 91.513 90.650
297.493 250.614 91.513 90.650
291.751 228.367 91.513 90.650
290.316 207.556 91.513 90.650
288.163 201.814 91.513 90.650
287.445 208.273 91.513 90.650
296.057 219.756 91.513 90.650
307.540 228.367 91.513 90.650
309.693 232.673 91.513 90.650
306.104 238.414 91.513 90.650
298.210 248.461 91.513 90.650
294.622 250.614 91.513 90.650
294.622 242.003 91.513 90.650
293.904 227.650 91.513 90.650
294.622 211.144 91.513 90.650
297.493 203.250 91.513 90.650
297.493 198.944 91.513 90.650
299.645 200.379 91.513 90.650
309.693 203.967 91.513 90.650
326.198 218.320 91.513 90.650
330.504 235.544 91.513 90.650
310.410 252.050 91.513 90.650
279.551 254.920 91.513 90.650
259.457 249.897 91.513 90.650
243.669 242.720 91.513 90.650
232.187 220.473 91.513 90.650
227.881 188.897 91.513 90.650
243.669 176.697 91.513 90.650
263.045 181.003 91.513 90.650
273.810 194.638 91.513 90.650
278.116 205.403 91.513 90.650
283.140 208.991 91.513 90.650
288.881 212.579 91.513 90.650
292.469 214.014 91.513 90.650
293.187 216.167 91.513 90.650
291.034 216.885 91.513 90.650
