227.000 207.000 122.000 99.000
240.029 209.606 122.000 99.000
255.665 212.212 122.000 99.000
259.139 223.504 122.000 99.000
259.139 232.190 122.000 99.000
255.665 240.876 122.000 99.000
248.716 247.825 122.000 99.000
243.504 252.169 122.000 99.000
251.322 253.906 122.000 99.000
262.614 261.724 122.000 99.000
259.139 271.278 122.000 99.000
251.322 271.278 122.000 99.000
251.322 271.278 122.000 99.000
260.008 279.096 122.000 99.000
266.957 292.994 122.000 99.000
274.775 305.155 122.000 99.000
277.768 309.271 124.699 101.190
263.109 312.127 122.040 99.032
244.000 299.966 122.040 99.032
240.044 283.235 124.740 101.224
247.150 269.024 124.740 101.224
263.138 259.253 124.740 101.224
274.685 264.582 124.740 101.224
261.361 284.124 124.740 101.224
231.558 300.768 127.500 103.463
217.032 301.676 127.500 103.463
237.005 276.257 127.500 103.463
261.517 257.192 127.500 103.463
277.858 257.192 127.500 103.463
288.752 267.178 127.500 103.463
282.849 272.821 124.781 101.257
251.268 265.483 127.542 103.497
217.175 257.983 130.364 105.787
203.694 253.535 127.584 103.531
213.225 255.546 124.863 101.323
217.676 256.436 124.863 101.323
219.856 255.316 127.625 103.565
221.676 259.865 127.625 103.565
215.307 264.414 127.625 103.565
211.209 259.149 124.904 101.356
208.538 244.016 124.904 101.356
209.428 227.102 124.904 101.356
224.070 210.848 127.667 103.599
234.078 212.667 127.667 103.599
224.070 233.593 127.667 103.599
217.702 254.518 127.667 103.599
220.838 264.290 130.492 105.891
237.100 274.713 127.709 103.633
228.409 284.484 130.535 105.926
218.600 287.959 133.423 108.269
216.698 276.548 133.423 108.269
205.287 254.675 133.423 108.269
198.630 229.950 133.423 108.269
211.464 222.545 130.578 105.960
223.080 226.463 127.793 103.701
231.268 228.283 127.793 103.701
238.547 221.914 127.793 103.701
245.825 212.816 127.793 103.701
239.456 213.726 127.793 103.701
218.531 227.373 127.793 103.701
198.515 248.299 127.793 103.701
196.696 254.667 127.793 103.701
218.531 247.389 127.793 103.701
239.456 239.201 127.793 103.701
250.374 225.554 127.793 103.701
251.284 214.636 127.793 103.701
245.825 207.357 127.793 103.701
226.215 210.759 130.620 105.995
199.262 222.842 130.620 105.995
181.088 219.810 133.510 108.340
177.284 202.693 133.510 108.340
178.235 172.261 133.510 108.340
175.382 167.506 133.510 108.340
177.284 181.771 133.510 108.340
203.912 181.771 133.510 108.340
236.245 177.016 133.510 108.340
232.441 204.595 133.510 108.340
217.225 258.800 133.510 108.340
232.441 314.908 133.510 108.340
279.990 337.732 133.510 108.340
306.617 323.467 133.510 108.340
285.170 290.886 136.464 110.737
244.323 254.902 136.464 110.737
203.476 224.753 136.464 110.737
187.915 220.863 136.464 110.737
192.778 235.451 136.464 110.737
197.640 251.984 136.464 110.737
197.640 251.984 136.464 110.737
204.448 233.506 136.464 110.737
210.284 209.192 136.464 110.737
207.801 192.406 139.484 113.187
202.831 193.400 139.484 113.187
198.854 210.300 139.484 113.187
210.784 225.212 139.484 113.187
236.631 220.242 139.484 113.187
255.519 208.312 139.484 113.187
268.443 213.283 139.484 113.187
298.266 228.195 139.484 113.187
332.066 237.142 139.484 113.187
354.382 236.884 142.570 115.692
354.382 223.680 142.570 115.692
337.115 207.429 142.570 115.692
308.676 203.366 142.570 115.692
290.394 205.397 142.570 115.692
289.378 207.429 142.570 115.692
291.914 209.678 139.529 113.225
284.955 217.631 139.529 113.225
275.014 231.549 139.529 113.225
269.543 240.709 136.554 110.810
273.867 241.428 139.575 113.262
280.826 242.422 139.575 113.262
257.962 252.363 139.575 113.262
223.612 263.040 142.663 115.768
210.408 250.851 142.663 115.768
229.706 229.522 142.663 115.768
255.098 211.240 142.663 115.768
266.270 199.051 142.663 115.768
257.129 212.255 142.663 115.768
240.878 228.506 142.663 115.768
237.831 241.710 142.663 115.768
241.894 243.742 142.663 115.768
259.614 242.461 145.820 118.329
273.124 239.343 145.820 118.329
264.810 228.951 145.820 118.329
255.457 227.912 145.820 118.329
263.771 228.951 145.820 118.329
281.437 231.030 145.820 118.329
280.398 218.559 145.820 118.329
265.849 204.010 145.820 118.329
250.261 194.657 145.820 118.329
253.378 193.618 145.820 118.329
260.653 194.657 145.820 118.329
245.065 194.657 145.820 118.329
214.928 190.500 145.820 118.329
199.339 183.226 145.820 118.329
208.692 183.226 145.820 118.329
221.163 182.187 145.820 118.329
201.418 181.147 145.820 118.329
156.731 184.265 145.820 118.329
139.065 192.579 145.820 118.329
183.751 195.696 145.820 118.329
247.143 196.736 145.820 118.329
280.398 198.814 145.820 118.329
284.555 199.853 145.820 118.329
281.953 202.154 142.710 115.806
261.639 193.013 142.710 115.806
221.012 189.966 142.710 115.806
192.573 188.950 142.710 115.806
195.620 189.966 142.710 115.806
208.823 190.982 142.710 115.806
210.855 187.934 142.710 115.806
199.682 182.856 142.710 115.806
197.651 182.856 142.710 115.806
201.714 180.825 142.710 115.806
221.012 177.778 142.710 115.806
249.451 165.589 142.710 115.806
266.718 151.370 142.710 115.806
252.498 150.354 142.710 115.806
244.878 160.730 139.667 113.336
259.790 158.742 139.667 113.336
285.637 149.795 139.667 113.336
296.573 151.783 139.667 113.336
286.631 184.589 139.667 113.336
269.731 224.354 139.667 113.336
262.222 240.000 142.757 115.844
264.257 232.876 142.757 115.844
259.169 211.506 142.757 115.844
247.413 193.942 145.915 118.407
230.786 192.903 145.915 118.407
221.433 196.020 145.915 118.407
217.792 198.322 142.803 115.881
222.368 196.505 139.758 113.410
242.290 187.540 139.758 113.410
265.199 178.575 139.758 113.410
272.172 179.571 139.758 113.410
269.184 184.552 139.758 113.410
273.168 191.524 139.758 113.410
275.160 206.465 139.758 113.410
271.176 223.399 139.758 113.410
263.701 238.553 136.778 110.992
261.752 237.579 136.778 110.992
264.137 219.784 139.804 113.447
272.106 204.843 139.804 113.447
270.114 189.902 139.804 113.447
252.184 178.945 139.804 113.447
243.714 180.155 136.823 111.028
236.893 187.951 136.823 111.028
225.199 203.543 136.823 111.028
224.224 223.033 136.823 111.028
247.612 235.702 136.823 111.028
282.695 224.007 136.823 111.028
308.032 209.390 136.823 111.028
306.083 194.772 136.823 111.028
303.159 186.976 136.823 111.028
320.700 186.976 136.823 111.028
339.216 184.053 136.823 111.028
352.369 176.466 133.905 108.660
351.416 172.654 133.905 108.660
328.546 179.325 133.905 108.660
312.346 192.666 133.905 108.660
332.357 194.572 133.905 108.660
377.146 191.713 133.905 108.660
406.687 187.901 133.905 108.660
415.263 188.854 133.905 108.660
421.934 199.336 133.905 108.660
434.322 203.148 133.905 108.660
447.663 194.572 133.905 108.660
442.899 182.183 133.905 108.660
416.216 183.136 133.905 108.660
380.004 195.525 133.905 108.660
339.453 198.134 136.867 111.065
318.988 201.058 136.867 111.065
325.809 199.109 136.867 111.065
339.937 192.497 133.949 108.696
353.306 181.993 133.949 108.696
364.283 178.378 131.092 106.378
356.817 183.044 131.092 106.378
346.966 194.934 133.993 108.732
339.327 207.348 133.993 108.732
316.410 203.528 133.993 108.732
272.958 192.274 131.135 106.413
230.958 192.274 131.135 106.413
207.156 195.275 128.339 104.144
212.638 198.016 128.339 104.144
226.344 198.016 128.339 104.144
227.713 190.903 125.602 101.923
210.725 192.692 125.602 101.923
199.995 207.892 125.602 101.923
214.301 223.092 125.602 101.923
248.676 232.693 128.381 104.178
268.778 237.262 128.381 104.178
248.676 236.348 128.381 104.178
213.041 228.125 128.381 104.178
185.629 222.642 128.381 104.178
183.802 220.815 128.381 104.178
211.214 218.988 128.381 104.178
259.641 216.246 128.381 104.178
289.794 218.074 128.381 104.178
285.225 222.642 128.381 104.178
250.045 226.494 125.643 101.956
196.398 225.600 125.643 101.956
149.010 222.918 125.643 101.956
133.810 214.871 125.643 101.956
149.010 202.353 125.643 101.956
176.728 194.306 125.643 101.956
191.928 190.730 125.643 101.956
199.080 190.730 125.643 101.956
213.386 191.624 125.643 101.956
236.633 192.518 125.643 101.956
255.410 196.989 125.643 101.956
257.198 203.247 125.643 101.956
249.151 207.718 125.643 101.956
238.867 218.640 122.964 99.782
234.485 228.282 122.964 99.782
233.608 242.305 122.964 99.782
236.238 243.182 122.964 99.782
244.126 221.270 122.964 99.782
249.385 196.729 122.964 99.782
247.632 199.358 122.964 99.782
243.250 220.393 122.964 99.782
235.361 237.923 122.964 99.782
222.214 248.440 122.964 99.782
209.067 247.564 122.964 99.782
209.067 231.787 122.964 99.782
214.326 207.246 122.964 99.782
217.390 197.793 120.341 97.654
226.816 203.791 120.341 97.654
246.523 222.642 120.341 97.654
256.806 238.922 120.341 97.654
254.235 244.920 120.341 97.654
245.667 232.924 120.341 97.654
246.523 218.357 120.341 97.654
255.518 209.116 117.775 95.572
258.875 209.955 117.775 95.572
261.768 211.416 120.381 97.686
265.623 211.600 117.814 95.603
269.396 207.585 115.301 93.564
276.791 205.941 115.301 93.564
288.292 203.477 115.301 93.564
293.222 193.618 115.301 93.564
292.400 181.294 115.301 93.564
282.542 178.008 115.301 93.564
269.396 187.867 115.301 93.564
277.612 211.692 115.301 93.564
301.438 234.696 115.301 93.564
314.583 225.659 115.301 93.564
303.902 198.547 115.301 93.564
280.898 186.224 115.301 93.564
264.467 191.975 115.301 93.564
268.161 206.118 112.842 91.569
284.240 216.568 112.842 91.569
287.011 218.771 115.339 93.595
284.546 213.842 115.339 93.595
282.903 193.303 115.339 93.595
271.401 172.763 115.339 93.595
279.617 171.120 115.339 93.595
303.442 182.622 115.339 93.595
312.479 194.946 115.339 93.595
290.297 183.444 115.339 93.595
250.449 178.691 112.879 91.599
227.939 180.299 112.879 91.599
231.154 180.299 112.879 91.599
248.841 171.455 112.879 91.599
266.527 166.632 112.879 91.599
268.939 165.024 112.879 91.599
250.044 162.785 110.472 89.646
219.380 165.144 110.472 89.646
202.868 177.724 110.472 89.646
199.723 190.305 110.472 89.646
183.561 192.458 112.916 91.629
161.855 203.713 112.916 91.629
157.836 214.968 112.916 91.629
170.699 210.144 112.916 91.629
189.993 194.066 112.916 91.629
202.452 187.808 110.508 89.675
191.444 190.166 110.508 89.675
177.291 201.961 110.508 89.675
183.973 214.711 108.152 87.763
199.385 204.693 108.152 87.763
209.402 186.199 108.152 87.763
217.108 166.934 108.152 87.763
237.914 159.999 108.152 87.763
254.867 164.623 108.152 87.763
254.097 183.887 108.152 87.763
246.735 196.787 110.545 89.704
242.794 195.999 110.545 89.704
237.277 172.352 110.545 89.704
224.665 147.128 110.545 89.704
212.053 144.764 110.545 89.704
217.571 157.375 110.545 89.704
232.547 179.446 110.545 89.704
245.159 189.693 110.545 89.704
255.406 177.869 110.545 89.704
268.806 164.469 110.545 89.704
282.597 160.696 108.187 87.791
287.220 171.485 108.187 87.791
281.826 185.355 108.187 87.791
253.659 186.696 110.581 89.734
205.576 175.661 110.581 89.734
171.285 167.159 108.223 87.820
162.038 167.929 108.223 87.820
160.496 174.864 108.223 87.820
167.432 182.570 108.223 87.820
173.940 178.516 110.617 89.763
198.376 172.211 110.617 89.763
229.117 164.328 110.617 89.763
246.458 163.540 110.617 89.763
249.611 161.964 110.617 89.763
250.399 159.599 110.617 89.763
241.729 165.905 110.617 89.763
233.058 178.516 110.617 89.763
225.964 192.705 110.617 89.763
205.470 202.952 110.617 89.763
174.729 205.316 110.617 89.763
142.014 207.062 108.258 87.849
121.208 202.438 108.258 87.849
118.126 197.044 108.258 87.849
133.151 197.210 105.950 85.976
158.062 194.191 105.950 85.976
180.709 184.377 105.950 85.976
198.827 179.848 105.950 85.976
216.190 177.583 105.950 85.976
234.308 176.073 105.950 85.976
241.102 164.749 105.950 85.976
231.288 150.406 105.950 85.976
210.151 151.161 105.950 85.976
198.827 160.220 105.950 85.976
210.151 161.730 105.950 85.976
231.663 164.156 103.690 84.142
244.229 157.503 103.690 84.142
256.796 146.415 103.690 84.142
265.667 145.676 103.690 84.142
261.971 147.154 103.690 84.142
254.578 157.503 103.690 84.142
246.447 175.245 103.690 84.142
242.751 190.029 103.690 84.142
242.012 192.247 103.690 84.142
248.665 191.507 103.690 84.142
256.057 182.637 103.690 84.142
264.188 170.809 103.690 84.142
282.296 162.836 101.479 82.348
306.172 169.348 101.479 82.348
329.325 188.159 101.479 82.348
329.325 209.142 101.479 82.348
304.002 229.401 101.479 82.348
274.337 239.530 101.479 82.348
256.249 223.612 101.479 82.348
260.590 198.289 101.479 82.348
251.908 178.754 101.479 82.348
241.055 180.924 101.479 82.348
255.525 200.459 101.479 82.348
274.337 221.442 101.479 82.348
269.996 225.059 101.479 82.348
267.102 206.248 101.479 82.348
273.613 182.371 101.479 82.348
270.719 181.648 101.479 82.348
275.784 206.248 101.479 82.348
284.101 229.555 99.315 80.592
291.888 216.814 99.315 80.592
300.382 194.163 99.315 80.592
298.258 194.163 99.315 80.592
294.719 210.443 99.315 80.592
297.901 224.044 97.197 78.873
293.749 212.969 97.197 78.873
271.600 196.358 97.197 78.873
249.451 188.744 97.197 78.873
246.682 194.281 97.197 78.873
263.986 215.738 97.197 78.873
274.712 228.346 95.124 77.191
283.532 218.848 95.124 77.191
286.924 198.495 95.124 77.191
296.080 193.890 93.096 75.545
310.293 202.333 95.155 77.216
322.162 211.976 93.126 75.570
301.913 204.513 95.187 77.242
263.546 190.089 97.293 78.951
236.552 177.631 97.293 78.951
233.399 178.834 99.445 80.697
224.549 192.435 97.325 78.976
207.891 200.765 97.325 78.976
214.832 202.847 97.325 78.976
250.232 200.765 97.325 78.976
263.420 199.376 97.325 78.976
245.373 203.541 97.325 78.976
217.258 212.019 95.249 77.292
218.615 214.732 95.249 77.292
258.979 208.772 93.218 75.644
283.872 195.306 95.280 77.318
275.355 186.309 97.388 79.028
262.167 188.392 97.388 79.028
246.896 193.945 97.388 79.028
250.367 201.580 97.388 79.028
303.464 207.976 95.312 77.343
351.292 202.694 93.279 75.694
356.907 193.216 95.343 77.368
341.641 189.292 93.310 75.718
314.054 184.781 91.320 74.104
266.532 188.687 91.320 74.104
240.785 200.236 93.340 75.743
258.364 211.363 95.405 77.419
292.384 223.610 95.405 77.419
307.658 214.589 97.516 79.132
295.163 202.095 97.516 79.132
264.274 198.774 95.437 77.444
241.141 208.980 95.437 77.444
247.569 221.731 97.548 79.158
265.925 220.161 99.706 80.909
274.759 200.811 101.912 82.699
269.681 189.203 101.912 82.699
257.348 193.556 101.912 82.699
254.044 206.426 104.167 84.529
273.684 213.256 101.946 82.727
292.547 202.374 101.946 82.727
308.507 185.688 101.946 82.727
327.006 180.766 99.772 80.962
346.881 200.640 99.772 80.962
358.947 222.644 99.772 80.962
358.554 218.909 101.979 82.754
355.974 198.406 104.236 84.585
353.002 178.341 104.236 84.585
353.745 172.396 104.236 84.585
360.433 176.855 104.236 84.585
358.572 182.959 102.013 82.781
349.115 186.596 102.013 82.781
315.251 195.137 104.270 84.612
280.657 197.917 106.577 86.484
264.721 196.399 106.577 86.484
247.607 183.301 108.935 88.398
219.226 164.464 111.345 90.354
187.142 158.298 108.970 88.427
166.954 170.722 108.970 88.427
172.737 183.720 111.381 90.383
213.237 185.308 111.381 90.383
254.093 165.250 113.846 92.383
278.036 146.752 111.418 90.413
274.860 145.164 111.418 90.413
272.477 161.841 111.418 90.413
283.951 181.487 113.883 92.413
304.245 181.487 113.883 92.413
303.836 169.485 111.454 90.443
273.659 171.867 111.454 90.443
227.161 194.690 113.920 92.444
199.561 220.666 113.920 92.444
211.738 227.972 113.920 92.444
231.220 222.290 113.920 92.444
227.161 209.302 113.920 92.444
203.172 200.973 116.441 94.489
193.219 216.732 116.441 94.489
203.172 244.932 116.441 94.489
219.760 268.156 116.441 94.489
233.031 268.985 116.441 94.489
242.154 252.397 116.441 94.489
257.083 225.026 116.441 94.489
276.572 216.081 113.958 92.474
276.572 223.387 113.958 92.474
284.241 235.352 116.479 94.520
321.148 238.018 113.995 92.504
343.428 222.383 116.517 94.551
337.162 193.967 119.095 96.643
297.639 179.313 121.730 98.781
243.906 194.047 121.730 98.781
223.106 230.447 121.730 98.781
234.372 246.047 121.730 98.781
256.039 225.247 121.730 98.781
270.772 197.513 121.730 98.781
271.639 198.380 121.730 98.781
278.959 205.954 124.423 100.967
319.728 204.181 124.423 100.967
357.837 201.523 124.423 100.967
369.359 204.181 124.423 100.967
335.680 213.930 124.423 100.967
284.277 222.793 124.423 100.967
235.928 219.017 127.176 103.200
210.062 200.664 129.990 105.484
203.071 182.838 132.866 107.818
218.693 178.306 130.033 105.518
238.590 180.356 127.260 103.268
254.394 181.931 130.075 105.553
276.092 182.615 132.953 107.888
298.821 182.615 132.953 107.888
305.451 176.932 132.953 107.888
284.092 171.004 135.895 110.275
263.751 171.972 135.895 110.275
250.190 174.878 135.895 110.275
239.535 179.721 135.895 110.275
245.827 182.834 132.997 107.924
252.879 176.905 135.939 110.311
253.360 179.050 133.040 107.959
242.418 181.644 135.984 110.348
255.979 195.205 135.984 110.348
301.504 210.703 135.984 110.348
337.343 215.546 135.984 110.348
327.657 207.797 135.984 110.348
297.094 197.858 138.993 112.789
257.978 200.051 136.029 110.384
224.076 200.051 136.029 110.384
208.578 200.051 136.029 110.384
213.853 199.799 139.038 112.826
229.149 196.570 142.114 115.322
231.624 187.200 145.259 117.874
245.546 176.579 148.473 120.482
252.944 174.465 148.473 120.482
248.717 172.351 148.473 120.482
242.376 173.408 148.473 120.482
245.546 175.522 148.473 120.482
236.506 168.905 151.757 123.147
212.139 165.382 155.115 125.872
180.617 169.509 158.547 128.657
176.099 184.191 158.547 128.657
191.911 188.709 158.547 128.657
195.299 185.321 158.547 128.657
180.617 177.415 158.547 128.657
156.899 184.191 158.547 128.657
141.592 203.097 162.055 131.504
136.973 222.731 162.055 131.504
132.353 227.350 162.055 131.504
133.508 221.576 162.055 131.504
139.799 209.727 165.640 134.413
152.132 199.977 169.305 137.387
165.396 201.183 169.305 137.387
173.838 204.801 169.305 137.387
180.466 209.883 165.695 134.457
185.716 198.953 169.361 137.432
177.813 191.403 173.108 140.473
164.246 195.103 173.108 140.473
153.698 204.649 176.938 143.581
151.740 204.321 180.853 146.757
140.722 194.968 184.854 150.004
129.536 191.305 180.912 146.805
125.672 195.170 180.912 146.805
130.111 209.005 184.914 150.054
134.654 220.521 189.006 153.373
134.654 220.521 189.006 153.373
121.183 216.480 189.006 153.373
114.448 208.398 189.006 153.373
115.051 201.313 193.187 156.767
117.804 206.819 193.187 156.767
115.667 216.096 197.462 160.235
107.859 215.729 201.831 163.781
109.296 215.729 201.831 163.781
109.938 206.731 206.296 167.404
105.532 203.794 206.296 167.404
87.171 198.236 201.897 163.834
61.942 203.610 206.364 167.459
45.765 210.963 206.364 167.459
