57.000 156.000 198.000 173.000
58.459 154.541 198.000 173.000
58.459 154.541 198.000 173.000
61.376 153.082 198.000 173.000
62.835 154.541 198.000 173.000
64.294 153.082 198.000 173.000
65.753 156.000 198.000 173.000
68.671 156.000 198.000 173.000
68.671 158.918 198.000 173.000
67.939 158.463 202.381 176.828
69.431 156.971 202.381 176.828
70.923 162.939 202.381 176.828
78.384 164.431 202.381 176.828
64.955 167.416 202.381 176.828
68.685 163.967 206.858 180.740
70.973 165.019 211.435 184.739
70.192 162.975 216.113 188.826
67.802 164.075 220.895 193.004
67.802 165.704 220.895 193.004
67.802 165.704 220.895 193.004
67.802 165.704 220.895 193.004
67.802 165.704 220.895 193.004
67.802 162.445 220.895 193.004
67.802 160.816 220.895 193.004
67.802 159.186 220.895 193.004
66.172 159.186 220.895 193.004
64.543 157.557 220.895 193.004
60.470 153.792 225.782 197.274
58.805 152.128 225.782 197.274
58.805 148.798 225.782 197.274
57.140 145.469 225.782 197.274
53.811 142.139 225.782 197.274
52.889 145.908 220.967 193.067
51.986 143.078 216.255 188.950
51.104 141.904 211.643 184.921
47.982 134.100 211.643 184.921
49.543 138.783 211.643 184.921
47.982 130.979 211.643 184.921
49.543 137.222 211.643 184.921
47.982 130.979 211.643 184.921
49.543 137.222 211.643 184.921
47.982 132.540 211.643 184.921
49.543 140.344 211.643 184.921
47.982 134.100 211.643 184.921
52.665 141.904 211.643 184.921
49.543 134.100 211.643 184.921
49.543 140.344 211.643 184.921
47.982 134.100 211.643 184.921
51.104 140.344 211.643 184.921
49.543 132.540 211.643 184.921
49.543 138.783 211.643 184.921
49.543 132.540 211.643 184.921
49.543 138.783 211.643 184.921
49.543 130.979 211.643 184.921
51.104 137.222 211.643 184.921
51.104 130.979 211.643 184.921
51.104 137.222 211.643 184.921
52.665 132.540 211.643 184.921
52.665 138.783 211.643 184.921
52.665 132.540 211.643 184.921
52.665 138.783 211.643 184.921
52.665 132.540 211.643 184.921
52.665 137.222 211.643 184.921
52.665 132.540 211.643 184.921
52.665 137.222 211.643 184.921
51.104 132.540 211.643 184.921
51.104 135.661 211.643 184.921
51.104 130.979 211.643 184.921
51.104 135.661 211.643 184.921
51.104 130.979 211.643 184.921
51.104 135.661 211.643 184.921
51.104 132.540 211.643 184.921
51.104 137.222 211.643 184.921
51.104 132.540 211.643 184.921
51.104 137.222 211.643 184.921
51.104 132.540 211.643 184.921
51.104 138.783 211.643 184.921
51.104 132.540 211.643 184.921
51.104 138.783 211.643 184.921
51.104 132.540 211.643 184.921
51.104 137.222 211.643 184.921
51.104 134.100 211.643 184.921
52.665 137.222 211.643 184.921
51.104 134.100 211.643 184.921
52.665 138.783 211.643 184.921
52.665 134.100 211.643 184.921
52.665 140.344 211.643 184.921
51.104 135.661 211.643 184.921
52.665 137.222 211.643 184.921
51.104 134.100 211.643 184.921
52.665 140.344 211.643 184.921
51.104 134.100 211.643 184.921
52.665 138.783 211.643 184.921
52.665 135.661 211.643 184.921
52.665 140.344 211.643 184.921
51.104 135.661 211.643 184.921
51.104 130.979 211.643 184.921
51.104 137.222 211.643 184.921
51.104 134.100 211.643 184.921
52.665 138.783 211.643 184.921
52.665 134.100 211.643 184.921
52.665 138.783 211.643 184.921
52.665 132.540 211.643 184.921
52.665 138.783 211.643 184.921
52.665 134.100 211.643 184.921
51.104 130.979 211.643 184.921
51.104 135.661 211.643 184.921
51.104 130.979 211.643 184.921
52.665 137.222 211.643 184.921
51.104 130.979 211.643 184.921
52.665 137.222 211.643 184.921
51.104 132.540 211.643 184.921
51.104 137.222 211.643 184.921
51.104 132.540 211.643 184.921
51.104 138.783 211.643 184.921
51.104 132.540 211.643 184.921
52.665 138.783 211.643 184.921
51.104 130.979 211.643 184.921
52.665 137.222 211.643 184.921
51.104 132.540 211.643 184.921
52.665 137.222 211.643 184.921
51.104 132.540 211.643 184.921
51.104 134.100 211.643 184.921
52.665 137.222 211.643 184.921
51.104 134.100 211.643 184.921
52.665 135.661 211.643 184.921
52.665 135.661 211.643 184.921
52.665 134.100 211.643 184.921
52.665 138.783 211.643 184.921
51.104 132.540 211.643 184.921
51.104 137.222 211.643 184.921
51.104 132.540 211.643 184.921
52.665 138.783 211.643 184.921
51.104 132.540 211.643 184.921
52.665 138.783 211.643 184.921
52.665 134.100 211.643 184.921
52.665 138.783 211.643 184.921
51.104 134.100 211.643 184.921
52.665 137.222 211.643 184.921
51.104 132.540 211.643 184.921
51.104 137.222 211.643 184.921
51.104 132.540 211.643 184.921
51.104 137.222 211.643 184.921
51.104 130.979 211.643 184.921
51.104 135.661 211.643 184.921
51.104 130.979 211.643 184.921
51.104 137.222 211.643 184.921
51.104 132.540 211.643 184.921
51.104 137.222 211.643 184.921
51.104 132.540 211.643 184.921
51.104 137.222 211.643 184.921
51.104 132.540 211.643 184.921
51.104 137.222 211.643 184.921
51.104 132.540 211.643 184.921
51.104 138.783 211.643 184.921
51.104 130.979 211.643 184.921
51.104 137.222 211.643 184.921
51.104 132.540 211.643 184.921
51.104 137.222 211.643 184.921
51.104 130.979 211.643 184.921
51.104 137.222 211.643 184.921
49.543 130.979 211.643 184.921
49.543 137.222 211.643 184.921
49.543 130.979 211.643 184.921
49.543 137.222 211.643 184.921
49.543 130.979 211.643 184.921
51.104 137.222 211.643 184.921
51.104 130.979 211.643 184.921
52.665 137.222 211.643 184.921
51.104 130.979 211.643 184.921
51.104 137.222 211.643 184.921
51.104 130.979 211.643 184.921
51.104 135.661 211.643 184.921
51.104 129.418 211.643 184.921
52.665 138.783 211.643 184.921
51.104 132.540 211.643 184.921
51.104 137.222 211.643 184.921
51.104 130.979 211.643 184.921
52.665 137.222 211.643 184.921
51.104 132.540 211.643 184.921
52.665 138.783 211.643 184.921
52.665 132.540 211.643 184.921
52.665 138.783 211.643 184.921
52.665 134.100 211.643 184.921
54.225 140.344 211.643 184.921
52.665 134.100 211.643 184.921
54.225 140.344 211.643 184.921
52.665 134.100 211.643 184.921
54.225 140.344 211.643 184.921
52.665 135.661 211.643 184.921
52.665 134.100 211.643 184.921
52.665 138.783 211.643 184.921
52.665 134.100 211.643 184.921
52.665 138.783 211.643 184.921
52.665 134.100 211.643 184.921
52.665 138.783 211.643 184.921
52.665 134.100 211.643 184.921
54.225 140.344 211.643 184.921
52.665 134.100 211.643 184.921
52.665 138.783 211.643 184.921
52.665 134.100 211.643 184.921
52.665 138.783 211.643 184.921
52.665 134.100 211.643 184.921
54.225 140.344 211.643 184.921
52.665 132.540 211.643 184.921
52.665 140.344 211.643 184.921
51.104 132.540 211.643 184.921
52.665 138.783 211.643 184.921
52.665 132.540 211.643 184.921
52.665 140.344 211.643 184.921
52.665 134.100 211.643 184.921
54.225 140.344 211.643 184.921
52.665 132.540 211.643 184.921
52.665 138.783 211.643 184.921
51.104 132.540 211.643 184.921
52.665 138.783 211.643 184.921
52.665 132.540 211.643 184.921
52.665 140.344 211.643 184.921
52.665 134.100 211.643 184.921
54.225 140.344 211.643 184.921
52.665 134.100 211.643 184.921
54.225 140.344 211.643 184.921
54.225 134.100 211.643 184.921
54.225 138.783 211.643 184.921
54.225 135.661 211.643 184.921
54.225 138.783 211.643 184.921
52.665 134.100 211.643 184.921
54.225 140.344 211.643 184.921
52.665 134.100 211.643 184.921
52.665 137.222 211.643 184.921
52.665 132.540 211.643 184.921
52.665 138.783 211.643 184.921
52.665 134.100 211.643 184.921
54.225 138.783 211.643 184.921
52.665 134.100 211.643 184.921
52.665 137.222 211.643 184.921
52.665 132.540 211.643 184.921
52.665 138.783 211.643 184.921
51.104 132.540 211.643 184.921
51.104 137.222 211.643 184.921
51.104 132.540 211.643 184.921
51.104 137.222 211.643 184.921
51.104 132.540 211.643 184.921
52.665 138.783 211.643 184.921
51.104 132.540 211.643 184.921
51.104 137.222 211.643 184.921
52.665 130.979 211.643 184.921
51.104 137.222 211.643 184.921
51.104 130.979 211.643 184.921
52.665 135.661 211.643 184.921
52.665 130.979 211.643 184.921
52.665 137.222 211.643 184.921
51.104 130.979 211.643 184.921
52.665 135.661 211.643 184.921
51.104 129.418 211.643 184.921
51.104 137.222 211.643 184.921
51.104 129.418 211.643 184.921
52.665 135.661 211.643 184.921
52.665 130.979 211.643 184.921
52.665 137.222 211.643 184.921
51.104 132.540 211.643 184.921
52.665 138.783 211.643 184.921
52.665 134.100 211.643 184.921
52.665 138.783 211.643 184.921
52.665 134.100 211.643 184.921
52.665 137.222 211.643 184.921
52.665 132.540 211.643 184.921
52.665 137.222 211.643 184.921
52.665 130.979 211.643 184.921
52.665 138.783 211.643 184.921
52.665 132.540 211.643 184.921
52.665 140.344 211.643 184.921
51.104 132.540 211.643 184.921
52.665 138.783 211.643 184.921
52.665 132.540 211.643 184.921
52.665 138.783 211.643 184.921
52.665 132.540 211.643 184.921
52.665 138.783 211.643 184.921
52.665 132.540 211.643 184.921
52.665 137.222 211.643 184.921
51.104 130.979 211.643 184.921
52.665 135.661 211.643 184.921
52.665 132.540 211.643 184.921
51.104 137.222 211.643 184.921
51.104 130.979 211.643 184.921
52.665 135.661 211.643 184.921
52.665 130.979 211.643 184.921
51.104 135.661 211.643 184.921
51.104 130.979 211.643 184.921
52.665 137.222 211.643 184.921
51.104 130.979 211.643 184.921
52.665 135.661 211.643 184.921
52.665 130.979 211.643 184.921
52.665 137.222 211.643 184.921
52.665 132.540 211.643 184.921
52.665 138.783 211.643 184.921
52.665 132.540 211.643 184.921
52.665 137.222 211.643 184.921
52.665 130.979 211.643 184.921
52.665 137.222 211.643 184.921
51.104 130.979 211.643 184.921
52.665 135.661 211.643 184.921
51.104 130.979 211.643 184.921
52.665 137.222 211.643 184.921
51.104 130.979 211.643 184.921
52.665 137.222 211.643 184.921
52.665 132.540 211.643 184.921
52.665 138.783 211.643 184.921
52.665 132.540 211.643 184.921
52.665 138.783 211.643 184.921
52.665 132.540 211.643 184.921
52.665 140.344 211.643 184.921
51.104 134.100 211.643 184.921
54.225 138.783 211.643 184.921
52.665 134.100 211.643 184.921
52.665 138.783 211.643 184.921
52.665 134.100 211.643 184.921
54.225 140.344 211.643 184.921
54.225 134.100 211.643 184.921
54.225 140.344 211.643 184.921
54.225 134.100 211.643 184.921
54.225 140.344 211.643 184.921
54.225 134.100 211.643 184.921
54.225 138.783 211.643 184.921
54.225 135.661 211.643 184.921
54.225 141.904 211.643 184.921
54.225 137.222 211.643 184.921
55.786 141.904 211.643 184.921
57.347 143.465 211.643 184.921
57.347 141.904 211.643 184.921
57.347 146.587 211.643 184.921
55.786 140.344 211.643 184.921
57.347 148.148 211.643 184.921
55.786 143.465 211.643 184.921
55.786 149.708 211.643 184.921
54.225 143.465 211.643 184.921
55.786 148.148 211.643 184.921
55.786 145.026 211.643 184.921
55.786 146.587 211.643 184.921
55.786 145.026 211.643 184.921
55.786 146.587 211.643 184.921
55.786 145.026 211.643 184.921
55.786 148.148 211.643 184.921
55.786 146.587 211.643 184.921
55.786 146.587 211.643 184.921
55.786 143.465 211.643 184.921
55.786 146.587 211.643 184.921
55.786 140.344 211.643 184.921
54.225 135.661 211.643 184.921
52.665 130.979 211.643 184.921
52.665 138.783 211.643 184.921
52.665 134.100 211.643 184.921
54.225 140.344 211.643 184.921
52.665 132.540 211.643 184.921
51.104 137.222 211.643 184.921
51.104 130.979 211.643 184.921
51.104 135.661 211.643 184.921
51.104 132.540 211.643 184.921
51.104 137.222 211.643 184.921
51.104 130.979 211.643 184.921
52.665 137.222 211.643 184.921
52.665 134.100 211.643 184.921
52.665 138.783 211.643 184.921
52.665 134.100 211.643 184.921
52.665 140.344 211.643 184.921
51.104 134.100 211.643 184.921
52.665 138.783 211.643 184.921
52.665 134.100 211.643 184.921
52.665 138.783 211.643 184.921
52.665 134.100 211.643 184.921
52.665 138.783 211.643 184.921
52.665 134.100 211.643 184.921
52.665 138.783 211.643 184.921
52.665 134.100 211.643 184.921
52.665 137.222 211.643 184.921
52.665 137.222 211.643 184.921
51.104 132.540 211.643 184.921
51.104 137.222 211.643 184.921
52.665 132.540 211.643 184.921
52.665 138.783 211.643 184.921
51.104 132.540 211.643 184.921
51.104 137.222 211.643 184.921
51.104 130.979 211.643 184.921
52.665 137.222 211.643 184.921
52.665 134.100 211.643 184.921
54.225 140.344 211.643 184.921
54.225 135.661 211.643 184.921
54.225 138.783 211.643 184.921
54.225 134.100 211.643 184.921
55.786 140.344 211.643 184.921
54.225 138.783 211.643 184.921
52.665 137.222 211.643 184.921
49.543 137.222 211.643 184.921
46.422 143.465 211.643 184.921
43.300 148.148 211.643 184.921
62.810 152.345 216.326 189.012
62.011 147.066 221.112 193.194
63.640 142.178 221.112 193.194
63.640 138.919 221.112 193.194
63.640 137.289 221.112 193.194
65.269 132.401 221.112 193.194
65.269 129.142 221.112 193.194
62.011 127.513 221.112 193.194
58.752 127.513 221.112 193.194
55.493 129.142 221.112 193.194
52.234 130.772 221.112 193.194
50.605 130.772 221.112 193.194
48.975 132.401 221.112 193.194
51.333 132.832 216.397 189.074
53.640 136.444 211.782 185.042
55.201 138.005 211.782 185.042
55.201 136.444 211.782 185.042
56.762 136.444 211.782 185.042
58.323 138.005 211.782 185.042
58.323 136.444 211.782 185.042
58.323 136.444 211.782 185.042
58.323 136.444 211.782 185.042
58.323 133.322 211.782 185.042
58.323 133.322 211.782 185.042
56.762 131.761 211.782 185.042
58.323 131.761 211.782 185.042
56.762 130.201 211.782 185.042
56.762 133.322 211.782 185.042
58.323 133.322 211.782 185.042
58.323 131.761 211.782 185.042
59.884 131.761 211.782 185.042
61.444 130.201 211.782 185.042
62.223 129.714 216.468 189.136
63.020 129.218 221.257 193.321
64.652 134.112 221.257 193.321
64.652 135.744 221.257 193.321
66.283 140.638 221.257 193.321
63.836 135.236 226.152 197.598
63.836 143.570 226.152 197.598
63.836 150.236 226.152 197.598
61.334 146.384 231.156 201.970
59.630 146.384 231.156 201.970
56.222 141.272 231.156 201.970
53.575 148.537 226.227 197.663
50.238 141.863 226.227 197.663
46.900 136.857 226.227 197.663
51.906 143.531 226.227 197.663
50.238 138.526 226.227 197.663
50.238 135.188 226.227 197.663
51.906 140.194 226.227 197.663
50.238 135.188 226.227 197.663
50.238 133.520 226.227 197.663
46.900 128.514 226.227 197.663
53.575 136.857 226.227 197.663
51.906 133.520 226.227 197.663
51.906 140.194 226.227 197.663
50.238 135.188 226.227 197.663
48.569 131.851 226.227 197.663
48.569 130.182 226.227 197.663
48.569 135.188 226.227 197.663
48.569 130.182 226.227 197.663
50.238 135.188 226.227 197.663
48.569 130.182 226.227 197.663
48.569 133.520 226.227 197.663
46.900 128.514 226.227 197.663
51.906 136.857 226.227 197.663
48.569 131.851 226.227 197.663
45.232 125.177 226.227 197.663
47.644 138.965 221.402 193.447
46.013 132.439 221.402 193.447
47.644 127.545 221.402 193.447
47.644 134.070 221.402 193.447
47.644 129.176 221.402 193.447
47.644 135.702 221.402 193.447
46.013 129.176 221.402 193.447
52.538 137.333 221.402 193.447
49.275 130.808 221.402 193.447
47.644 134.070 221.402 193.447
46.013 127.545 221.402 193.447
50.005 139.396 216.681 189.322
51.603 133.004 216.681 189.322
51.603 137.798 216.681 189.322
50.005 131.406 216.681 189.322
50.005 137.798 216.681 189.322
51.603 133.004 216.681 189.322
51.603 137.798 216.681 189.322
50.005 133.004 216.681 189.322
51.603 139.396 216.681 189.322
51.603 133.004 216.681 189.322
51.603 137.798 216.681 189.322
50.005 131.406 216.681 189.322
51.603 137.798 216.681 189.322
50.005 131.406 216.681 189.322
50.005 137.798 216.681 189.322
50.005 131.406 216.681 189.322
50.005 137.798 216.681 189.322
50.005 131.406 216.681 189.322
50.005 136.200 216.681 189.322
50.005 131.406 216.681 189.322
50.005 136.200 216.681 189.322
51.603 133.004 216.681 189.322
50.005 131.406 216.681 189.322
50.005 137.798 216.681 189.322
50.005 133.004 216.681 189.322
51.603 137.798 216.681 189.322
50.005 131.406 216.681 189.322
50.005 137.798 216.681 189.322
50.005 133.004 216.681 189.322
51.603 137.798 216.681 189.322
50.005 131.406 216.681 189.322
50.005 137.798 216.681 189.322
50.005 131.406 216.681 189.322
50.005 137.798 216.681 189.322
50.005 131.406 216.681 189.322
50.005 137.798 216.681 189.322
50.005 131.406 216.681 189.322
51.603 139.396 216.681 189.322
50.005 133.004 216.681 189.322
53.201 139.396 216.681 189.322
51.603 133.004 216.681 189.322
53.201 139.396 216.681 189.322
51.603 134.602 216.681 189.322
51.603 137.798 216.681 189.322
51.603 134.602 216.681 189.322
51.603 137.798 216.681 189.322
51.603 134.602 216.681 189.322
51.603 139.396 216.681 189.322
50.005 133.004 216.681 189.322
53.201 140.994 216.681 189.322
51.603 134.602 216.681 189.322
51.603 133.004 216.681 189.322
51.603 139.396 216.681 189.322
50.005 131.406 216.681 189.322
51.603 139.396 216.681 189.322
50.005 133.004 216.681 189.322
51.603 137.798 216.681 189.322
50.005 133.004 216.681 189.322
51.603 139.396 216.681 189.322
50.005 133.004 216.681 189.322
51.603 137.798 216.681 189.322
50.005 133.004 216.681 189.322
51.603 139.396 216.681 189.322
50.005 133.004 216.681 189.322
53.201 139.396 216.681 189.322
51.603 133.004 216.681 189.322
53.201 140.994 216.681 189.322
51.603 134.602 216.681 189.322
51.603 139.396 216.681 189.322
51.603 134.602 216.681 189.322
51.603 139.396 216.681 189.322
51.603 134.602 216.681 189.322
51.603 139.396 216.681 189.322
51.603 134.602 216.681 189.322
51.603 139.396 216.681 189.322
51.603 134.602 216.681 189.322
51.603 139.396 216.681 189.322
51.603 134.602 216.681 189.322
51.603 139.396 216.681 189.322
51.603 134.602 216.681 189.322
53.201 139.396 216.681 189.322
51.603 134.602 216.681 189.322
51.603 139.396 216.681 189.322
51.603 136.200 216.681 189.322
51.603 139.396 216.681 189.322
51.603 134.602 216.681 189.322
51.603 139.396 216.681 189.322
51.603 134.602 216.681 189.322
51.603 137.798 216.681 189.322
51.603 134.602 216.681 189.322
51.603 139.396 216.681 189.322
51.603 133.004 216.681 189.322
51.603 139.396 216.681 189.322
51.603 133.004 216.681 189.322
53.201 139.396 216.681 189.322
51.603 133.004 216.681 189.322
51.603 139.396 216.681 189.322
51.603 133.004 216.681 189.322
51.603 139.396 216.681 189.322
51.603 134.602 216.681 189.322
53.201 139.396 216.681 189.322
51.603 134.602 216.681 189.322
51.603 137.798 216.681 189.322
51.603 133.004 216.681 189.322
53.201 139.396 216.681 189.322
51.603 133.004 216.681 189.322
53.201 139.396 216.681 189.322
51.603 133.004 216.681 189.322
51.603 139.396 216.681 189.322
51.603 133.004 216.681 189.322
51.603 139.396 216.681 189.322
51.603 134.602 216.681 189.322
51.603 137.798 216.681 189.322
51.603 134.602 216.681 189.322
51.603 139.396 216.681 189.322
51.603 134.602 216.681 189.322
51.603 137.798 216.681 189.322
51.603 134.602 216.681 189.322
51.603 137.798 216.681 189.322
50.005 133.004 216.681 189.322
53.201 140.994 216.681 189.322
51.603 134.602 216.681 189.322
50.005 133.004 216.681 189.322
51.603 137.798 216.681 189.322
50.005 133.004 216.681 189.322
53.201 140.994 216.681 189.322
53.201 134.602 216.681 189.322
54.799 144.190 216.681 189.322
54.799 139.396 216.681 189.322
54.799 137.798 216.681 189.322
54.799 142.592 216.681 189.322
54.799 139.396 216.681 189.322
53.201 136.200 216.681 189.322
51.603 142.592 216.681 189.322
51.603 137.798 216.681 189.322
53.201 139.396 216.681 189.322
51.603 137.798 216.681 189.322
53.201 140.994 216.681 189.322
53.201 137.798 216.681 189.322
54.799 145.788 216.681 189.322
52.402 138.900 221.475 193.511
55.669 143.800 221.475 193.511
54.035 138.900 221.475 193.511
55.669 143.800 221.475 193.511
55.669 138.900 221.475 193.511
55.669 143.800 221.475 193.511
54.035 138.900 221.475 193.511
55.669 145.433 221.475 193.511
55.669 140.533 221.475 193.511
55.669 143.800 221.475 193.511
54.035 138.900 221.475 193.511
55.669 145.433 221.475 193.511
55.669 140.533 221.475 193.511
55.669 138.900 221.475 193.511
55.669 142.166 221.475 193.511
54.035 140.533 221.475 193.511
54.035 137.266 221.475 193.511
54.035 140.533 221.475 193.511
54.035 137.266 221.475 193.511
54.035 140.533 221.475 193.511
50.769 137.266 221.475 193.511
47.502 134.000 221.475 193.511
42.602 129.100 221.475 193.511
55.669 142.166 221.475 193.511
49.135 138.900 221.475 193.511
48.230 142.596 216.752 189.384
45.747 139.821 212.129 185.345
46.444 146.492 207.606 181.393
43.381 140.366 207.606 181.393
47.126 146.895 203.178 177.525
45.628 139.404 203.178 177.525
49.293 147.289 198.846 173.739
49.946 143.275 194.605 170.034
49.946 141.840 194.605 170.034
49.946 140.405 194.605 170.034
48.511 141.840 194.605 170.034
48.511 134.663 194.605 170.034
48.511 138.969 194.605 170.034
49.946 131.793 194.605 170.034
48.511 126.052 194.605 170.034
48.511 133.228 194.605 170.034
47.076 123.181 194.605 170.034
48.511 127.487 194.605 170.034
57.841 144.265 198.911 173.796
60.040 157.009 203.312 177.641
60.787 162.534 207.810 181.571
61.551 166.651 212.408 185.589
66.251 166.651 212.408 185.589
72.518 163.517 212.408 185.589
67.818 163.517 212.408 185.589
66.251 161.951 212.408 185.589
63.118 160.384 212.408 185.589
59.984 158.817 212.408 185.589
56.851 155.684 212.408 185.589
52.151 158.817 212.408 185.589
49.018 157.251 212.408 185.589
47.451 157.251 212.408 185.589
44.318 155.684 212.408 185.589
41.184 155.684 212.408 185.589
41.184 154.117 212.408 185.589
41.883 156.096 207.878 181.631
40.349 157.630 207.878 181.631
42.566 159.566 203.445 177.758
42.566 161.066 203.445 177.758
42.566 162.566 203.445 177.758
42.566 162.566 203.445 177.758
42.566 162.566 203.445 177.758
42.566 164.066 203.445 177.758
42.566 164.066 203.445 177.758
42.566 162.566 203.445 177.758
44.066 161.066 203.445 177.758
46.235 164.462 199.107 173.967
47.704 165.930 199.107 173.967
47.704 165.930 199.107 173.967
49.172 168.868 199.107 173.967
49.172 165.930 199.107 173.967
49.172 170.336 199.107 173.967
50.641 168.868 199.107 173.967
52.109 170.336 199.107 173.967
52.109 170.336 199.107 173.967
53.578 168.868 199.107 173.967
51.375 169.880 203.512 177.816
51.375 168.380 203.512 177.816
51.375 169.880 203.512 177.816
