336.000 165.000 26.000 61.000
336.000 165.671 26.000 61.000
334.659 164.665 26.000 61.000
333.318 164.665 26.000 61.000
331.641 165.335 26.000 61.000
335.377 167.008 26.575 62.350
338.122 149.851 26.575 62.350
338.858 145.043 27.163 63.729
340.663 156.272 27.764 65.139
340.304 162.372 27.764 65.139
337.126 162.010 28.378 66.580
335.293 158.343 28.378 66.580
331.626 160.177 28.378 66.580
327.593 160.177 28.378 66.580
328.013 166.773 29.006 68.053
330.260 173.514 29.006 68.053
331.009 170.518 29.006 68.053
322.074 174.260 29.648 69.559
289.192 160.877 29.648 69.559
285.422 161.637 30.304 71.098
283.471 163.588 30.304 71.098
286.983 162.418 30.304 71.098
289.324 160.857 30.304 71.098
288.154 161.637 30.304 71.098
285.087 163.972 30.975 72.671
280.745 165.968 31.660 74.279
279.521 163.929 31.660 74.279
288.831 151.262 30.985 72.695
290.431 151.662 30.985 72.695
290.831 148.862 30.985 72.695
289.631 151.262 30.985 72.695
288.031 153.662 30.985 72.695
290.431 154.462 30.985 72.695
332.031 150.062 30.985 72.695
333.631 148.062 30.985 72.695
332.831 149.262 30.985 72.695
335.162 150.837 30.324 71.145
336.730 152.798 30.324 71.145
336.661 150.420 29.677 69.628
338.955 146.596 29.677 69.628
338.955 144.302 29.677 69.628
336.661 145.831 29.677 69.628
338.191 144.684 29.677 69.628
336.661 147.743 29.677 69.628
335.897 149.655 29.677 69.628
334.367 151.184 29.677 69.628
335.514 148.508 29.677 69.628
335.897 148.508 29.677 69.628
338.125 150.397 29.044 68.143
338.874 148.899 29.044 68.143
336.627 152.644 29.044 68.143
339.184 150.749 28.425 66.690
341.750 148.916 28.425 66.690
343.950 146.716 28.425 66.690
341.384 147.816 28.425 66.690
342.484 151.116 28.425 66.690
341.017 153.316 28.425 66.690
341.750 153.316 28.425 66.690
343.887 154.760 27.819 65.267
342.389 156.892 27.226 63.876
338.879 154.786 27.226 63.876
337.475 153.733 27.226 63.876
336.422 151.627 27.226 63.876
335.019 153.382 27.226 63.876
333.966 153.733 27.226 63.876
335.019 154.084 27.226 63.876
332.913 151.276 27.226 63.876
329.052 149.170 27.226 63.876
327.648 152.680 27.226 63.876
328.991 153.010 26.645 62.513
329.677 150.265 26.645 62.513
330.021 146.490 26.645 62.513
327.216 144.069 26.077 61.180
326.542 145.755 26.077 61.180
329.240 153.512 26.077 61.180
330.252 150.477 26.077 61.180
330.589 153.175 26.077 61.180
328.566 153.849 26.077 61.180
326.483 154.164 25.521 59.876
328.130 152.188 25.521 59.876
327.800 155.152 25.521 59.876
329.447 146.588 25.521 59.876
327.142 147.905 25.521 59.876
326.153 156.470 25.521 59.876
328.130 157.129 25.521 59.876
327.800 156.470 25.521 59.876
329.447 171.623 25.521 59.876
331.095 170.305 25.521 59.876
327.800 162.399 25.521 59.876
329.447 159.435 25.521 59.876
330.765 161.082 25.521 59.876
330.765 161.411 25.521 59.876
323.189 168.658 25.521 59.876
325.165 165.364 25.521 59.876
334.990 162.379 24.976 58.599
340.135 165.595 24.976 58.599
342.386 171.383 24.976 58.599
347.853 177.814 24.976 58.599
345.280 173.312 24.976 58.599
343.617 171.043 24.444 57.349
343.933 167.255 24.444 57.349
340.776 165.992 24.444 57.349
336.357 167.255 24.444 57.349
336.357 166.624 24.444 57.349
337.619 165.676 24.444 57.349
348.398 161.254 24.985 58.618
350.970 171.544 24.985 58.618
348.076 177.011 24.985 58.618
339.716 176.689 24.985 58.618
351.880 167.667 24.452 57.368
354.090 166.089 24.452 57.368
358.509 164.510 24.452 57.368
359.772 152.514 24.452 57.368
363.245 151.251 24.452 57.368
364.507 152.198 24.452 57.368
361.982 152.514 24.452 57.368
362.929 150.936 24.452 57.368
368.927 162.932 24.452 57.368
383.133 157.249 24.452 57.368
381.554 158.196 24.452 57.368
373.076 160.403 24.993 58.637
375.649 166.191 24.993 58.637
380.151 166.513 24.993 58.637
385.939 160.081 24.993 58.637
383.045 158.795 24.993 58.637
376.980 161.041 25.546 59.934
372.744 156.425 26.111 61.261
377.466 150.691 26.111 61.261
379.490 149.005 26.111 61.261
385.897 152.040 26.111 61.261
383.199 155.413 26.111 61.261
380.164 155.413 26.111 61.261
380.839 155.750 26.111 61.261
382.911 154.398 26.689 62.616
383.601 154.053 26.689 62.616
394.989 155.778 26.689 62.616
393.954 155.088 26.689 62.616
386.066 156.811 27.279 64.001
388.890 157.164 27.279 64.001
382.537 155.399 27.279 64.001
366.302 157.517 27.279 64.001
368.419 163.517 27.279 64.001
385.007 166.341 27.279 64.001
403.007 177.282 27.279 64.001
410.772 174.811 27.279 64.001
409.360 173.399 27.279 64.001
409.007 177.282 27.279 64.001
411.125 180.458 27.279 64.001
423.831 162.458 27.279 64.001
425.949 159.988 27.279 64.001
421.360 157.517 27.279 64.001
418.537 155.399 27.279 64.001
416.066 161.399 27.279 64.001
417.831 158.223 27.279 64.001
417.125 155.752 27.279 64.001
417.416 153.258 26.697 62.636
424.948 159.448 26.128 61.301
417.865 174.287 26.128 61.301
419.214 178.671 26.128 61.301
420.563 178.334 26.128 61.301
421.854 163.474 25.571 59.993
423.115 162.796 25.026 58.714
424.132 164.411 25.579 60.013
424.132 171.329 25.579 60.013
427.426 179.235 25.579 60.013
432.697 178.246 25.579 60.013
435.661 166.388 25.579 60.013
437.911 164.392 25.034 58.733
445.999 169.569 25.034 58.733
402.646 126.216 25.034 58.733
401.352 124.598 25.034 58.733
401.999 123.304 25.034 58.733
399.734 121.363 25.034 58.733
397.839 121.360 25.588 60.033
395.534 120.701 25.588 60.033
399.157 118.725 25.588 60.033
395.534 114.772 25.588 60.033
389.321 111.472 26.154 61.361
387.008 109.445 26.733 62.719
383.902 109.445 26.733 62.719
390.459 109.790 26.733 62.719
389.019 111.494 26.162 61.381
384.913 111.136 25.605 60.072
377.340 111.797 26.171 61.401
374.246 118.523 25.613 60.092
370.601 120.180 25.613 60.092
366.342 120.840 26.180 61.421
362.295 121.515 26.180 61.421
359.596 141.076 26.180 61.421
358.922 142.425 26.180 61.421
358.247 144.785 26.180 61.421
354.538 144.111 26.180 61.421
351.502 145.123 26.180 61.421
325.244 176.145 26.759 62.780
320.068 178.561 26.759 62.780
316.272 180.631 26.759 62.780
313.511 183.392 26.759 62.780
315.236 178.561 26.759 62.780
313.511 179.941 26.759 62.780
314.546 176.490 26.759 62.780
312.475 177.526 26.759 62.780
312.475 177.526 26.759 62.780
313.796 179.230 26.188 61.442
311.773 180.579 26.188 61.442
314.133 190.022 26.188 61.442
314.808 191.034 26.188 61.442
321.216 189.685 26.188 61.442
319.529 186.987 26.188 61.442
319.809 175.501 25.630 60.131
312.850 166.554 25.630 60.131
313.513 172.187 25.630 60.131
313.786 178.793 25.083 58.849
314.109 180.411 25.083 58.849
313.139 182.028 25.083 58.849
312.214 183.319 25.638 60.151
312.214 185.970 25.638 60.151
312.156 185.285 25.091 58.868
314.745 186.256 25.091 58.868
318.950 188.197 25.091 58.868
319.921 182.050 25.091 58.868
317.600 174.913 24.556 57.613
318.236 176.501 24.556 57.613
318.553 179.360 24.556 57.613
319.506 185.078 24.556 57.613
318.871 181.584 24.556 57.613
319.133 179.022 24.033 56.384
319.133 187.696 24.033 56.384
317.274 191.724 24.033 56.384
320.938 184.580 23.520 55.182
321.850 187.011 23.520 55.182
324.281 186.707 23.520 55.182
327.875 190.335 23.019 54.005
331.724 192.999 23.019 54.005
334.981 192.111 23.019 54.005
334.093 184.413 23.019 54.005
336.757 185.301 23.019 54.005
342.679 186.486 23.019 54.005
348.304 187.078 23.019 54.005
353.930 184.709 23.019 54.005
370.756 182.916 22.528 52.853
378.541 182.029 22.047 51.726
385.080 183.451 22.047 51.726
389.296 181.443 21.577 50.623
396.813 180.608 21.577 50.623
401.547 179.494 21.577 50.623
404.283 180.034 21.117 49.544
409.141 178.654 20.667 48.487
414.741 179.721 20.667 48.487
415.541 179.988 20.667 48.487
415.008 181.054 20.667 48.487
415.541 178.388 20.667 48.487
415.008 176.788 20.667 48.487
415.275 177.588 20.667 48.487
415.541 178.121 20.667 48.487
415.541 179.721 20.667 48.487
413.941 182.388 20.667 48.487
413.675 184.788 20.667 48.487
415.275 185.588 20.667 48.487
409.141 184.521 20.667 48.487
409.408 185.054 20.667 48.487
407.808 187.188 20.667 48.487
406.208 190.388 20.667 48.487
406.208 188.254 20.667 48.487
404.075 187.988 20.667 48.487
404.875 188.521 20.667 48.487
403.541 186.654 20.667 48.487
404.075 185.321 20.667 48.487
403.275 183.721 20.667 48.487
401.941 184.254 20.667 48.487
402.475 186.388 20.667 48.487
403.275 183.988 20.667 48.487
401.675 182.921 20.667 48.487
401.628 184.771 20.226 47.453
397.716 179.556 20.226 47.453
396.152 177.470 20.226 47.453
397.977 179.034 20.226 47.453
398.499 178.773 20.226 47.453
396.413 176.948 20.226 47.453
397.195 175.644 20.226 47.453
397.716 174.862 20.226 47.453
398.238 174.340 20.226 47.453
396.367 174.585 19.795 46.441
397.897 176.370 19.795 46.441
399.936 178.919 19.795 46.441
401.975 180.958 19.795 46.441
402.230 179.428 19.795 46.441
403.505 177.644 19.795 46.441
405.034 175.605 19.795 46.441
406.309 177.644 19.795 46.441
404.524 175.350 19.795 46.441
406.775 173.551 19.372 45.451
405.778 172.804 19.372 45.451
403.786 171.310 19.372 45.451
405.066 168.815 19.801 46.456
402.517 170.089 19.801 46.456
408.635 175.952 19.801 46.456
406.341 185.129 19.801 46.456
403.027 186.148 19.801 46.456
400.223 184.874 19.801 46.456
397.674 183.344 19.801 46.456
395.380 182.835 19.801 46.456
398.948 182.070 19.801 46.456
396.145 183.344 19.801 46.456
391.811 185.893 19.801 46.456
386.458 188.442 19.801 46.456
381.615 190.482 19.801 46.456
375.497 189.717 19.801 46.456
372.694 188.442 19.801 46.456
366.576 190.482 19.801 46.456
361.988 188.952 19.801 46.456
361.514 190.732 20.239 47.484
362.557 193.601 20.239 47.484
368.033 198.034 20.239 47.484
370.380 196.991 20.239 47.484
372.243 196.466 20.687 48.535
370.643 196.999 20.687 48.535
371.747 196.729 21.145 49.609
370.657 198.364 21.145 49.609
372.292 199.454 21.145 49.609
371.747 203.543 21.145 49.609
374.153 202.981 20.694 48.551
376.240 202.433 20.252 47.515
376.717 202.157 19.821 46.502
374.968 202.407 20.259 47.531
377.316 200.842 20.259 47.531
379.402 202.407 20.259 47.531
382.270 200.842 20.259 47.531
383.574 202.668 20.259 47.531
384.357 201.886 20.259 47.531
383.530 201.088 19.827 46.517
384.294 203.128 19.827 46.517
386.843 205.167 19.827 46.517
384.251 205.918 19.404 45.525
392.784 206.922 19.404 45.525
397.804 205.416 19.404 45.525
404.580 203.659 19.404 45.525
406.839 204.412 19.404 45.525
407.799 205.399 18.990 44.555
410.943 210.041 18.585 43.604
412.617 212.433 18.585 43.604
410.703 211.476 18.585 43.604
410.943 210.280 18.585 43.604
412.139 208.845 18.585 43.604
414.770 206.214 18.585 43.604
415.727 205.974 18.585 43.604
416.445 206.453 18.585 43.604
414.292 205.735 18.585 43.604
414.770 200.712 18.585 43.604
415.488 200.472 18.585 43.604
413.574 201.190 18.585 43.604
