269.000 75.000 34.000 64.000
266.718 73.478 34.000 64.000
264.435 71.957 34.000 64.000
261.392 71.576 34.000 64.000
257.593 67.825 34.752 65.416
258.373 75.629 34.752 65.416
259.543 74.849 34.752 65.416
266.177 62.753 34.752 65.416
263.445 62.753 34.752 65.416
261.885 61.582 34.752 65.416
261.104 60.021 34.752 65.416
258.763 62.363 34.752 65.416
256.812 61.192 34.752 65.416
253.691 61.972 34.752 65.416
250.569 63.923 34.752 65.416
247.838 65.874 34.752 65.416
243.936 67.045 34.752 65.416
240.794 69.693 34.011 64.021
239.647 71.605 34.011 64.021
238.118 74.664 34.011 64.021
233.510 73.817 33.286 62.656
235.000 70.464 33.286 62.656
236.118 70.837 33.286 62.656
236.863 71.582 33.286 62.656
235.745 73.445 33.286 62.656
234.628 74.935 33.286 62.656
235.745 72.327 33.286 62.656
237.981 74.190 33.286 62.656
240.216 71.209 33.286 62.656
242.079 73.817 33.286 62.656
243.196 71.209 33.286 62.656
242.079 72.327 33.286 62.656
239.098 73.072 33.286 62.656
236.490 70.092 33.286 62.656
230.530 67.856 33.286 62.656
226.059 64.504 33.286 62.656
223.451 72.327 33.286 62.656
222.706 68.229 33.286 62.656
221.588 71.582 33.286 62.656
221.961 71.954 33.286 62.656
223.824 70.837 33.286 62.656
223.451 71.582 33.286 62.656
223.824 75.680 33.286 62.656
226.059 79.405 33.286 62.656
224.569 82.758 33.286 62.656
226.059 84.621 33.286 62.656
226.804 86.111 33.286 62.656
228.667 85.366 33.286 62.656
227.904 91.623 32.576 61.320
230.457 90.528 32.576 61.320
234.469 91.987 32.576 61.320
235.203 89.850 33.297 62.676
236.693 87.242 33.297 62.676
235.948 86.497 33.297 62.676
230.359 87.242 33.297 62.676
224.771 87.242 33.297 62.676
221.418 89.478 33.297 62.676
216.203 93.203 33.297 62.676
214.340 93.948 33.297 62.676
211.732 96.929 33.297 62.676
212.477 89.105 33.297 62.676
212.105 88.732 33.297 62.676
212.854 78.353 34.033 64.063
216.677 81.794 34.033 64.063
220.501 83.706 34.033 64.063
222.413 85.618 34.033 64.063
225.472 81.412 34.033 64.063
226.619 82.941 34.033 64.063
225.089 80.265 34.033 64.063
226.236 84.470 34.033 64.063
224.324 92.118 34.033 64.063
221.266 92.118 34.033 64.063
227.771 92.556 34.786 65.480
230.503 89.434 34.786 65.480
232.064 92.166 34.786 65.480
234.405 96.068 34.786 65.480
235.185 93.336 34.786 65.480
238.307 93.336 34.786 65.480
245.336 91.832 35.556 66.929
254.893 92.683 36.343 68.410
259.385 95.189 37.147 69.923
248.578 91.864 37.147 69.923
248.578 94.358 37.147 69.923
251.487 98.515 37.147 69.923
249.409 101.840 37.147 69.923
249.409 101.009 37.147 69.923
244.005 96.852 37.147 69.923
246.083 95.189 37.147 69.923
257.723 79.393 37.147 69.923
254.397 81.056 37.147 69.923
237.354 87.291 37.147 69.923
233.197 88.954 37.147 69.923
236.107 84.381 37.147 69.923
241.095 85.628 37.147 69.923
241.095 88.123 37.147 69.923
238.601 87.707 37.147 69.923
241.511 89.785 37.147 69.923
245.257 92.337 37.969 71.471
247.384 93.614 37.969 71.471
249.086 94.039 37.969 71.471
257.171 94.465 37.969 71.471
272.488 86.806 37.969 71.471
269.515 85.164 38.809 73.052
262.986 87.776 38.809 73.052
266.468 78.635 38.809 73.052
254.715 81.247 38.809 73.052
243.833 79.941 38.809 73.052
240.351 74.717 38.809 73.052
227.727 72.976 38.809 73.052
215.545 75.215 39.667 74.668
215.545 72.989 39.667 74.668
211.094 76.995 39.667 74.668
208.868 75.215 39.667 74.668
213.297 72.450 38.822 73.076
215.474 77.674 38.822 73.076
218.956 77.674 38.822 73.076
227.662 75.933 38.822 73.076
230.709 73.756 38.822 73.076
233.756 75.933 38.822 73.076
241.591 78.109 38.822 73.076
244.638 81.592 38.822 73.076
249.426 81.156 38.822 73.076
256.391 83.768 38.822 73.076
261.179 86.815 38.822 73.076
269.015 85.944 38.822 73.076
271.191 87.250 38.822 73.076
278.591 82.897 38.822 73.076
282.509 85.944 38.822 73.076
289.474 87.686 38.822 73.076
293.826 87.250 38.822 73.076
295.132 85.944 38.822 73.076
297.744 89.427 38.822 73.076
306.015 87.686 38.822 73.076
307.321 90.733 38.822 73.076
309.497 90.297 38.822 73.076
310.803 93.344 38.822 73.076
311.674 95.521 38.822 73.076
309.497 92.909 38.822 73.076
306.885 95.086 38.822 73.076
303.838 92.474 38.822 73.076
299.485 89.427 38.822 73.076
295.132 90.733 38.822 73.076
290.344 87.686 38.822 73.076
286.426 86.815 38.822 73.076
282.509 82.462 38.822 73.076
281.638 78.980 38.822 73.076
279.026 76.368 38.822 73.076
275.979 77.239 38.822 73.076
275.523 81.065 37.994 71.517
273.395 82.767 37.994 71.517
275.523 84.894 37.994 71.517
274.672 81.490 37.994 71.517
275.097 77.235 37.994 71.517
279.778 79.363 37.994 71.517
281.905 88.724 37.994 71.517
283.607 90.426 37.994 71.517
288.267 86.082 37.183 69.992
287.432 83.576 37.183 69.992
290.773 86.082 37.183 69.992
294.532 83.576 37.183 69.992
294.949 78.982 37.183 69.992
293.279 77.312 37.183 69.992
294.532 79.400 37.183 69.992
294.928 81.399 36.390 68.500
291.258 80.991 36.390 68.500
299.415 83.031 36.390 68.500
296.968 81.399 36.390 68.500
297.375 84.662 36.390 68.500
292.481 81.807 36.390 68.500
293.297 80.583 36.390 68.500
288.403 81.399 36.390 68.500
299.803 83.353 35.614 67.039
307.003 84.553 35.614 67.039
311.803 87.753 35.614 67.039
309.403 86.153 35.614 67.039
304.603 83.753 35.614 67.039
303.403 84.953 35.614 67.039
305.803 82.153 35.614 67.039
309.003 82.153 35.614 67.039
321.409 77.811 36.402 68.522
327.118 73.325 36.402 68.522
332.420 68.839 36.402 68.522
334.867 65.984 36.402 68.522
336.907 67.615 36.402 68.522
340.169 67.208 36.402 68.522
337.314 70.062 36.402 68.522
338.946 72.102 36.402 68.522
339.354 72.510 36.402 68.522
337.722 71.694 36.402 68.522
342.616 63.129 36.402 68.522
337.722 54.564 36.402 68.522
324.264 56.196 36.402 68.522
335.663 78.134 35.626 67.061
338.043 82.449 34.866 65.631
340.384 85.961 34.866 65.631
340.756 89.782 34.123 64.231
339.227 87.488 34.123 64.231
341.903 90.547 34.123 64.231
344.962 85.577 34.123 64.231
349.550 86.724 34.123 64.231
354.521 86.724 34.123 64.231
357.580 94.753 34.123 64.231
348.408 78.748 34.878 65.652
344.506 75.627 34.878 65.652
351.530 96.307 34.878 65.652
348.798 98.648 34.878 65.652
349.579 99.819 34.878 65.652
344.116 99.039 34.878 65.652
334.751 102.550 34.878 65.652
332.020 105.282 34.878 65.652
331.630 102.550 34.878 65.652
328.898 102.941 34.878 65.652
328.100 98.958 34.134 64.252
330.375 98.496 33.406 62.882
334.495 101.118 33.406 62.882
331.124 98.871 33.406 62.882
333.371 99.994 33.406 62.882
333.371 100.743 33.406 62.882
335.619 102.990 33.406 62.882
339.364 100.369 33.406 62.882
342.365 101.171 34.145 64.273
343.894 102.701 34.145 64.273
340.835 103.083 34.145 64.273
342.747 103.848 34.145 64.273
345.428 101.990 34.901 65.695
347.781 102.774 34.901 65.695
350.134 99.637 34.901 65.695
353.271 101.597 34.901 65.695
354.840 102.382 34.901 65.695
351.703 98.852 34.901 65.695
350.114 101.121 34.156 64.294
352.008 104.483 33.428 62.923
349.761 102.611 33.428 62.923
347.513 99.989 33.428 62.923
349.386 102.236 33.428 62.923
348.262 104.109 33.428 62.923
351.259 109.352 33.428 62.923
352.382 105.981 33.428 62.923
353.113 104.780 32.715 61.581
353.846 103.313 32.715 61.581
355.680 100.013 32.715 61.581
358.980 102.580 32.715 61.581
361.546 100.747 32.715 61.581
364.846 102.947 32.715 61.581
367.762 107.270 32.017 60.268
369.556 106.193 32.017 60.268
370.256 105.042 31.335 58.983
370.256 102.234 31.335 58.983
373.064 105.744 31.335 58.983
369.905 107.148 31.335 58.983
365.693 109.605 31.335 58.983
362.886 106.446 31.335 58.983
366.395 105.042 31.335 58.983
364.975 103.916 30.666 57.725
366.004 104.945 30.666 57.725
369.076 106.590 30.013 56.494
366.378 102.543 30.013 56.494
364.017 101.869 30.013 56.494
362.331 98.833 30.013 56.494
360.982 100.520 30.013 56.494
358.267 104.157 29.372 55.289
358.596 100.863 29.372 55.289
355.961 98.887 29.372 55.289
352.996 100.204 29.372 55.289
350.361 101.851 29.372 55.289
347.396 106.463 29.372 55.289
345.749 97.240 29.372 55.289
344.745 98.817 28.746 54.110
346.996 99.782 28.746 54.110
347.639 98.174 28.746 54.110
344.745 99.782 28.746 54.110
347.960 101.712 28.746 54.110
348.603 102.676 28.746 54.110
349.568 106.857 28.746 54.110
351.498 108.143 28.746 54.110
353.427 111.359 28.746 54.110
355.999 108.464 28.746 54.110
358.572 109.751 28.746 54.110
359.858 112.002 28.746 54.110
359.858 112.645 28.746 54.110
360.823 110.072 28.746 54.110
362.431 112.966 28.746 54.110
364.024 112.257 28.133 52.956
364.971 110.679 28.133 52.956
366.233 112.573 28.133 52.956
368.128 113.836 28.133 52.956
369.390 115.098 28.133 52.956
370.337 116.361 28.133 52.956
370.969 116.677 28.133 52.956
377.267 115.032 27.533 51.827
383.409 113.429 26.946 50.722
389.751 111.316 26.946 50.722
395.488 109.504 26.946 50.722
