478.000 143.000 80.000 111.000
476.502 142.251 80.000 111.000
475.004 140.004 80.000 111.000
474.255 137.008 80.000 111.000
474.359 135.944 78.294 108.633
472.159 134.478 78.294 108.633
470.692 133.011 78.294 108.633
469.959 131.544 78.294 108.633
468.492 130.811 78.294 108.633
470.060 129.769 76.624 106.316
468.625 129.052 76.624 106.316
468.625 128.334 76.624 106.316
467.907 128.334 76.624 106.316
466.472 128.334 76.624 106.316
467.907 126.181 76.624 106.316
465.755 124.746 76.624 106.316
464.319 124.746 76.624 106.316
463.602 126.181 76.624 106.316
462.884 126.181 76.624 106.316
460.013 127.616 76.624 106.316
459.296 127.616 76.624 106.316
457.143 129.052 76.624 106.316
453.555 129.052 76.624 106.316
449.966 130.487 76.624 106.316
445.660 131.922 76.624 106.316
442.790 134.075 76.624 106.316
435.613 136.946 76.624 106.316
428.437 140.534 76.624 106.316
419.695 142.228 78.320 108.669
409.295 145.426 80.052 111.073
399.422 149.441 81.824 113.530
392.522 154.041 81.824 113.530
384.088 158.641 81.824 113.530
373.355 161.707 81.824 113.530
359.555 164.774 81.824 113.530
350.355 168.607 81.824 113.530
338.088 170.907 81.824 113.530
326.588 173.207 81.824 113.530
314.322 177.041 81.824 113.530
298.083 175.018 83.634 116.042
287.103 177.371 83.634 116.042
278.475 178.155 83.634 116.042
271.416 178.155 83.634 116.042
265.926 178.940 83.634 116.042
261.079 179.225 85.484 118.610
260.934 179.513 87.376 121.234
256.028 179.513 87.376 121.234
259.298 181.965 87.376 121.234
259.967 179.807 89.309 123.916
263.316 181.481 89.309 123.916
264.840 178.436 91.285 126.658
266.395 173.615 93.305 129.460
268.861 170.434 95.369 132.324
271.543 165.069 95.369 132.324
274.225 159.704 95.369 132.324
273.170 149.299 97.479 135.252
275.747 137.752 99.636 138.244
272.947 126.552 99.636 138.244
275.578 111.956 101.840 141.303
277.488 99.543 101.840 141.303
276.533 89.994 101.840 141.303
278.271 76.972 104.093 144.429
274.373 67.226 104.093 144.429
275.347 59.430 104.093 144.429
273.398 52.609 104.093 144.429
272.424 46.762 104.093 144.429
273.398 40.915 104.093 144.429
268.526 35.068 104.093 144.429
271.449 30.195 104.093 144.429
273.534 27.837 101.873 141.349
275.575 26.479 99.701 138.335
278.505 27.954 97.575 135.385
279.545 27.571 95.494 132.498
285.034 30.772 93.458 129.672
289.536 31.278 91.465 126.907
295.534 32.992 91.465 126.907
302.389 35.562 91.465 126.907
310.219 37.772 89.514 124.201
316.209 39.936 87.605 121.552
319.495 43.222 87.605 121.552
325.359 46.983 85.737 118.960
335.920 49.055 83.909 116.423
345.464 48.724 82.119 113.940
355.456 48.724 82.119 113.940
364.018 49.170 80.368 111.511
379.830 51.429 80.368 111.511
394.136 52.182 80.368 111.511
403.171 53.688 80.368 111.511
413.712 54.441 80.368 111.511
431.134 58.642 78.654 109.133
440.082 62.754 76.977 106.805
457.400 66.362 76.977 106.805
467.502 70.691 76.977 106.805
476.161 74.299 76.977 106.805
492.757 79.350 76.977 106.805
502.137 83.680 76.977 106.805
510.074 86.566 76.977 106.805
517.290 90.174 76.977 106.805
520.898 93.782 76.977 106.805
521.619 97.389 76.977 106.805
520.898 101.719 76.977 106.805
521.619 105.327 76.977 106.805
517.160 108.475 78.680 109.168
512.737 111.424 78.680 109.168
506.101 115.847 78.680 109.168
498.729 121.008 78.680 109.168
491.356 124.694 78.680 109.168
481.639 127.910 80.421 111.584
475.615 131.675 80.421 111.584
470.345 134.687 80.421 111.584
462.815 136.945 80.421 111.584
455.286 139.204 80.421 111.584
446.250 142.969 80.421 111.584
437.968 146.734 80.421 111.584
431.055 149.264 82.200 114.053
423.210 152.626 84.019 116.576
415.991 154.481 85.878 119.155
407.951 157.697 85.878 119.155
400.716 162.520 85.878 119.155
395.089 167.344 85.878 119.155
387.049 174.579 85.878 119.155
380.618 179.403 85.878 119.155
372.579 184.226 85.878 119.155
363.736 188.246 85.878 119.155
355.696 191.462 85.878 119.155
348.461 192.266 85.878 119.155
339.618 195.481 85.878 119.155
333.187 197.893 85.878 119.155
326.755 199.501 85.878 119.155
322.736 197.893 85.878 119.155
319.520 198.697 85.878 119.155
317.108 198.697 85.878 119.155
319.520 197.893 85.878 119.155
323.540 196.285 85.878 119.155
328.363 197.089 85.878 119.155
332.383 198.697 85.878 119.155
340.422 198.697 85.878 119.155
349.265 201.109 85.878 119.155
358.912 205.128 85.878 119.155
370.167 209.148 85.878 119.155
379.814 213.168 85.878 119.155
390.265 216.383 85.878 119.155
403.128 221.207 85.878 119.155
415.991 225.226 85.878 119.155
426.295 227.124 87.778 121.791
438.619 232.053 87.778 121.791
446.835 236.983 87.778 121.791
452.586 242.734 87.778 121.791
456.694 247.663 87.778 121.791
458.187 246.316 89.720 124.486
460.711 247.998 89.720 124.486
459.870 246.316 89.720 124.486
457.346 244.633 89.720 124.486
454.822 241.269 89.720 124.486
452.299 235.380 89.720 124.486
449.775 228.651 89.720 124.486
443.736 223.909 91.705 127.240
440.301 222.192 91.705 127.240
440.301 220.474 91.705 127.240
441.159 218.756 91.705 127.240
442.018 217.039 91.705 127.240
443.736 213.603 91.705 127.240
443.580 208.760 93.734 130.056
446.215 205.247 93.734 130.056
445.337 206.125 93.734 130.056
444.300 206.443 95.808 132.933
442.504 207.341 95.808 132.933
437.852 204.973 97.927 135.874
433.264 205.890 97.927 135.874
427.758 202.220 97.927 135.874
419.499 200.384 97.927 135.874
408.322 197.046 100.094 138.880
396.905 196.447 102.309 141.953
387.316 195.488 102.309 141.953
373.893 194.529 102.309 141.953
355.675 191.653 102.309 141.953
337.590 191.249 100.127 138.926
325.405 187.500 100.127 138.926
309.472 184.688 100.127 138.926
292.601 179.064 100.127 138.926
276.668 175.315 100.127 138.926
263.677 174.922 97.992 135.963
251.747 173.087 97.992 135.963
244.406 171.252 97.992 135.963
236.147 170.334 97.992 135.963
229.724 170.334 97.992 135.963
223.300 172.169 97.992 135.963
217.794 174.922 97.992 135.963
212.122 176.171 100.160 138.972
206.487 178.989 100.160 138.972
199.912 184.624 100.160 138.972
193.338 187.442 100.160 138.972
187.703 191.199 100.160 138.972
181.898 191.540 102.376 142.046
180.940 194.416 102.376 142.046
174.054 193.804 104.641 145.189
169.152 196.745 104.641 145.189
167.995 196.119 106.956 148.401
163.987 195.117 106.956 148.401
166.993 196.119 106.956 148.401
164.989 195.117 106.956 148.401
164.989 195.117 106.956 148.401
161.983 195.117 106.956 148.401
163.987 193.113 106.956 148.401
157.975 192.111 106.956 148.401
158.977 189.105 106.956 148.401
155.790 181.452 109.322 151.685
156.628 173.633 111.741 155.041
152.250 164.588 114.213 158.471
145.827 158.164 114.213 158.471
130.646 146.776 116.740 161.977
122.987 136.929 116.740 161.977
117.516 128.176 116.740 161.977
110.008 118.962 114.251 158.523
106.796 107.186 114.251 158.523
109.085 97.099 111.814 155.142
113.418 87.236 109.430 151.834
111.367 75.956 109.430 151.834
116.495 64.675 109.430 151.834
117.520 54.420 109.430 151.834
119.571 41.089 109.430 151.834
123.673 30.834 109.430 151.834
129.826 23.656 109.430 151.834
135.979 15.452 109.430 151.834
144.183 8.273 109.430 151.834
155.605 4.765 107.096 148.596
164.640 -0.255 107.096 148.596
170.802 -2.686 104.812 145.427
175.713 -5.633 104.812 145.427
187.637 -5.065 102.577 142.326
204.103 -3.547 100.390 139.291
216.468 -3.003 98.249 136.320
225.792 -1.550 96.154 133.413
234.017 -0.127 94.103 130.568
242.079 2.147 92.096 127.784
248.238 4.373 90.132 125.059
253.424 6.551 88.210 122.392
256.841 10.333 86.329 119.782
259.377 13.225 84.488 117.227
260.170 16.394 84.488 117.227
258.585 17.978 84.488 117.227
257.001 18.771 84.488 117.227
257.110 22.397 82.687 114.728
252.463 24.721 82.687 114.728
256.442 28.267 80.923 112.281
254.270 32.500 79.197 109.887
254.373 35.154 77.509 107.543
252.922 38.056 77.509 107.543
255.925 42.830 75.856 105.250
256.734 46.082 74.238 103.005
259.614 50.660 72.655 100.809
260.975 49.300 72.655 100.809
264.471 53.096 71.105 98.659
265.137 53.763 71.105 98.659
267.804 55.096 71.105 98.659
271.804 57.763 71.105 98.659
275.229 60.815 69.589 96.555
279.226 59.891 68.105 94.496
283.049 56.705 68.105 94.496
286.873 54.793 68.105 94.496
288.785 53.519 68.105 94.496
290.696 56.705 68.105 94.496
290.696 58.617 68.105 94.496
291.334 57.980 68.105 94.496
291.334 57.980 68.105 94.496
291.334 57.980 68.105 94.496
290.696 59.254 68.105 94.496
290.696 60.529 68.105 94.496
289.422 63.715 68.105 94.496
287.510 66.901 68.105 94.496
285.598 69.450 68.105 94.496
283.687 71.999 68.105 94.496
282.412 73.274 68.105 94.496
281.775 75.823 68.105 94.496
282.412 77.097 68.105 94.496
282.412 79.646 68.105 94.496
282.412 83.470 68.105 94.496
283.049 86.656 68.105 94.496
283.049 89.842 68.105 94.496
283.687 91.117 68.105 94.496
285.598 93.029 68.105 94.496
286.962 97.860 66.653 92.481
286.338 99.107 66.653 92.481
286.338 101.601 66.653 92.481
286.962 104.718 66.653 92.481
286.338 107.213 66.653 92.481
288.920 110.693 65.231 90.509
287.084 113.752 65.231 90.509
287.696 116.199 65.231 90.509
289.531 119.257 65.231 90.509
290.839 122.670 63.840 88.578
292.035 128.052 63.840 88.578
293.231 128.650 63.840 88.578
292.633 133.434 63.840 88.578
295.623 135.826 63.840 88.578
297.417 137.621 63.840 88.578
299.892 142.751 62.479 86.689
299.892 144.510 62.479 86.689
301.064 148.028 62.479 86.689
299.892 150.373 62.479 86.689
302.237 149.200 62.479 86.689
306.421 154.815 61.147 84.841
315.089 161.445 59.843 83.032
318.913 163.891 61.167 84.869
322.348 164.464 61.167 84.869
322.921 164.464 61.167 84.869
321.776 166.754 61.167 84.869
321.855 168.804 59.862 83.059
318.490 171.608 59.862 83.059
318.490 169.926 59.862 83.059
317.930 174.412 59.862 83.059
317.369 175.533 59.862 83.059
320.173 174.973 59.862 83.059
320.734 173.290 59.862 83.059
321.372 173.054 58.586 81.288
321.372 170.309 58.586 81.288
321.921 167.015 58.586 81.288
321.372 163.172 58.586 81.288
321.372 159.878 58.586 81.288
319.176 156.584 58.586 81.288
315.408 151.960 57.336 79.554
313.333 148.510 56.114 77.858
312.881 140.407 54.917 76.197
316.549 138.137 53.746 74.572
314.442 131.769 54.935 76.222
315.890 125.789 56.150 77.909
316.941 119.483 56.150 77.909
317.466 112.652 56.150 77.909
320.619 106.346 56.150 77.909
323.772 100.565 56.150 77.909
327.450 95.310 56.150 77.909
329.982 89.194 57.393 79.632
333.108 83.477 58.662 81.394
335.753 78.185 59.960 83.195
336.875 73.138 59.960 83.195
340.239 66.969 59.960 83.195
342.941 60.441 61.287 85.036
346.962 55.845 61.287 85.036
351.558 51.823 61.287 85.036
357.304 47.802 61.287 85.036
364.772 43.206 61.287 85.036
371.092 39.759 61.287 85.036
377.986 35.163 61.287 85.036
385.455 31.141 61.287 85.036
391.200 26.545 61.287 85.036
397.416 24.455 62.643 86.917
403.172 23.494 64.029 88.840
410.263 23.711 65.446 90.806
418.856 27.393 65.446 90.806
426.834 31.076 65.446 90.806
434.813 34.758 65.446 90.806
444.716 41.250 64.050 88.869
456.716 47.850 64.050 88.869
466.316 52.650 64.050 88.869
470.516 57.450 64.050 88.869
475.808 64.267 65.467 90.836
480.607 70.626 66.915 92.845
486.254 77.528 66.915 92.845
484.372 85.685 66.915 92.845
481.234 91.332 66.915 92.845
477.470 96.979 66.915 92.845
474.332 100.744 66.915 92.845
471.823 105.764 66.915 92.845
468.685 111.411 66.915 92.845
464.921 118.313 66.915 92.845
461.156 123.332 66.915 92.845
458.646 127.724 66.915 92.845
460.416 130.462 68.396 94.899
458.492 136.233 68.396 94.899
460.416 142.003 68.396 94.899
461.057 148.415 68.396 94.899
462.339 154.186 68.396 94.899
461.057 159.956 68.396 94.899
462.339 165.727 68.396 94.899
461.698 168.933 68.396 94.899
464.904 173.421 68.396 94.899
468.198 177.639 66.937 92.876
469.453 177.639 66.937 92.876
470.708 179.521 66.937 92.876
471.222 178.494 68.418 94.931
474.428 179.776 68.418 94.931
475.069 180.417 68.418 94.931
475.710 179.135 68.418 94.931
473.030 177.443 69.932 97.031
473.685 176.134 69.932 97.031
473.030 174.824 69.932 97.031
471.720 173.514 69.932 97.031
471.720 171.549 69.932 97.031
471.720 168.275 69.932 97.031
472.375 163.690 69.932 97.031
473.685 158.451 69.932 97.031
474.340 151.247 69.932 97.031
476.304 146.008 69.932 97.031
477.496 139.695 71.479 99.178
478.046 132.563 73.061 101.372
480.099 126.404 73.061 101.372
479.291 121.177 74.677 103.615
479.991 116.977 74.677 103.615
479.991 112.777 74.677 103.615
480.691 109.277 74.677 103.615
482.091 104.377 74.677 103.615
482.091 99.477 74.677 103.615
482.091 94.577 74.677 103.615
482.091 89.677 74.677 103.615
479.991 84.077 74.677 103.615
477.891 79.177 74.677 103.615
475.187 76.082 73.085 101.405
471.765 71.291 73.085 101.405
466.167 65.379 74.702 103.649
472.467 157.779 74.702 103.649
468.267 163.379 74.702 103.649
466.867 161.279 74.702 103.649
465.563 164.485 73.109 101.439
462.142 160.379 73.109 101.439
468.300 157.642 73.109 101.439
466.343 166.251 71.550 99.275
470.916 162.470 73.133 101.472
468.738 157.926 74.751 103.717
466.638 163.526 74.751 103.717
471.538 161.426 74.751 103.717
468.038 160.026 74.751 103.717
466.735 159.032 73.157 101.505
471.539 161.091 73.157 101.505
468.202 160.800 71.597 99.340
466.860 158.789 71.597 99.340
464.942 167.895 70.070 97.222
470.078 162.878 71.620 99.373
465.933 162.449 73.205 101.572
470.737 159.018 73.205 101.572
469.241 155.149 74.824 103.819
467.231 162.574 73.229 101.605
470.662 161.888 73.229 101.605
468.603 160.515 73.229 101.605
468.012 164.344 71.667 99.438
465.329 160.320 71.667 99.438
469.446 167.416 70.139 97.318
467.476 164.788 70.139 97.318
465.596 167.797 68.643 95.242
471.384 164.581 68.643 95.242
467.614 170.098 67.179 93.211
468.873 167.581 67.179 93.211
469.503 170.098 67.179 93.211
468.873 168.210 67.179 93.211
466.442 170.463 65.747 91.223
466.528 170.820 64.345 89.278
466.010 175.383 62.972 87.374
469.551 173.023 62.972 87.374
469.551 171.252 62.972 87.374
467.272 171.003 61.629 85.511
467.848 174.462 61.629 85.511
469.001 172.733 61.629 85.511
467.848 172.733 61.629 85.511
467.272 172.156 61.629 85.511
467.848 174.462 61.629 85.511
467.272 172.156 61.629 85.511
466.695 173.886 61.629 85.511
468.424 172.733 61.629 85.511
467.848 172.156 61.629 85.511
468.424 170.427 61.629 85.511
467.272 173.886 61.629 85.511
468.424 172.733 61.629 85.511
467.272 173.309 61.629 85.511
467.848 171.580 61.629 85.511
467.848 171.003 61.629 85.511
468.424 174.462 61.629 85.511
468.424 173.886 61.629 85.511
467.848 173.309 61.629 85.511
468.896 171.210 62.993 87.403
468.896 170.620 62.993 87.403
467.018 167.883 64.387 89.337
468.830 166.675 64.387 89.337
467.705 173.667 63.014 87.432
470.066 172.486 63.014 87.432
469.476 170.716 63.014 87.432
469.476 171.896 63.014 87.432
470.656 170.716 63.014 87.432
468.885 172.486 63.014 87.432
469.476 171.306 63.014 87.432
467.598 167.978 64.408 89.366
466.994 169.186 64.408 89.366
466.994 168.582 64.408 89.366
466.390 170.997 64.408 89.366
465.786 169.186 64.408 89.366
466.994 169.186 64.408 89.366
465.786 168.582 64.408 89.366
466.473 175.574 63.034 87.460
468.834 173.213 63.034 87.460
468.834 171.442 63.034 87.460
469.424 169.672 63.034 87.460
470.014 169.672 63.034 87.460
471.195 170.852 63.034 87.460
470.014 173.803 63.034 87.460
469.907 171.065 64.429 89.395
467.574 170.810 63.055 87.489
469.345 169.630 63.055 87.489
468.755 171.991 63.055 87.489
467.657 170.563 61.710 85.623
468.235 172.298 61.710 85.623
468.235 171.141 61.710 85.623
467.552 173.665 63.076 87.518
467.045 172.237 61.731 85.651
469.358 171.080 61.731 85.651
468.201 172.816 61.731 85.651
467.045 171.659 61.731 85.651
469.358 172.237 61.731 85.651
468.097 170.133 63.096 87.546
466.409 175.198 61.751 85.679
469.879 172.884 61.751 85.679
468.144 171.727 61.751 85.679
466.409 171.727 61.751 85.679
468.723 174.041 61.751 85.679
468.144 172.884 61.751 85.679
468.144 171.149 61.751 85.679
467.461 174.250 63.117 87.575
471.500 170.912 64.514 89.513
467.961 171.263 63.138 87.604
466.265 175.158 61.791 85.735
462.795 173.422 61.791 85.735
469.157 173.422 61.791 85.735
476.572 171.896 63.158 87.632
480.018 169.742 64.556 89.571
398.379 136.743 65.984 91.553
395.796 138.819 67.444 93.579
399.469 141.572 68.936 95.649
408.501 142.862 68.936 95.649
414.834 144.384 70.461 97.765
420.120 145.706 70.461 97.765
426.728 146.366 70.461 97.765
434.658 147.688 70.461 97.765
442.587 147.027 70.461 97.765
451.177 147.688 70.461 97.765
460.309 147.928 72.020 99.928
466.932 149.521 73.614 102.139
474.400 151.151 75.243 104.399
484.156 153.526 76.907 106.709
491.941 155.944 78.609 109.070
500.655 160.635 80.348 111.483
514.072 164.672 82.126 113.950
527.908 170.821 82.126 113.950
534.057 174.664 82.126 113.950
540.066 176.478 83.943 116.471
545.570 181.196 83.943 116.471
551.860 185.127 83.943 116.471
555.005 188.272 83.943 116.471
556.578 192.204 83.943 116.471
554.219 196.135 83.943 116.471
555.791 199.280 83.943 116.471
552.646 203.212 83.943 116.471
559.045 206.026 82.153 113.987
559.816 202.944 82.153 113.987
562.233 203.389 80.401 111.556
559.974 203.389 80.401 111.556
552.308 203.660 82.180 114.024
544.602 201.349 82.180 114.024
529.052 200.858 83.998 116.547
512.397 197.996 85.856 119.126
490.546 195.070 87.756 121.761
474.114 190.962 87.756 121.761
461.641 186.329 89.698 124.455
456.443 183.270 91.682 127.209
450.276 180.145 93.711 130.023
440.455 178.707 95.784 132.900
430.415 177.237 97.903 135.841
418.320 174.816 100.069 138.846
408.778 173.280 102.283 141.918
401.894 172.669 104.546 145.058
398.776 170.084 106.859 148.267
397.594 166.440 109.224 151.548
389.221 163.740 111.640 154.901
395.302 164.116 114.110 158.328
384.422 163.434 116.635 161.831
374.394 161.643 119.215 165.411
376.428 158.696 121.853 169.071
363.669 160.249 124.549 172.812
345.002 160.249 124.549 172.812
336.835 162.582 124.549 172.812
326.335 163.749 124.549 172.812
315.835 164.916 124.549 172.812
304.169 161.416 124.549 172.812
287.835 159.082 124.549 172.812
273.835 159.082 124.549 172.812
264.663 163.258 121.893 169.127
244.122 160.976 121.893 169.127
230.587 163.920 119.294 165.520
226.270 164.568 116.750 161.990
219.706 163.474 116.750 161.990
216.574 165.201 114.260 158.536
212.439 165.821 111.823 155.155
208.396 167.475 109.439 151.846
206.487 168.069 107.105 148.608
205.621 167.645 104.821 145.439
204.639 166.663 104.821 145.439
206.603 165.681 104.821 145.439
209.550 163.716 104.821 145.439
214.462 162.733 104.821 145.439
221.474 162.320 102.585 142.337
228.332 162.876 100.398 139.302
235.862 161.935 100.398 139.302
243.391 161.935 100.398 139.302
249.980 160.994 100.398 139.302
253.575 160.394 102.619 142.384
260.300 159.433 102.619 142.384
266.065 158.473 102.619 142.384
273.751 158.473 102.619 142.384
278.555 156.551 102.619 142.384
283.359 153.669 102.619 142.384
288.296 154.226 100.431 139.348
263.014 159.477 98.289 136.376
261.171 155.790 98.289 136.376
262.093 153.026 98.289 136.376
264.857 149.339 98.289 136.376
273.907 141.380 100.464 139.393
271.855 136.073 102.686 142.477
273.607 129.683 104.958 145.630
270.481 126.107 107.281 148.852
271.306 122.449 109.654 152.145
270.421 119.961 107.316 148.901
272.571 117.526 105.027 145.725
277.492 115.557 105.027 145.725
280.445 113.588 105.027 145.725
284.518 112.189 102.787 142.618
283.555 108.338 102.787 142.618
286.444 105.450 102.787 142.618
287.406 101.599 102.787 142.618
291.390 99.269 100.595 139.576
292.463 96.984 98.450 136.600
294.306 95.141 98.450 136.600
294.306 93.298 98.450 136.600
296.278 92.912 96.351 133.687
293.697 94.337 94.296 130.836
298.119 96.106 94.296 130.836
292.813 95.221 94.296 130.836
298.119 96.106 94.296 130.836
305.193 95.221 94.296 130.836
308.852 96.616 92.285 128.046
309.716 97.481 92.285 128.046
312.430 100.576 90.317 125.315
314.124 103.117 90.317 125.315
316.781 107.841 88.391 122.643
321.861 110.804 86.506 120.027
324.403 114.513 84.661 117.468
327.579 117.690 84.661 117.468
333.138 122.454 84.661 117.468
337.217 128.472 82.856 114.963
339.547 133.130 82.856 114.963
344.205 136.236 82.856 114.963
347.311 139.342 82.856 114.963
352.077 145.227 81.089 112.511
354.354 148.262 81.089 112.511
355.112 152.815 81.089 112.511
355.112 155.850 81.089 112.511
352.836 161.162 81.089 112.511
349.801 166.474 81.089 112.511
346.006 172.544 81.089 112.511
342.971 177.856 81.089 112.511
339.177 183.927 81.089 112.511
334.624 189.997 81.089 112.511
328.554 196.068 81.089 112.511
322.483 200.621 81.089 112.511
315.654 205.174 81.089 112.511
308.065 208.209 81.089 112.511
303.512 211.244 81.089 112.511
301.236 215.039 81.089 112.511
300.477 217.315 81.089 112.511
300.477 219.592 81.089 112.511
301.342 223.068 79.360 110.112
303.571 224.554 79.360 110.112
306.544 224.554 79.360 110.112
308.773 226.040 79.360 110.112
311.002 229.756 79.360 110.112
310.259 229.756 79.360 110.112
311.002 229.756 79.360 110.112
311.106 231.673 77.667 107.764
311.106 230.946 77.667 107.764
311.833 230.946 77.667 107.764
311.106 230.946 77.667 107.764
311.833 230.946 77.667 107.764
311.106 231.673 77.667 107.764
311.106 230.946 77.667 107.764
311.833 231.673 77.667 107.764
310.378 230.946 77.667 107.764
311.833 230.946 77.667 107.764
311.106 231.673 77.667 107.764
311.106 230.946 77.667 107.764
311.833 230.946 77.667 107.764
310.378 230.946 77.667 107.764
311.833 231.673 77.667 107.764
310.378 230.946 77.667 107.764
311.833 230.946 77.667 107.764
311.106 231.673 77.667 107.764
311.106 230.946 77.667 107.764
311.833 230.946 77.667 107.764
311.106 230.946 77.667 107.764
311.833 230.946 77.667 107.764
311.106 230.946 77.667 107.764
311.833 231.673 77.667 107.764
310.378 230.946 77.667 107.764
311.833 230.946 77.667 107.764
311.106 230.946 77.667 107.764
311.833 230.946 77.667 107.764
311.106 230.946 77.667 107.764
311.833 230.946 77.667 107.764
311.106 230.946 77.667 107.764
311.833 230.946 77.667 107.764
311.106 230.946 77.667 107.764
311.833 230.946 77.667 107.764
311.106 231.673 77.667 107.764
311.106 230.946 77.667 107.764
311.833 230.946 77.667 107.764
311.106 231.673 77.667 107.764
311.106 230.946 77.667 107.764
311.833 231.673 77.667 107.764
310.378 230.946 77.667 107.764
311.833 230.946 77.667 107.764
311.106 230.946 77.667 107.764
311.833 230.946 77.667 107.764
311.106 231.673 77.667 107.764
311.106 230.946 77.667 107.764
311.833 230.946 77.667 107.764
311.106 230.946 77.667 107.764
311.833 230.946 77.667 107.764
311.106 230.946 77.667 107.764
311.833 230.946 77.667 107.764
311.106 231.673 77.667 107.764
311.106 230.946 77.667 107.764
311.833 230.946 77.667 107.764
311.106 230.946 77.667 107.764
311.833 230.946 77.667 107.764
311.106 231.673 77.667 107.764
311.106 230.946 77.667 107.764
311.833 231.673 77.667 107.764
310.378 230.946 77.667 107.764
311.833 230.946 77.667 107.764
311.106 231.673 77.667 107.764
311.106 230.946 77.667 107.764
311.833 230.946 77.667 107.764
311.106 230.946 77.667 107.764
311.833 230.946 77.667 107.764
311.106 230.946 77.667 107.764
311.833 230.946 77.667 107.764
311.106 231.673 77.667 107.764
311.106 230.946 77.667 107.764
311.833 231.673 77.667 107.764
310.378 230.946 77.667 107.764
311.833 230.946 77.667 107.764
311.106 231.673 77.667 107.764
311.106 230.946 77.667 107.764
311.833 230.946 77.667 107.764
311.106 230.946 77.667 107.764
311.833 230.946 77.667 107.764
311.106 231.673 77.667 107.764
311.106 230.946 77.667 107.764
311.833 230.946 77.667 107.764
311.106 230.946 77.667 107.764
311.833 230.946 77.667 107.764
311.106 230.946 77.667 107.764
311.833 230.946 77.667 107.764
311.106 231.673 77.667 107.764
311.106 230.946 77.667 107.764
311.833 230.946 77.667 107.764
311.106 230.946 77.667 107.764
311.833 230.946 77.667 107.764
311.106 231.673 77.667 107.764
311.106 230.946 77.667 107.764
311.833 230.946 77.667 107.764
311.106 230.946 77.667 107.764
311.833 230.946 77.667 107.764
311.106 231.673 77.667 107.764
311.106 231.673 77.667 107.764
311.106 230.946 77.667 107.764
311.833 230.946 77.667 107.764
311.106 230.946 77.667 107.764
311.833 230.946 77.667 107.764
311.106 231.673 77.667 107.764
311.106 230.946 77.667 107.764
311.833 230.946 77.667 107.764
311.106 231.673 77.667 107.764
311.106 230.946 77.667 107.764
311.833 230.946 77.667 107.764
311.106 231.673 77.667 107.764
311.106 230.946 77.667 107.764
311.833 230.946 77.667 107.764
311.833 230.946 77.667 107.764
311.833 230.946 77.667 107.764
311.106 230.946 77.667 107.764
311.833 230.946 77.667 107.764
311.106 230.946 77.667 107.764
311.833 230.946 77.667 107.764
311.106 231.673 77.667 107.764
311.106 230.946 77.667 107.764
311.833 230.946 77.667 107.764
311.106 230.946 77.667 107.764
311.833 230.946 77.667 107.764
311.106 231.673 77.667 107.764
311.106 230.946 77.667 107.764
311.833 230.946 77.667 107.764
311.106 230.946 77.667 107.764
311.833 230.946 77.667 107.764
311.106 230.946 77.667 107.764
311.833 230.946 77.667 107.764
311.106 230.946 77.667 107.764
311.833 230.946 77.667 107.764
311.106 230.946 77.667 107.764
311.106 230.946 77.667 107.764
310.378 229.491 77.667 107.764
309.651 228.036 77.667 107.764
310.479 227.003 76.011 105.465
309.055 224.867 76.011 105.465
308.343 221.308 76.011 105.465
307.632 218.461 76.011 105.465
308.343 214.903 76.011 105.465
310.479 210.632 76.011 105.465
313.326 207.073 76.011 105.465
316.885 201.379 76.011 105.465
320.443 195.685 76.011 105.465
325.426 189.991 76.011 105.465
330.408 183.585 76.011 105.465
335.391 178.603 76.011 105.465
341.085 173.620 76.011 105.465
347.491 168.638 76.011 105.465
353.896 162.944 76.011 105.465
359.591 156.538 76.011 105.465
365.996 152.979 76.011 105.465
375.249 147.285 76.011 105.465
382.950 141.136 77.693 107.799
390.952 137.499 77.693 107.799
398.094 133.396 79.412 110.184
407.012 130.424 79.412 110.184
415.186 128.937 79.412 110.184
425.590 127.451 79.412 110.184
429.914 126.232 81.169 112.622
433.580 126.508 82.965 115.113
439.792 129.614 82.965 115.113
445.227 131.167 82.965 115.113
449.886 131.943 82.965 115.113
454.545 133.496 82.965 115.113
457.651 137.379 82.965 115.113
463.194 140.159 81.195 112.659
467.103 143.642 79.464 110.256
470.186 147.799 77.769 107.905
473.203 152.596 76.111 105.604
475.345 156.165 76.111 105.604
478.199 159.020 76.111 105.604
480.341 163.302 76.111 105.604
482.482 167.584 76.111 105.604
487.576 172.993 74.488 103.352
491.162 175.491 72.899 101.148
493.304 179.299 71.345 98.991
495.310 179.967 71.345 98.991
498.745 183.029 69.823 96.880
497.435 184.339 69.823 96.880
495.471 188.923 69.823 96.880
494.816 190.888 69.823 96.880
494.905 192.575 68.334 94.814
490.302 190.885 69.846 96.912
489.737 192.574 68.357 94.845
487.173 193.215 68.357 94.845
481.928 190.883 69.869 96.943
479.309 190.228 69.869 96.943
476.034 189.573 69.869 96.943
475.379 188.264 69.869 96.943
474.724 188.264 69.869 96.943
473.414 186.954 69.869 96.943
473.414 185.644 69.869 96.943
471.450 184.334 69.869 96.943
473.414 184.334 69.869 96.943
474.159 184.058 68.379 94.876
475.442 182.135 68.379 94.876
476.083 178.929 68.379 94.876
477.365 177.005 68.379 94.876
478.007 175.723 68.379 94.876
480.571 174.440 68.379 94.876
482.583 174.170 66.921 92.853
485.179 173.277 65.494 90.873
487.104 173.019 64.097 88.935
485.304 172.419 64.097 88.935
484.704 171.819 64.097 88.935
479.795 169.035 65.515 90.902
474.161 168.029 66.965 92.914
472.906 167.402 66.965 92.914
470.910 165.119 68.446 94.969
468.987 163.196 68.446 94.969
467.704 161.913 68.446 94.969
465.024 160.222 69.961 97.071
466.988 158.257 69.961 97.071
469.489 156.528 71.509 99.218
471.380 156.101 73.091 101.413
473.309 154.979 74.708 103.657
475.282 153.133 76.361 105.951
475.998 155.280 76.361 105.951
475.869 151.960 78.050 108.295
476.600 151.960 78.050 108.295
476.468 148.568 79.777 110.691
476.333 147.344 81.542 113.140
474.039 148.109 81.542 113.140
474.039 146.579 81.542 113.140
476.333 144.285 81.542 113.140
477.098 145.050 81.542 113.140
479.392 144.285 81.542 113.140
479.392 145.050 81.542 113.140
477.098 144.285 81.542 113.140
472.509 145.814 81.542 113.140
466.392 145.814 81.542 113.140
460.274 146.579 81.542 113.140
454.921 146.579 81.542 113.140
449.568 145.814 81.542 113.140
442.791 150.844 79.803 110.727
439.055 150.844 79.803 110.727
436.067 150.844 79.803 110.727
435.931 148.872 81.569 113.177
432.735 146.856 83.374 115.681
436.495 144.795 85.218 118.240
391.007 147.988 85.218 118.240
383.026 148.786 85.218 118.240
381.541 150.844 83.401 115.719
383.882 150.844 83.401 115.719
382.430 154.420 81.622 113.251
380.241 156.392 79.882 110.836
381.093 162.068 78.178 108.472
382.428 160.134 79.908 110.872
432.478 155.163 81.676 113.325
438.595 159.751 81.676 113.325
436.927 158.497 83.483 115.833
432.092 159.563 85.330 118.396
435.292 161.163 85.330 118.396
429.692 166.763 85.330 118.396
424.892 170.763 85.330 118.396
416.092 175.563 85.330 118.396
403.292 177.163 85.330 118.396
385.548 179.053 87.218 121.015
369.195 181.506 87.218 121.015
357.601 181.803 89.148 123.692
341.579 182.105 91.120 126.429
332.197 181.252 91.120 126.429
324.520 182.105 91.120 126.429
313.432 181.252 91.120 126.429
303.197 182.105 91.120 126.429
292.962 181.252 91.120 126.429
283.424 178.148 93.136 129.226
277.316 177.275 93.136 129.226
271.208 176.402 93.136 129.226
265.101 173.785 93.136 129.226
259.865 171.167 93.136 129.226
258.993 169.422 93.136 129.226
260.738 165.932 93.136 129.226
262.483 163.314 93.136 129.226
265.973 159.824 93.136 129.226
272.953 155.461 93.136 129.226
280.806 149.353 93.136 129.226
287.787 143.246 93.136 129.226
294.767 135.393 93.136 129.226
301.590 125.238 95.197 132.086
306.943 117.208 95.197 132.086
313.188 110.071 95.197 132.086
318.541 102.934 95.197 132.086
317.649 95.796 95.197 132.086
321.217 88.659 95.197 132.086
318.541 82.414 95.197 132.086
314.972 77.061 95.197 132.086
312.296 72.600 95.197 132.086
308.850 68.656 93.167 129.269
307.105 63.421 93.167 129.269
304.487 57.313 93.167 129.269
300.124 52.950 93.167 129.269
293.144 47.715 93.167 129.269
285.412 44.730 91.180 126.512
279.545 44.369 89.235 123.814
274.533 44.369 89.235 123.814
273.698 45.205 89.235 123.814
272.863 46.875 89.235 123.814
268.686 48.546 89.235 123.814
272.979 52.372 87.332 121.174
273.092 52.846 85.470 118.590
275.492 55.246 85.470 118.590
277.092 56.046 85.470 118.590
283.604 60.511 83.647 116.061
289.986 64.886 81.864 113.586
299.186 73.319 81.864 113.586
307.619 80.219 81.864 113.586
316.053 86.352 81.864 113.586
322.186 94.019 81.864 113.586
327.553 102.452 81.864 113.586
335.219 109.352 81.864 113.586
342.119 119.319 81.864 113.586
348.253 129.286 81.864 113.586
353.619 138.486 81.864 113.586
357.314 144.129 83.675 116.099
362.804 151.188 83.675 116.099
362.019 158.247 83.675 116.099
360.559 166.543 81.890 113.623
357.492 173.443 81.890 113.623
353.659 176.510 81.890 113.623
348.292 179.577 81.890 113.623
342.159 181.110 81.890 113.623
336.792 181.110 81.890 113.623
329.753 178.320 83.702 116.137
321.125 175.967 83.702 116.137
312.498 173.614 83.702 116.137
303.979 171.715 81.917 113.660
297.845 168.648 81.917 113.660
290.945 164.815 81.917 113.660
292.479 159.448 81.917 113.660
289.519 157.594 80.170 111.236
297.132 161.033 78.461 108.864
301.544 158.827 78.461 108.864
301.544 157.356 78.461 108.864
306.691 155.150 78.461 108.864
308.897 152.944 78.461 108.864
311.838 150.738 78.461 108.864
315.515 147.062 78.461 108.864
316.250 144.121 78.461 108.864
316.853 139.975 80.197 111.273
315.351 139.224 80.197 111.273
313.098 138.473 80.197 111.273
309.343 136.971 80.197 111.273
306.443 138.158 78.486 108.900
301.296 136.687 78.486 108.900
295.414 136.687 78.486 108.900
290.267 136.687 78.486 108.900
286.590 136.687 78.486 108.900
285.120 135.952 78.486 108.900
287.427 134.907 76.813 106.578
284.549 133.468 76.813 106.578
283.109 132.029 76.813 106.578
288.866 131.309 76.813 106.578
293.184 129.150 76.813 106.578
291.745 127.711 76.813 106.578
295.343 126.992 76.813 106.578
292.464 126.992 76.813 106.578
290.175 126.532 78.512 108.936
288.705 125.797 78.512 108.936
287.234 126.532 78.512 108.936
290.175 124.326 78.512 108.936
293.852 122.856 78.512 108.936
294.587 124.326 78.512 108.936
296.058 122.856 78.512 108.936
295.322 123.591 78.512 108.936
294.587 122.856 78.512 108.936
297.528 123.591 78.512 108.936
296.058 122.856 78.512 108.936
298.264 122.120 78.512 108.936
296.793 120.650 78.512 108.936
299.734 119.179 78.512 108.936
298.999 118.444 78.512 108.936
298.999 118.444 78.512 108.936
299.734 117.709 78.512 108.936
298.999 119.179 78.512 108.936
301.205 118.444 78.512 108.936
301.940 120.650 78.512 108.936
300.469 121.385 78.512 108.936
301.940 119.915 78.512 108.936
303.411 120.650 78.512 108.936
305.616 119.915 78.512 108.936
306.352 120.650 78.512 108.936
306.352 120.650 78.512 108.936
306.352 120.650 78.512 108.936
307.087 119.915 78.512 108.936
308.558 121.385 78.512 108.936
307.087 119.915 78.512 108.936
310.028 119.179 78.512 108.936
308.558 118.444 78.512 108.936
307.822 119.179 78.512 108.936
309.293 118.444 78.512 108.936
310.028 117.709 78.512 108.936
310.028 117.709 78.512 108.936
310.130 118.135 76.838 106.613
309.510 119.272 75.199 104.339
308.102 117.160 75.199 104.339
306.694 116.456 75.199 104.339
305.991 115.752 75.199 104.339
303.879 115.048 75.199 104.339
302.471 117.160 75.199 104.339
300.359 117.864 75.199 104.339
297.416 116.710 76.863 106.648
295.257 117.429 76.863 106.648
293.817 116.710 76.863 106.648
294.537 116.710 76.863 106.648
293.098 115.270 76.863 106.648
292.378 113.112 76.863 106.648
293.817 112.392 76.863 106.648
292.378 111.672 76.863 106.648
291.659 113.112 76.863 106.648
295.976 113.112 76.863 106.648
295.976 113.112 76.863 106.648
298.135 113.112 76.863 106.648
298.855 112.392 76.863 106.648
301.014 110.233 76.863 106.648
303.892 108.794 76.863 106.648
306.051 108.794 76.863 106.648
308.210 107.355 76.863 106.648
310.368 105.915 76.863 106.648
314.686 105.196 76.863 106.648
317.565 104.476 76.863 106.648
321.163 104.476 76.863 106.648
324.041 103.757 76.863 106.648
326.919 105.915 76.863 106.648
329.798 106.635 76.863 106.648
334.835 107.355 76.863 106.648
339.153 108.794 76.863 106.648
342.751 110.953 76.863 106.648
347.068 113.112 76.863 106.648
351.386 114.551 76.863 106.648
356.423 115.270 76.863 106.648
363.000 117.847 75.224 104.373
366.519 118.551 75.224 104.373
371.447 118.551 75.224 104.373
374.966 119.255 75.224 104.373
377.782 121.366 75.224 104.373
382.006 123.478 75.224 104.373
382.710 124.886 75.224 104.373
386.933 126.294 75.224 104.373
386.229 127.702 75.224 104.373
389.621 123.027 76.888 106.683
388.181 125.186 76.888 106.683
390.209 122.567 78.589 109.043
388.003 124.773 78.589 109.043
387.869 122.096 80.328 111.455
385.475 121.616 82.105 113.921
385.475 120.079 82.105 113.921
383.029 118.818 83.922 116.442
385.388 118.032 83.922 116.442
383.029 118.032 83.922 116.442
384.602 118.818 83.922 116.442
383.029 118.818 83.922 116.442
386.961 118.818 83.922 116.442
386.961 119.605 83.922 116.442
390.106 121.963 83.922 116.442
391.678 122.750 83.922 116.442
396.396 124.322 83.922 116.442
398.755 125.108 83.922 116.442
402.686 126.681 83.922 116.442
406.617 129.040 83.922 116.442
411.335 130.612 83.922 116.442
412.908 134.544 83.922 116.442
416.839 137.689 83.922 116.442
420.770 140.048 83.922 116.442
421.414 139.546 85.779 119.018
423.826 143.565 85.779 119.018
421.269 143.857 87.677 121.651
422.913 146.321 87.677 121.651
421.269 148.786 87.677 121.651
420.448 149.608 87.677 121.651
418.805 152.894 87.677 121.651
415.519 152.072 87.677 121.651
410.441 150.727 89.617 124.343
403.575 151.029 91.599 127.094
399.281 151.888 91.599 127.094
393.269 151.029 91.599 127.094
388.116 148.453 91.599 127.094
383.822 148.453 91.599 127.094
380.387 145.876 91.599 127.094
372.657 143.300 91.599 127.094
368.481 141.220 89.646 124.384
362.723 139.189 87.734 121.731
356.972 136.725 87.734 121.731
352.978 133.915 85.863 119.135
350.566 131.503 85.863 119.135
348.155 129.895 85.863 119.135
345.743 128.287 85.863 119.135
347.351 127.483 85.863 119.135
347.462 127.146 84.032 116.595
