288.000 143.000 35.000 42.000
290.114 141.792 35.000 42.000
291.624 142.094 35.000 42.000
293.133 140.886 35.000 42.000
295.851 141.188 35.000 42.000
296.153 139.980 35.000 42.000
297.059 139.980 35.000 42.000
297.663 139.980 35.000 42.000
297.663 140.282 35.000 42.000
297.965 140.584 35.000 42.000
298.569 141.490 35.000 42.000
298.871 141.792 35.000 42.000
298.871 142.396 35.000 42.000
297.965 142.094 35.000 42.000
297.059 140.584 35.000 42.000
297.361 141.188 35.000 42.000
298.267 142.094 35.000 42.000
298.569 142.094 35.000 42.000
297.059 142.094 35.000 42.000
297.059 143.302 35.000 42.000
297.361 144.510 35.000 42.000
297.361 145.718 35.000 42.000
296.757 146.925 35.000 42.000
295.247 147.831 35.000 42.000
294.643 148.133 35.000 42.000
292.529 147.831 35.000 42.000
292.529 148.737 35.000 42.000
292.529 148.737 35.000 42.000
292.227 149.643 35.000 42.000
292.227 149.945 35.000 42.000
291.624 149.945 35.000 42.000
291.020 150.549 35.000 42.000
291.624 149.945 35.000 42.000
291.624 150.247 35.000 42.000
291.925 149.039 35.000 42.000
292.529 147.529 35.000 42.000
292.831 147.831 35.000 42.000
293.435 147.831 35.000 42.000
294.341 147.831 35.000 42.000
294.643 147.831 35.000 42.000
294.341 147.831 35.000 42.000
294.945 147.831 35.000 42.000
294.945 147.529 35.000 42.000
294.643 147.529 35.000 42.000
294.341 147.227 35.000 42.000
294.945 146.322 35.000 42.000
294.341 146.925 35.000 42.000
293.737 148.435 35.000 42.000
291.624 148.737 35.000 42.000
291.020 149.643 35.000 42.000
290.718 150.247 35.000 42.000
290.416 149.945 35.000 42.000
290.718 150.851 35.000 42.000
290.114 150.851 35.000 42.000
290.114 151.455 35.000 42.000
290.114 151.757 35.000 42.000
289.812 152.965 35.000 42.000
289.510 153.871 35.000 42.000
289.208 154.776 35.000 42.000
289.812 155.380 35.000 42.000
289.812 154.776 35.000 42.000
290.114 155.380 35.000 42.000
290.416 154.173 35.000 42.000
290.718 153.871 35.000 42.000
291.020 153.871 35.000 42.000
292.227 153.267 35.000 42.000
293.133 152.965 35.000 42.000
293.737 154.173 35.000 42.000
294.039 153.569 35.000 42.000
295.549 154.173 35.000 42.000
296.455 154.475 35.000 42.000
299.173 155.078 35.000 42.000
300.984 155.380 35.000 42.000
303.315 156.426 35.774 42.929
306.103 158.284 35.774 42.929
310.440 161.073 35.774 42.929
312.609 166.339 35.774 42.929
314.778 172.535 35.774 42.929
316.017 178.112 35.774 42.929
317.566 184.928 35.774 42.929
317.876 190.194 35.774 42.929
317.876 195.151 35.774 42.929
316.017 198.249 35.774 42.929
313.848 201.347 35.774 42.929
310.130 202.896 35.774 42.929
305.174 202.586 35.774 42.929
299.907 201.037 35.774 42.929
295.879 197.629 35.774 42.929
291.852 190.814 35.774 42.929
287.825 183.069 35.774 42.929
284.417 172.226 35.774 42.929
281.852 162.147 36.566 43.879
281.537 151.098 36.566 43.879
281.221 143.206 36.566 43.879
281.537 137.208 36.566 43.879
283.431 132.788 36.566 43.879
284.694 129.315 36.566 43.879
286.588 129.631 36.566 43.879
288.797 130.578 36.566 43.879
291.007 134.366 36.566 43.879
292.901 141.627 36.566 43.879
294.795 149.519 36.566 43.879
297.005 161.200 36.566 43.879
299.846 173.196 36.566 43.879
300.794 185.192 36.566 43.879
300.705 193.230 37.375 44.850
300.381 197.759 37.375 44.850
297.793 199.053 37.375 44.850
293.264 195.818 37.375 44.850
286.146 188.701 37.375 44.850
278.705 180.289 37.375 44.850
272.234 170.906 37.375 44.850
263.499 164.112 37.375 44.850
256.381 159.906 37.375 44.850
247.322 158.612 37.375 44.850
242.379 159.087 38.202 45.842
239.637 160.236 39.047 46.856
237.182 161.742 39.911 47.893
235.705 165.008 40.794 48.953
235.705 172.773 40.794 48.953
238.176 176.302 40.794 48.953
240.999 176.655 40.794 48.953
245.940 174.537 40.794 48.953
252.293 168.184 40.794 48.953
260.411 159.008 40.794 48.953
269.940 150.890 40.794 48.953
280.176 144.537 40.794 48.953
287.234 141.008 40.794 48.953
294.293 139.596 40.794 48.953
300.646 138.890 40.794 48.953
306.999 141.008 40.794 48.953
313.705 143.831 40.794 48.953
317.842 148.937 41.697 50.036
321.089 156.513 41.697 50.036
323.975 166.255 41.697 50.036
325.418 177.800 41.697 50.036
325.779 184.655 41.697 50.036
324.336 188.623 41.697 50.036
322.532 190.066 41.697 50.036
319.285 188.984 41.697 50.036
314.234 184.294 41.697 50.036
308.822 177.078 41.697 50.036
303.050 168.419 41.697 50.036
299.081 159.039 41.697 50.036
294.391 150.019 41.697 50.036
289.701 143.525 41.697 50.036
285.011 138.835 41.697 50.036
281.042 137.392 41.697 50.036
277.434 138.835 41.697 50.036
275.630 141.361 41.697 50.036
272.744 146.772 41.697 50.036
269.858 152.906 41.697 50.036
269.497 160.482 41.697 50.036
269.497 166.255 41.697 50.036
268.054 168.780 41.697 50.036
265.251 168.231 40.807 48.969
264.545 167.878 40.807 48.969
263.487 166.467 40.807 48.969
260.663 162.937 40.807 48.969
257.487 159.408 40.807 48.969
254.663 155.525 40.807 48.969
253.604 153.408 40.807 48.969
253.604 151.290 40.807 48.969
256.428 151.643 40.807 48.969
258.898 154.114 40.807 48.969
260.663 157.643 40.807 48.969
261.016 162.584 40.807 48.969
262.075 168.231 40.807 48.969
263.134 174.584 40.807 48.969
263.922 182.165 39.937 47.925
265.383 187.162 39.085 46.903
266.395 188.849 39.085 46.903
266.395 187.162 39.085 46.903
265.720 180.080 39.085 46.903
265.720 172.998 39.085 46.903
266.732 167.264 39.085 46.903
268.755 162.880 39.085 46.903
272.465 160.182 39.085 46.903
276.512 157.821 39.085 46.903
281.908 158.159 39.085 46.903
289.665 158.496 39.085 46.903
296.747 161.868 39.085 46.903
303.493 166.253 39.085 46.903
308.889 169.288 39.085 46.903
312.261 170.637 39.085 46.903
312.598 170.300 39.085 46.903
312.261 169.288 39.085 46.903
308.551 168.613 39.085 46.903
304.167 169.962 39.085 46.903
299.446 174.010 39.085 46.903
297.759 179.743 39.085 46.903
296.073 186.825 39.085 46.903
293.038 193.908 39.085 46.903
288.991 200.653 39.085 46.903
283.257 204.700 39.085 46.903
275.838 205.711 39.085 46.903
269.767 202.339 39.085 46.903
265.046 194.919 39.085 46.903
263.696 185.813 39.085 46.903
266.395 177.719 39.085 46.903
270.442 172.323 39.085 46.903
275.838 167.602 39.085 46.903
284.944 167.264 39.085 46.903
293.375 168.951 39.085 46.903
299.688 174.840 39.950 47.940
308.315 182.087 39.950 47.940
313.050 189.839 40.834 49.001
314.010 196.003 41.738 50.085
312.206 199.610 41.738 50.085
308.237 201.054 41.738 50.085
303.908 199.610 41.738 50.085
297.414 194.559 41.738 50.085
289.116 187.705 41.738 50.085
279.014 183.375 41.738 50.085
272.159 181.932 41.738 50.085
266.025 180.850 41.738 50.085
260.974 181.932 41.738 50.085
259.892 184.457 41.738 50.085
259.531 187.344 41.738 50.085
260.253 187.705 41.738 50.085
263.500 184.818 41.738 50.085
268.551 180.128 41.738 50.085
274.323 175.438 41.738 50.085
279.735 172.191 41.738 50.085
281.178 172.912 41.738 50.085
282.261 174.355 41.738 50.085
282.621 176.881 41.738 50.085
283.343 179.767 41.738 50.085
283.704 181.932 41.738 50.085
282.621 182.654 41.738 50.085
280.817 180.489 41.738 50.085
275.045 175.077 41.738 50.085
271.437 167.140 41.738 50.085
266.386 159.563 41.738 50.085
261.419 153.242 40.848 49.017
256.125 150.066 40.848 49.017
252.678 149.177 39.976 47.972
249.999 151.069 39.124 46.949
247.024 153.265 38.290 45.948
245.367 156.579 38.290 45.948
240.728 160.224 38.290 45.948
238.408 167.183 38.290 45.948
238.077 172.816 38.290 45.948
240.065 173.479 38.290 45.948
242.385 173.148 38.290 45.948
244.704 168.509 38.290 45.948
249.012 162.544 38.290 45.948
253.651 156.579 38.290 45.948
258.291 151.940 38.290 45.948
265.249 149.620 38.290 45.948
271.954 148.122 37.473 44.968
277.530 147.954 36.674 44.009
281.659 148.272 36.674 44.009
285.153 147.319 36.674 44.009
284.518 149.860 36.674 44.009
283.247 153.037 36.674 44.009
278.483 153.037 36.674 44.009
273.718 150.496 36.674 44.009
267.683 145.096 36.674 44.009
261.965 137.790 36.674 44.009
257.200 132.390 36.674 44.009
249.968 127.141 35.892 43.070
241.603 125.283 35.892 43.070
230.140 129.000 35.892 43.070
212.791 137.985 35.892 43.070
194.823 147.279 35.892 43.070
179.642 159.361 35.892 43.070
168.489 174.541 35.892 43.070
162.913 187.243 35.892 43.070
164.772 194.369 35.892 43.070
165.701 201.494 35.892 43.070
166.631 204.592 35.892 43.070
167.870 201.185 35.892 43.070
170.348 195.918 35.892 43.070
170.658 190.341 35.892 43.070
174.995 183.526 35.892 43.070
180.882 177.330 35.892 43.070
185.529 176.090 35.892 43.070
189.866 177.330 35.892 43.070
195.442 180.737 35.892 43.070
199.160 185.694 35.892 43.070
200.399 190.651 35.892 43.070
201.638 196.537 35.892 43.070
205.666 201.494 35.892 43.070
211.242 207.071 35.892 43.070
211.862 213.267 35.892 43.070
206.905 218.534 35.892 43.070
201.638 221.322 35.892 43.070
199.692 220.226 36.686 44.023
200.010 213.873 36.686 44.023
201.281 208.790 36.686 44.023
201.598 205.614 36.686 44.023
202.551 204.979 36.686 44.023
204.775 206.249 36.686 44.023
204.457 208.155 36.686 44.023
203.822 212.285 36.686 44.023
202.551 217.367 36.686 44.023
202.869 220.543 36.686 44.023
201.916 221.179 36.686 44.023
201.281 216.732 36.686 44.023
200.645 210.379 36.686 44.023
201.598 202.437 36.686 44.023
202.233 196.085 36.686 44.023
201.916 192.590 36.686 44.023
200.010 191.637 36.686 44.023
198.422 191.955 36.686 44.023
198.422 193.226 36.686 44.023
198.422 194.814 36.686 44.023
198.104 199.579 36.686 44.023
197.469 204.026 36.686 44.023
197.469 207.202 36.686 44.023
197.469 206.567 36.686 44.023
198.739 202.437 36.686 44.023
199.692 197.673 36.686 44.023
200.010 194.179 36.686 44.023
200.645 191.955 36.686 44.023
201.281 192.908 36.686 44.023
200.963 194.496 36.686 44.023
200.010 197.355 36.686 44.023
200.010 201.485 36.686 44.023
201.281 206.249 36.686 44.023
200.963 212.285 36.686 44.023
198.422 218.955 36.686 44.023
196.833 223.402 36.686 44.023
197.151 221.496 36.686 44.023
200.010 217.049 36.686 44.023
199.057 209.426 36.686 44.023
196.516 201.802 36.686 44.023
195.245 195.449 36.686 44.023
190.798 189.414 36.686 44.023
184.201 186.072 35.904 43.084
179.244 185.452 35.904 43.084
178.934 185.142 35.904 43.084
179.244 185.452 35.904 43.084
174.287 190.099 35.904 43.084
169.713 197.064 35.138 42.166
169.409 204.662 35.138 42.166
169.713 209.829 35.138 42.166
170.321 213.780 35.138 42.166
171.233 214.692 35.138 42.166
173.968 211.349 35.138 42.166
174.880 208.309 35.138 42.166
175.792 206.790 35.138 42.166
177.919 205.878 35.138 42.166
182.782 206.486 35.138 42.166
188.253 208.309 35.138 42.166
192.507 214.084 35.138 42.166
198.890 218.339 35.138 42.166
210.135 222.898 35.138 42.166
220.772 226.545 35.138 42.166
231.409 229.280 35.138 42.166
241.743 226.545 35.138 42.166
253.596 216.515 35.138 42.166
260.282 205.270 35.138 42.166
267.576 197.368 35.138 42.166
276.694 191.898 35.138 42.166
285.811 187.339 35.138 42.166
292.802 186.123 35.138 42.166
296.753 187.643 35.138 42.166
296.449 191.290 35.138 42.166
294.017 198.280 35.138 42.166
290.066 206.486 35.138 42.166
285.811 216.515 35.138 42.166
280.037 223.809 35.138 42.166
268.488 227.760 35.138 42.166
254.507 230.496 35.138 42.166
239.615 231.407 35.138 42.166
222.292 233.535 35.138 42.166
207.704 236.270 35.138 42.166
198.197 239.451 35.915 43.098
192.001 241.619 35.915 43.098
187.044 242.239 35.915 43.098
175.891 243.168 35.915 43.098
164.119 239.451 35.915 43.098
156.683 230.776 35.915 43.098
156.683 218.694 35.915 43.098
160.711 205.063 35.915 43.098
169.385 195.768 35.915 43.098
178.989 192.361 35.915 43.098
188.283 195.459 35.915 43.098
198.197 199.486 35.915 43.098
209.970 207.541 35.915 43.098
223.291 219.004 35.915 43.098
235.374 231.396 35.915 43.098
249.934 243.478 35.915 43.098
264.495 249.984 35.915 43.098
276.887 253.082 35.915 43.098
288.970 252.463 35.915 43.098
303.840 248.125 35.915 43.098
318.401 243.168 35.915 43.098
332.342 236.972 35.915 43.098
347.213 233.255 35.915 43.098
359.295 231.086 35.915 43.098
368.899 230.157 35.915 43.098
373.856 230.157 35.915 43.098
373.546 231.396 35.915 43.098
369.209 233.874 35.915 43.098
359.915 236.043 35.915 43.098
346.283 241.929 35.915 43.098
328.005 249.984 35.915 43.098
307.558 255.870 35.915 43.098
287.731 258.968 35.915 43.098
269.452 257.110 35.915 43.098
252.413 251.223 35.915 43.098
237.542 243.788 35.915 43.098
222.052 237.902 35.915 43.098
208.111 232.945 35.915 43.098
199.436 227.678 35.915 43.098
195.719 222.102 35.915 43.098
195.719 218.384 35.915 43.098
196.958 218.074 35.915 43.098
201.295 217.455 35.915 43.098
206.872 216.835 35.915 43.098
213.687 219.004 35.915 43.098
222.052 220.243 35.915 43.098
234.444 218.694 35.915 43.098
249.315 212.808 35.915 43.098
259.538 206.921 35.915 43.098
267.593 201.345 35.915 43.098
275.958 196.698 35.915 43.098
285.872 190.502 35.915 43.098
292.687 188.643 35.915 43.098
298.574 190.192 35.915 43.098
306.319 193.910 35.915 43.098
313.134 199.486 35.915 43.098
319.640 207.231 35.915 43.098
327.076 218.694 35.915 43.098
332.962 227.988 35.915 43.098
340.087 235.114 35.915 43.098
343.495 237.902 35.915 43.098
346.903 235.733 35.915 43.098
351.860 229.537 35.915 43.098
354.648 222.102 35.915 43.098
353.012 217.288 36.710 44.052
349.747 212.036 37.522 45.027
348.119 209.432 37.522 45.027
341.520 207.957 38.352 46.023
334.892 208.289 38.352 46.023
325.614 211.271 38.352 46.023
315.673 217.236 38.352 46.023
304.738 226.183 38.352 46.023
294.134 236.787 38.352 46.023
282.204 243.083 38.352 46.023
268.287 242.420 38.352 46.023
256.596 237.272 39.201 47.041
245.062 229.470 39.201 47.041
233.774 223.183 40.068 48.082
223.266 217.098 40.955 49.146
212.166 211.940 41.861 50.233
202.009 207.587 41.861 50.233
195.117 206.499 41.861 50.233
187.862 205.411 41.861 50.233
183.872 206.499 41.861 50.233
182.783 205.774 41.861 50.233
185.322 202.509 41.861 50.233
190.038 195.617 41.861 50.233
197.293 186.548 41.861 50.233
208.901 176.029 41.861 50.233
224.862 169.136 41.861 50.233
239.372 166.234 41.861 50.233
253.519 168.774 41.861 50.233
266.577 174.578 41.861 50.233
275.283 179.656 41.861 50.233
281.450 185.097 41.861 50.233
287.254 192.352 41.861 50.233
289.068 199.244 41.861 50.233
290.881 202.146 41.861 50.233
290.519 200.332 41.861 50.233
286.891 195.254 41.861 50.233
282.901 186.185 41.861 50.233
281.087 176.754 41.861 50.233
278.911 168.774 41.861 50.233
274.558 164.783 41.861 50.233
269.479 164.421 41.861 50.233
265.852 168.048 41.861 50.233
265.489 172.038 41.861 50.233
265.852 177.842 41.861 50.233
270.568 184.734 41.861 50.233
275.646 193.078 41.861 50.233
277.460 202.509 41.861 50.233
278.185 210.852 41.861 50.233
278.548 213.754 41.861 50.233
279.636 211.578 41.861 50.233
283.264 203.597 41.861 50.233
286.891 190.538 41.861 50.233
290.881 177.480 41.861 50.233
290.519 168.048 41.861 50.233
288.426 158.427 40.968 49.162
287.361 150.619 40.968 49.162
287.716 142.101 40.968 49.162
287.006 137.843 40.968 49.162
282.392 136.423 40.968 49.162
276.714 136.423 40.968 49.162
269.698 136.237 40.095 48.113
263.451 139.361 40.095 48.113
256.510 142.832 40.095 48.113
251.304 146.649 40.095 48.113
246.792 149.773 40.095 48.113
241.586 154.632 40.095 48.113
235.339 161.226 40.095 48.113
228.051 168.514 40.095 48.113
221.804 177.884 40.095 48.113
216.945 186.214 40.095 48.113
215.557 193.155 40.095 48.113
213.474 198.014 40.095 48.113
212.086 199.402 40.095 48.113
214.168 195.584 40.095 48.113
221.110 186.561 40.095 48.113
231.174 173.373 40.095 48.113
236.727 159.143 40.095 48.113
237.768 146.649 40.095 48.113
236.380 137.279 40.095 48.113
234.992 127.908 40.095 48.113
234.992 123.396 40.095 48.113
234.992 121.661 40.095 48.113
234.298 124.090 40.095 48.113
231.174 128.602 40.095 48.113
226.663 136.932 40.095 48.113
226.663 146.996 40.095 48.113
227.704 156.714 40.095 48.113
229.786 169.902 40.095 48.113
231.868 181.008 40.095 48.113
234.298 186.908 40.095 48.113
233.951 190.379 40.095 48.113
232.215 190.379 40.095 48.113
225.621 188.296 40.095 48.113
219.027 181.008 40.095 48.113
214.168 173.026 40.095 48.113
210.084 169.374 39.240 47.087
204.057 169.876 38.403 46.083
197.761 171.864 38.403 46.083
195.773 174.184 38.403 46.083
195.442 176.172 38.403 46.083
194.448 180.811 38.403 46.083
193.454 186.445 38.403 46.083
193.785 191.084 38.403 46.083
195.189 196.214 37.584 45.101
196.490 196.865 37.584 45.101
196.490 189.705 37.584 45.101
198.443 181.893 37.584 45.101
202.675 173.430 37.584 45.101
206.906 166.920 37.584 45.101
212.189 163.495 36.782 44.139
214.487 163.331 35.998 43.197
218.229 164.578 35.998 43.197
222.905 168.007 35.998 43.197
225.399 172.684 35.998 43.197
226.023 180.166 35.998 43.197
227.581 186.089 35.998 43.197
228.517 193.884 35.998 43.197
226.646 202.613 35.998 43.197
222.281 208.848 35.998 43.197
218.852 212.901 35.998 43.197
215.423 212.589 35.998 43.197
213.552 209.160 35.998 43.197
209.811 200.742 35.998 43.197
209.499 189.207 35.998 43.197
210.746 177.672 35.998 43.197
211.058 167.384 35.998 43.197
210.123 158.342 35.998 43.197
205.134 153.354 35.998 43.197
202.017 149.301 35.998 43.197
197.964 146.807 35.998 43.197
197.029 147.431 35.998 43.197
197.029 149.301 35.998 43.197
196.405 153.978 35.998 43.197
196.717 160.213 35.998 43.197
198.587 167.072 35.998 43.197
202.952 175.178 35.998 43.197
206.693 185.466 35.998 43.197
210.746 193.260 35.998 43.197
213.154 197.770 36.794 44.153
214.335 197.600 37.608 45.130
218.892 190.764 37.608 45.130
224.751 178.070 37.608 45.130
228.657 165.376 37.608 45.130
231.821 152.834 38.441 46.129
238.488 141.834 38.441 46.129
247.821 132.834 38.441 46.129
251.821 123.500 38.441 46.129
252.729 117.323 39.291 47.149
257.722 115.445 40.160 48.192
268.730 111.441 41.049 49.259
271.470 106.638 41.957 50.348
270.644 112.247 42.885 51.462
267.946 119.090 43.834 52.601
267.839 127.590 44.804 53.765
265.510 141.178 44.804 53.765
261.520 153.784 45.795 54.954
259.429 167.434 46.809 56.170
257.288 175.743 47.844 57.413
250.668 178.639 47.844 57.413
247.772 177.397 47.844 57.413
249.013 167.882 47.844 57.413
246.415 156.076 48.903 58.683
243.333 146.956 49.985 59.982
244.633 137.856 49.985 59.982
247.114 131.993 51.091 61.309
251.084 126.699 51.091 61.309
255.937 123.610 51.091 61.309
260.790 124.052 51.091 61.309
262.872 127.344 52.221 62.665
