23.000 88.000 66.000 55.000
23.000 88.000 66.000 55.000
23.476 87.524 66.000 55.000
23.000 87.524 66.000 55.000
24.429 87.524 66.000 55.000
23.476 87.524 66.000 55.000
23.000 88.476 66.000 55.000
23.476 89.906 66.000 55.000
23.704 89.063 64.593 53.827
23.923 88.467 66.022 55.018
23.446 88.467 66.022 55.018
23.923 87.991 66.022 55.018
24.626 87.148 64.614 53.845
24.849 87.256 63.236 52.697
26.676 86.342 63.236 52.697
27.807 85.990 61.887 51.573
27.573 85.646 60.568 50.473
27.573 84.334 60.568 50.473
27.573 83.897 60.568 50.473
29.531 85.747 59.276 49.397
29.531 85.319 59.276 49.397
29.531 84.892 59.276 49.397
29.958 86.174 59.276 49.397
31.240 86.602 59.276 49.397
32.727 86.701 58.012 48.343
32.928 87.216 56.775 47.312
34.763 86.491 55.564 46.303
33.348 85.979 56.793 47.328
35.183 86.894 55.582 46.318
36.383 86.094 55.582 46.318
34.569 85.981 56.812 47.343
36.208 85.981 56.812 47.343
35.798 86.391 56.812 47.343
38.043 86.486 55.600 46.334
39.836 87.780 54.415 45.346
39.051 86.996 54.415 45.346
40.416 87.087 53.254 44.379
41.185 85.550 53.254 44.379
41.569 84.397 53.254 44.379
41.953 82.860 53.254 44.379
42.338 82.475 53.254 44.379
43.674 82.564 52.119 43.432
44.050 83.317 52.119 43.432
44.803 83.317 52.119 43.432
45.556 83.694 52.119 43.432
45.359 86.039 51.007 42.506
46.096 87.145 51.007 42.506
45.728 88.251 51.007 42.506
47.009 87.967 49.919 41.600
48.624 89.854 48.855 40.712
46.859 88.795 48.855 40.712
48.271 88.442 48.855 40.712
48.976 88.795 48.855 40.712
49.144 87.817 47.813 39.844
48.799 88.162 47.813 39.844
50.180 88.162 47.813 39.844
48.799 88.162 47.813 39.844
50.525 88.852 47.813 39.844
49.999 90.313 46.793 38.995
51.011 90.987 46.793 38.995
51.011 91.662 46.793 38.995
51.847 92.415 45.796 38.163
51.677 92.822 44.819 37.349
52.647 93.469 44.819 37.349
51.677 93.145 44.819 37.349
52.324 92.498 44.819 37.349
53.125 92.896 43.863 36.553
52.494 91.002 43.863 36.553
52.810 91.002 43.863 36.553
52.494 91.002 43.863 36.553
53.441 90.371 43.863 36.553
53.757 88.792 43.863 36.553
52.810 88.477 43.863 36.553
53.757 88.477 43.863 36.553
53.757 87.530 43.863 36.553
53.909 88.235 42.928 35.773
55.296 89.236 42.012 35.010
55.296 89.236 42.012 35.010
55.900 88.330 42.012 35.010
56.202 88.028 42.012 35.010
55.598 87.726 42.012 35.010
57.254 87.798 41.116 34.264
56.365 86.909 41.116 34.264
57.254 86.021 41.116 34.264
57.254 86.021 41.116 34.264
57.550 86.021 41.116 34.264
57.254 86.909 41.116 34.264
57.095 86.826 42.026 35.022
57.095 86.522 42.026 35.022
57.847 86.896 41.130 34.275
58.439 86.896 41.130 34.275
58.581 87.261 40.253 33.544
59.162 86.391 40.253 33.544
58.291 85.230 40.253 33.544
58.872 85.520 40.253 33.544
59.591 86.168 39.394 32.829
59.022 86.168 39.394 32.829
59.307 86.168 39.394 32.829
58.454 86.168 39.394 32.829
58.738 86.168 39.394 32.829
58.454 86.168 39.394 32.829
58.738 86.168 39.394 32.829
57.734 85.805 40.266 33.555
58.604 86.095 40.266 33.555
58.314 85.805 40.266 33.555
57.443 84.354 40.266 33.555
58.024 82.323 40.266 33.555
56.863 80.581 40.266 33.555
58.453 78.908 39.407 32.839
57.316 78.055 39.407 32.839
57.600 78.055 39.407 32.839
58.169 78.055 39.407 32.839
58.169 77.486 39.407 32.839
58.873 78.405 38.567 32.139
56.924 78.405 38.567 32.139
58.449 80.418 37.744 31.454
56.814 80.691 37.744 31.454
57.359 82.054 37.744 31.454
55.996 83.689 37.744 31.454
57.489 85.114 36.940 30.783
56.422 84.848 36.940 30.783
56.956 85.914 36.940 30.783
56.156 86.448 36.940 30.783
55.622 85.914 36.940 30.783
56.283 85.709 36.152 30.126
55.886 84.727 35.381 29.484
54.866 83.707 35.381 29.484
55.499 83.257 34.626 28.855
56.744 82.510 34.626 28.855
55.001 82.510 34.626 28.855
55.001 82.510 34.626 28.855
54.503 82.759 34.626 28.855
54.752 82.261 34.626 28.855
53.008 83.008 34.626 28.855
53.506 83.257 34.626 28.855
53.755 83.755 34.626 28.855
52.631 83.564 33.888 28.240
52.140 83.074 33.888 28.240
52.631 83.319 33.888 28.240
51.405 83.564 33.888 28.240
51.895 82.584 33.888 28.240
50.915 82.339 33.888 28.240
50.670 82.829 33.888 28.240
49.689 82.584 33.888 28.240
48.954 82.094 33.888 28.240
49.689 82.339 33.888 28.240
48.219 82.584 33.888 28.240
48.709 82.094 33.888 28.240
48.335 83.620 33.165 27.638
47.490 83.075 33.899 28.249
48.096 84.112 33.176 27.647
46.900 84.351 33.176 27.647
47.139 84.351 33.176 27.647
45.576 84.284 33.910 28.258
44.712 84.096 33.187 27.656
45.430 82.182 33.187 27.656
44.234 81.464 33.187 27.656
43.516 79.790 33.187 27.656
43.995 79.551 33.187 27.656
43.153 80.802 32.479 27.066
43.032 80.624 31.787 26.489
42.803 82.001 31.787 26.489
43.142 82.742 31.109 25.924
42.024 82.742 31.109 25.924
40.786 82.679 31.797 26.498
40.666 83.420 31.119 25.932
40.666 83.867 31.119 25.932
39.428 83.357 31.808 26.506
39.657 83.357 31.808 26.506
38.051 83.127 31.808 26.506
38.051 83.127 31.808 26.506
37.822 83.127 31.808 26.506
36.904 83.127 31.808 26.506
36.904 82.898 31.808 26.506
35.867 83.180 31.129 25.941
37.316 83.234 30.465 25.388
37.641 84.383 29.816 24.846
36.347 84.814 29.816 24.846
35.484 84.167 29.816 24.846
35.916 84.167 29.816 24.846
36.778 84.598 29.816 24.846
37.210 84.167 29.816 24.846
35.916 84.383 29.816 24.846
34.190 84.814 29.816 24.846
32.465 84.383 29.816 24.846
32.249 84.598 29.816 24.846
31.386 84.167 29.816 24.846
31.818 85.030 29.816 24.846
31.704 85.079 29.180 24.317
31.075 85.499 29.180 24.317
29.816 85.289 29.180 24.317
30.445 86.338 29.180 24.317
30.026 86.757 29.180 24.317
28.977 86.338 29.180 24.317
28.557 87.597 29.180 24.317
28.557 86.128 29.180 24.317
27.089 86.548 29.180 24.317
25.410 86.548 29.180 24.317
23.941 87.177 29.180 24.317
24.571 87.597 29.180 24.317
25.507 87.537 29.825 24.855
26.154 89.263 29.825 24.855
24.314 88.988 30.485 25.404
25.412 88.110 30.485 25.404
26.177 88.820 29.835 24.863
25.961 87.741 29.835 24.863
27.039 87.741 29.835 24.863
26.177 87.741 29.835 24.863
23.804 86.016 29.835 24.863
23.588 84.075 29.835 24.863
23.691 84.340 29.199 24.332
23.271 82.661 29.199 24.332
22.642 82.032 29.199 24.332
22.222 82.032 29.199 24.332
21.802 82.032 29.199 24.332
21.593 81.612 29.199 24.332
20.334 82.451 29.199 24.332
19.495 83.291 29.199 24.332
20.544 84.340 29.199 24.332
20.645 84.179 28.576 23.814
21.057 85.003 28.576 23.814
21.675 83.974 28.576 23.814
21.675 84.591 28.576 23.814
21.469 85.415 28.576 23.814
21.880 84.797 28.576 23.814
21.773 84.228 27.967 23.306
22.379 84.631 27.967 23.306
22.581 83.824 27.967 23.306
21.369 84.026 27.967 23.306
22.581 82.814 27.967 23.306
21.773 82.814 27.967 23.306
22.177 83.016 27.967 23.306
22.783 82.410 27.967 23.306
21.773 83.218 27.967 23.306
20.454 83.364 28.586 23.821
21.072 85.217 28.586 23.821
20.866 85.629 28.586 23.821
20.866 86.040 28.586 23.821
21.377 86.912 27.976 23.313
21.781 86.306 27.976 23.313
20.569 86.508 27.976 23.313
21.471 85.442 28.595 23.829
21.677 84.825 28.595 23.829
21.059 83.589 28.595 23.829
22.295 83.178 28.595 23.829
21.265 84.413 28.595 23.829
22.501 85.442 28.595 23.829
22.912 85.854 28.595 23.829
20.853 85.854 28.595 23.829
20.541 86.726 27.985 23.321
20.031 87.378 27.388 22.824
21.219 87.180 27.388 22.824
20.917 86.433 26.804 22.337
22.174 86.283 26.233 21.861
21.233 85.530 26.233 21.861
21.233 84.778 26.233 21.861
21.986 85.530 26.233 21.861
21.986 85.154 26.233 21.861
22.174 85.907 26.233 21.861
22.739 87.413 26.233 21.861
23.491 87.413 26.233 21.861
22.550 88.166 26.233 21.861
22.362 88.354 26.233 21.861
22.550 87.789 26.233 21.861
22.927 88.542 26.233 21.861
23.959 88.211 25.673 21.394
24.697 88.579 25.673 21.394
24.512 87.473 25.673 21.394
23.959 87.105 25.673 21.394
25.065 87.473 25.673 21.394
24.512 87.289 25.673 21.394
25.339 88.254 25.126 20.938
25.246 88.117 24.590 20.492
26.744 87.982 24.066 20.055
27.173 88.024 23.552 19.627
26.571 87.977 24.074 20.061
27.095 86.756 24.074 20.061
26.571 86.581 24.074 20.061
26.746 85.534 24.074 20.061
28.142 84.487 24.074 20.061
27.269 83.963 24.074 20.061
28.142 84.487 24.074 20.061
27.967 83.963 24.074 20.061
28.840 84.487 24.074 20.061
30.585 84.662 24.074 20.061
29.887 85.360 24.074 20.061
29.014 85.883 24.074 20.061
28.491 86.407 24.074 20.061
28.665 85.883 24.074 20.061
29.014 85.883 24.074 20.061
28.316 86.232 24.074 20.061
28.573 84.440 24.606 20.505
27.515 84.793 24.606 20.505
28.220 84.087 24.606 20.505
27.338 84.440 24.606 20.505
29.012 86.599 24.081 20.068
29.536 87.297 24.081 20.068
30.142 86.028 24.614 20.512
29.785 85.672 24.614 20.512
30.856 86.921 24.614 20.512
29.607 85.672 24.614 20.512
29.250 85.850 24.614 20.512
29.869 84.998 24.089 20.074
29.869 84.649 24.089 20.074
30.916 84.998 24.089 20.074
30.567 84.649 24.089 20.074
30.218 85.696 24.089 20.074
31.265 86.569 24.089 20.074
31.963 86.743 24.089 20.074
31.265 85.871 24.089 20.074
31.173 85.998 24.622 20.519
30.365 84.700 25.167 20.973
30.087 84.286 25.724 21.437
30.460 83.541 25.724 21.437
5.499 82.423 25.724 21.437
4.754 82.795 25.724 21.437
5.871 83.541 25.724 21.437
4.469 83.676 26.293 21.911
5.040 84.437 26.293 21.911
3.418 84.765 26.875 22.396
2.447 85.736 26.875 22.396
2.641 86.706 26.875 22.396
1.956 85.488 27.469 22.891
1.361 86.082 27.469 22.891
1.559 86.280 27.469 22.891
1.361 85.686 27.469 22.891
2.154 86.280 27.469 22.891
1.654 84.742 26.884 22.403
2.043 86.100 26.884 22.403
3.013 86.877 26.884 22.403
3.790 85.130 26.884 22.403
3.790 85.712 26.884 22.403
4.075 84.494 27.478 22.899
4.471 84.890 27.478 22.899
4.867 85.286 27.478 22.899
5.065 83.504 27.478 22.899
5.263 84.296 27.478 22.899
5.263 84.494 27.478 22.899
6.847 84.890 27.478 22.899
5.754 85.728 26.892 22.410
31.377 86.699 26.892 22.410
32.246 86.549 26.319 21.932
31.486 87.120 26.319 21.932
32.717 88.115 25.758 21.465
32.345 88.674 25.758 21.465
32.717 88.115 25.758 21.465
31.227 87.928 25.758 21.465
29.737 87.183 25.758 21.465
30.757 87.598 25.208 21.007
31.937 87.822 24.671 20.559
32.736 88.577 24.145 20.121
33.608 88.577 24.145 20.121
32.910 88.402 24.145 20.121
33.608 88.053 24.145 20.121
33.957 88.053 24.145 20.121
32.561 87.704 24.145 20.121
33.783 89.101 24.145 20.121
35.004 88.402 24.145 20.121
36.400 88.577 24.145 20.121
36.051 88.926 24.145 20.121
34.655 88.751 24.145 20.121
35.179 87.704 24.145 20.121
34.481 87.006 24.145 20.121
33.865 85.999 23.630 19.691
35.230 87.364 23.630 19.691
35.312 86.209 23.126 19.272
36.645 86.043 23.126 19.272
36.478 86.876 23.126 19.272
37.312 87.209 23.126 19.272
38.478 86.709 23.126 19.272
39.145 85.709 23.126 19.272
40.145 85.876 23.126 19.272
41.145 85.876 23.126 19.272
40.645 85.709 23.126 19.272
41.145 85.543 23.126 19.272
42.145 85.543 23.126 19.272
41.812 85.543 23.126 19.272
43.058 85.748 22.633 18.861
42.808 85.539 23.133 19.278
43.141 85.039 23.133 19.278
43.719 85.493 23.645 19.704
43.798 84.763 24.168 20.140
45.194 85.461 24.168 20.140
44.403 85.064 24.703 20.586
45.557 84.836 25.250 21.041
45.740 84.289 25.250 21.041
47.103 85.061 24.711 20.593
47.638 84.525 24.711 20.593
51.471 85.815 24.184 20.154
51.029 84.720 24.719 20.599
51.112 83.600 25.266 21.055
52.109 83.549 25.825 21.521
52.568 83.684 26.397 21.997
52.847 82.870 26.981 22.484
54.788 83.452 26.981 22.484
54.684 83.592 27.578 22.981
55.674 84.780 27.578 22.981
56.862 87.354 27.578 22.981
57.456 87.949 27.578 22.981
58.645 89.335 27.578 22.981
32.107 90.523 27.578 22.981
31.117 90.721 27.578 22.981
32.503 91.315 27.578 22.981
33.890 88.939 27.578 22.981
32.990 89.081 28.188 23.490
34.106 87.597 28.811 24.010
35.658 88.163 29.449 24.541
36.179 88.739 30.100 25.084
37.485 89.609 30.100 25.084
37.920 90.480 30.100 25.084
37.920 91.133 30.100 25.084
38.791 91.350 30.100 25.084
39.112 91.835 29.459 24.549
39.633 89.234 30.110 25.092
39.851 89.670 30.110 25.092
40.823 89.610 30.777 25.647
42.034 89.548 31.457 26.215
42.944 89.093 31.457 26.215
43.399 89.093 31.457 26.215
43.626 89.548 31.457 26.215
42.141 89.485 32.153 26.795
43.529 90.179 32.153 26.795
44.455 90.179 32.153 26.795
45.149 90.873 32.153 26.795
45.149 92.493 32.153 26.795
43.761 90.411 32.153 26.795
43.761 92.262 32.153 26.795
42.479 90.114 32.865 27.387
43.666 91.063 32.865 27.387
45.326 92.249 32.865 27.387
47.335 94.082 33.592 27.993
43.931 91.164 33.592 27.993
41.986 88.976 33.592 27.993
43.317 89.396 34.335 28.613
44.799 89.890 34.335 28.613
44.913 90.067 35.095 29.246
46.431 90.826 35.095 29.246
46.937 91.585 35.095 29.246
47.190 90.067 35.095 29.246
48.960 91.079 35.095 29.246
46.937 89.561 35.095 29.246
51.355 90.503 35.871 29.893
54.460 92.056 35.871 29.893
54.978 93.867 35.871 29.893
56.272 91.538 35.871 29.893
56.531 92.056 35.871 29.893
51.475 89.654 36.665 30.554
53.858 91.243 36.665 30.554
54.122 92.301 36.665 30.554
54.122 93.890 36.665 30.554
52.393 91.169 37.476 31.230
53.332 91.635 38.305 31.921
53.332 92.741 38.305 31.921
51.249 93.218 39.153 32.627
49.969 90.598 40.019 33.349
49.969 91.751 40.019 33.349
50.834 92.904 40.019 33.349
48.950 92.535 40.905 34.087
45.420 92.535 40.905 34.087
47.615 93.922 41.810 34.841
46.709 94.224 41.810 34.841
47.152 94.443 42.735 35.612
46.064 94.972 43.680 36.400
42.739 93.307 44.647 37.205
41.132 94.593 44.647 37.205
43.216 95.955 43.694 36.412
43.216 95.323 43.694 36.412
41.637 95.008 43.694 36.412
41.321 97.533 43.694 36.412
39.743 96.902 43.694 36.412
38.796 100.059 43.694 36.412
35.955 100.059 43.694 36.412
33.429 99.743 43.694 36.412
33.895 101.394 42.763 35.636
34.351 104.237 41.851 34.876
31.935 105.143 41.851 34.876
4.759 110.880 41.851 34.876
1.578 111.400 42.777 35.647
2.194 113.863 42.777 35.647
2.952 115.008 43.723 36.436
2.952 117.849 43.723 36.436
1.689 120.374 43.723 36.436
2.153 120.918 44.690 37.242
2.623 121.792 45.679 38.066
0.471 123.348 46.690 38.908
1.980 119.041 45.694 38.079
1.980 118.712 45.694 38.079
3.456 117.471 44.720 37.266
3.134 119.400 44.720 37.266
2.646 122.048 43.766 36.472
0.752 123.311 43.766 36.472
1.219 123.384 42.833 35.694
2.458 122.455 42.833 35.694
0.909 124.314 42.833 35.694
2.458 122.455 42.833 35.694
0.909 123.694 42.833 35.694
2.458 122.455 42.833 35.694
1.219 123.384 42.833 35.694
0.127 124.385 41.919 34.933
0.731 124.988 41.919 34.933
1.636 124.385 41.919 34.933
1.938 125.290 41.919 34.933
2.240 124.988 41.919 34.933
3.448 122.875 41.919 34.933
1.636 124.687 41.919 34.933
3.448 122.271 41.919 34.933
3.890 123.092 42.847 35.706
3.890 124.022 42.847 35.706
2.031 124.641 42.847 35.706
3.271 125.880 42.847 35.706
0.320 126.881 41.933 34.944
0.622 127.787 41.933 34.944
1.069 129.669 41.039 34.199
-0.566 130.922 40.164 33.470
0.304 132.083 40.164 33.470
0.304 133.824 40.164 33.470
-1.299 135.632 39.307 32.756
-1.583 142.455 39.307 32.756
-2.871 145.220 40.177 33.481
-2.290 147.252 40.177 33.481
-1.864 148.623 41.066 34.222
-2.022 149.428 41.974 34.979
-1.883 150.853 42.903 35.753
8.795 108.944 43.852 36.544
6.901 101.999 43.852 36.544
9.111 101.683 43.852 36.544
6.732 101.279 44.823 37.352
7.530 100.866 45.814 38.179
8.848 101.195 45.814 38.179
10.165 101.854 45.814 38.179
11.306 102.420 46.828 39.023
12.137 102.663 47.864 39.887
13.678 102.912 48.923 40.769
13.325 104.323 48.923 40.769
10.148 116.676 48.923 40.769
6.266 121.264 48.923 40.769
3.254 122.578 50.005 41.671
1.811 124.743 50.005 41.671
3.615 125.825 50.005 41.671
1.811 127.268 50.005 41.671
2.172 129.072 50.005 41.671
1.450 130.876 50.005 41.671
2.344 136.732 48.939 40.782
2.509 139.105 50.022 41.685
0.705 145.599 50.022 41.685
0.344 151.732 50.022 41.685
2.148 158.948 50.022 41.685
3.399 166.063 51.128 42.607
3.939 175.545 52.260 43.550
0.927 183.451 52.260 43.550
-0.398 199.350 51.145 42.621
1.445 191.978 51.145 42.621
2.354 197.773 52.277 43.564
14.777 204.926 52.277 43.564
16.283 211.702 52.277 43.564
34.730 219.985 52.277 43.564
41.883 226.385 52.277 43.564
44.895 235.420 52.277 43.564
43.389 241.067 52.277 43.564
42.441 240.779 51.162 42.635
40.597 239.673 51.162 42.635
39.668 240.865 50.071 41.726
38.038 240.227 49.003 40.836
36.795 240.663 47.958 39.965
36.450 246.184 47.958 39.965
36.450 246.874 47.958 39.965
36.105 247.564 47.958 39.965
35.760 243.768 47.958 39.965
35.415 243.768 47.958 39.965
35.415 244.114 47.958 39.965
35.760 244.114 47.958 39.965
34.380 242.043 47.958 39.965
-0.475 204.082 47.958 39.965
-0.475 164.741 47.958 39.965
0.560 167.157 47.958 39.965
2.286 173.023 47.958 39.965
6.082 178.545 47.958 39.965
10.223 185.102 47.958 39.965
11.258 196.145 47.958 39.965
10.223 205.808 47.958 39.965
13.329 212.710 47.958 39.965
16.435 215.815 47.958 39.965
16.780 228.929 47.958 39.965
13.840 236.257 46.935 39.113
12.644 240.406 45.935 38.279
12.644 238.749 45.935 38.279
12.313 241.400 45.935 38.279
12.313 240.074 45.935 38.279
12.313 240.737 45.935 38.279
12.644 240.737 45.935 38.279
12.644 242.725 45.935 38.279
12.644 243.057 45.935 38.279
13.134 243.465 44.955 37.462
13.458 242.818 44.955 37.462
13.458 243.465 44.955 37.462
13.458 243.465 44.955 37.462
13.458 243.465 44.955 37.462
13.458 243.465 44.955 37.462
13.781 243.465 44.955 37.462
13.134 241.847 44.955 37.462
56.164 207.230 44.955 37.462
50.340 213.053 44.955 37.462
50.664 213.053 44.955 37.462
50.664 209.818 44.955 37.462
55.840 210.788 44.955 37.462
67.811 216.288 44.955 37.462
79.781 222.435 44.955 37.462
74.281 239.906 44.955 37.462
74.605 241.847 44.955 37.462
74.928 240.877 44.955 37.462
75.575 238.935 44.955 37.462
76.223 241.847 44.955 37.462
76.055 240.953 43.996 36.664
75.571 241.343 43.058 35.882
76.650 242.036 42.140 35.117
77.561 239.908 42.140 35.117
75.434 218.026 42.140 35.117
79.385 214.379 42.140 35.117
76.346 215.291 42.140 35.117
70.571 214.683 42.140 35.117
70.571 215.595 42.140 35.117
77.865 215.899 42.140 35.117
79.081 216.506 42.140 35.117
78.169 211.644 42.140 35.117
68.140 214.987 42.140 35.117
70.875 224.712 42.140 35.117
72.091 231.703 42.140 35.117
73.003 237.477 42.140 35.117
73.003 240.516 42.140 35.117
73.914 238.389 42.140 35.117
74.218 241.124 42.140 35.117
72.540 239.979 41.241 34.368
70.752 242.959 41.241 34.368
71.348 243.555 41.241 34.368
71.646 243.257 41.241 34.368
71.944 243.853 41.241 34.368
71.050 241.171 41.241 34.368
64.791 214.944 41.241 34.368
64.195 214.646 41.241 34.368
66.579 214.646 41.241 34.368
66.877 214.348 41.241 34.368
60.321 214.348 41.241 34.368
64.195 214.348 41.241 34.368
60.321 214.050 41.241 34.368
59.725 214.944 41.241 34.368
54.658 213.751 41.241 34.368
61.513 213.453 41.241 34.368
63.301 213.155 41.241 34.368
61.811 213.453 41.241 34.368
58.532 212.857 41.241 34.368
63.599 213.155 41.241 34.368
64.493 214.050 41.241 34.368
63.003 214.348 41.241 34.368
58.830 213.155 41.241 34.368
64.493 214.050 41.241 34.368
66.877 214.050 41.241 34.368
63.897 213.751 41.241 34.368
61.215 213.751 41.241 34.368
62.109 213.751 41.241 34.368
61.513 212.857 41.241 34.368
63.897 213.751 41.241 34.368
61.513 213.453 41.241 34.368
57.340 213.155 41.241 34.368
56.744 213.751 41.241 34.368
57.042 213.155 41.241 34.368
51.379 212.261 41.241 34.368
60.917 212.857 41.241 34.368
63.301 218.520 41.241 34.368
75.521 218.520 41.241 34.368
82.077 226.865 41.241 34.368
79.395 233.720 41.241 34.368
78.203 239.681 41.241 34.368
76.853 237.512 42.154 35.128
61.190 205.820 43.086 35.905
59.951 211.706 43.086 35.905
71.104 220.071 43.086 35.905
51.419 178.160 44.040 36.700
46.655 185.784 44.040 36.700
44.749 194.678 44.040 36.700
41.572 205.478 44.040 36.700
41.407 198.245 43.100 35.917
35.520 209.708 43.100 35.917
32.113 227.677 43.100 35.917
30.564 240.069 43.100 35.917
30.564 241.618 43.100 35.917
30.087 242.150 44.054 36.712
0.228 199.585 44.054 36.712
0.693 209.026 45.029 37.524
1.019 210.979 45.029 37.524
1.670 210.654 45.029 37.524
1.995 210.328 45.029 37.524
1.344 209.352 45.029 37.524
2.321 209.352 45.029 37.524
3.297 212.932 45.029 37.524
36.172 222.371 45.029 37.524
36.327 234.815 44.068 36.724
39.503 233.544 44.068 36.724
38.385 235.841 43.129 35.941
39.943 233.659 43.129 35.941
39.320 234.283 43.129 35.941
38.845 235.601 42.209 35.174
39.599 237.192 41.309 34.424
39.897 239.278 41.309 34.424
0.400 199.708 40.428 33.690
-0.046 205.910 39.566 32.971
3.935 204.489 39.566 32.971
3.935 203.636 39.566 32.971
4.503 203.067 39.566 32.971
4.503 202.499 39.566 32.971
4.788 205.057 39.566 32.971
3.082 204.489 39.566 32.971
3.366 203.067 39.566 32.971
3.497 204.124 40.441 33.701
42.354 201.495 40.441 33.701
3.205 179.875 40.441 33.701
3.497 178.414 40.441 33.701
3.789 178.706 40.441 33.701
3.497 178.999 40.441 33.701
4.374 172.571 40.441 33.701
4.510 173.951 41.336 34.447
43.692 177.445 42.250 35.209
45.212 189.602 42.250 35.209
38.830 202.974 42.250 35.209
32.143 215.739 42.250 35.209
31.536 231.239 42.250 35.209
31.839 237.621 42.250 35.209
30.320 239.749 42.250 35.209
28.496 238.533 42.250 35.209
28.496 240.964 42.250 35.209
27.421 239.055 43.185 35.988
27.109 241.238 43.185 35.988
25.862 239.367 43.185 35.988
24.927 238.120 43.185 35.988
24.615 239.679 43.185 35.988
24.452 238.192 42.264 35.220
24.148 240.319 42.264 35.220
23.540 238.192 42.264 35.220
23.236 240.319 42.264 35.220
23.236 240.319 42.264 35.220
2.266 207.192 42.264 35.220
3.932 217.901 41.363 34.469
1.846 206.277 41.363 34.469
3.932 200.614 41.363 34.469
1.846 203.297 41.363 34.469
2.740 200.912 41.363 34.469
1.846 204.489 41.363 34.469
2.144 204.787 41.363 34.469
0.654 202.999 41.363 34.469
2.144 194.654 41.363 34.469
2.740 205.681 41.363 34.469
3.177 211.857 42.278 35.232
3.481 212.464 42.278 35.232
3.925 211.467 43.214 36.011
2.366 212.714 43.214 36.011
3.301 211.467 43.214 36.011
2.054 212.090 43.214 36.011
2.678 210.843 43.214 36.011
3.301 210.843 43.214 36.011
3.925 216.455 43.214 36.011
0.021 203.433 42.292 35.243
0.938 202.821 42.292 35.243
2.162 203.127 42.292 35.243
2.468 202.210 42.292 35.243
1.244 202.516 42.292 35.243
2.162 202.821 42.292 35.243
2.774 204.045 42.292 35.243
3.079 202.210 42.292 35.243
3.385 201.292 42.292 35.243
1.550 200.986 42.292 35.243
2.306 200.596 43.228 36.023
2.617 200.285 43.228 36.023
37.373 158.892 42.306 35.255
30.337 166.539 42.306 35.255
24.831 172.657 42.306 35.255
13.820 184.280 42.306 35.255
4.643 199.269 42.306 35.255
4.787 205.608 43.242 36.035
3.540 200.308 43.242 36.035
1.669 201.867 43.242 36.035
9.609 159.692 44.199 36.832
6.093 161.290 44.199 36.832
1.938 166.723 44.199 36.832
0.340 172.156 44.199 36.832
1.299 174.394 44.199 36.832
3.536 170.239 44.199 36.832
3.216 170.239 44.199 36.832
4.814 167.682 44.199 36.832
1.129 124.447 45.177 37.647
2.106 122.169 45.177 37.647
2.106 124.773 45.177 37.647
0.630 122.078 46.176 38.480
0.789 121.155 45.191 37.659
1.765 117.249 45.191 37.659
1.765 118.876 45.191 37.659
1.596 121.231 44.228 36.856
1.746 122.421 45.206 37.672
2.071 123.397 45.206 37.672
1.095 125.025 45.206 37.672
1.095 126.978 45.206 37.672
1.746 128.280 45.206 37.672
1.571 130.467 46.206 38.505
2.393 135.708 47.229 39.357
2.553 136.978 48.274 40.228
3.251 140.119 48.274 40.228
2.204 142.911 48.274 40.228
0.625 146.133 47.244 39.370
2.672 149.544 47.244 39.370
3.354 155.686 47.244 39.370
4.538 157.979 48.289 40.241
1.745 164.262 48.289 40.241
3.142 168.101 48.289 40.241
2.094 174.034 48.289 40.241
2.094 182.062 48.289 40.241
0.349 199.164 48.289 40.241
1.047 206.144 48.289 40.241
2.443 211.030 48.289 40.241
10.820 219.407 48.289 40.241
14.127 231.354 47.260 39.383
13.607 237.915 46.252 38.543
13.941 239.581 46.252 38.543
12.941 238.915 46.252 38.543
11.941 237.915 46.252 38.543
12.274 239.248 46.252 38.543
12.607 238.581 46.252 38.543
13.274 239.915 46.252 38.543
14.101 238.992 45.266 37.721
12.956 242.649 44.300 36.917
12.956 242.969 44.300 36.917
12.956 243.289 44.300 36.917
13.275 243.289 44.300 36.917
13.595 243.289 44.300 36.917
13.595 243.289 44.300 36.917
13.595 243.289 44.300 36.917
13.109 243.043 43.356 36.130
12.797 243.043 43.356 36.130
12.941 242.643 44.315 36.929
12.621 240.726 44.315 36.929
0.476 206.208 44.315 36.929
1.115 210.683 44.315 36.929
1.754 209.724 44.315 36.929
1.754 211.002 44.315 36.929
3.352 218.673 44.315 36.929
3.672 203.012 44.315 36.929
4.311 200.455 44.315 36.929
4.631 199.816 44.315 36.929
2.866 202.767 43.370 36.141
1.619 201.519 43.370 36.141
2.866 200.896 43.370 36.141
3.490 200.584 43.370 36.141
3.178 199.961 43.370 36.141
3.801 199.025 43.370 36.141
4.737 201.208 43.370 36.141
4.737 200.272 43.370 36.141
5.360 199.337 43.370 36.141
4.737 201.208 43.370 36.141
4.737 200.584 43.370 36.141
4.737 199.961 43.370 36.141
5.048 199.649 43.370 36.141
3.490 189.049 43.370 36.141
3.178 189.361 43.370 36.141
5.048 190.919 43.370 36.141
3.490 199.025 43.370 36.141
4.737 198.402 43.370 36.141
4.887 201.593 42.445 35.371
4.887 200.675 42.445 35.371
4.276 199.452 42.445 35.371
5.193 201.287 42.445 35.371
5.193 200.064 42.445 35.371
5.499 201.899 42.445 35.371
3.358 202.205 42.445 35.371
2.746 202.817 42.445 35.371
3.970 187.217 42.445 35.371
-0.472 192.794 41.540 34.616
-0.472 203.294 41.540 34.616
0.128 211.694 41.540 34.616
0.428 212.294 41.540 34.616
0.128 212.894 41.540 34.616
0.428 213.194 41.540 34.616
-0.172 213.494 41.540 34.616
0.128 213.494 41.540 34.616
0.428 212.294 41.540 34.616
0.728 213.794 41.540 34.616
0.728 213.194 41.540 34.616
0.728 205.994 41.540 34.616
0.869 208.911 42.459 35.382
-0.049 211.358 42.459 35.382
0.257 211.052 42.459 35.382
0.563 210.134 42.459 35.382
0.563 212.276 42.459 35.382
0.257 211.358 42.459 35.382
0.257 210.746 42.459 35.382
0.563 209.217 42.459 35.382
0.869 211.970 42.459 35.382
-0.049 211.052 42.459 35.382
0.257 212.276 42.459 35.382
2.704 219.617 42.459 35.382
4.074 204.088 41.553 34.628
3.017 203.257 40.667 33.889
5.076 202.963 40.667 33.889
5.959 202.669 40.667 33.889
5.959 202.375 40.667 33.889
6.253 201.787 40.667 33.889
4.488 201.493 40.667 33.889
5.664 203.257 40.667 33.889
4.488 202.375 40.667 33.889
5.664 201.493 40.667 33.889
6.391 200.529 41.567 34.639
6.691 202.629 41.567 34.639
5.191 201.729 41.567 34.639
5.491 200.829 41.567 34.639
6.391 200.229 41.567 34.639
5.491 202.329 41.567 34.639
5.791 201.729 41.567 34.639
5.791 200.829 41.567 34.639
6.091 200.229 41.567 34.639
6.091 201.729 41.567 34.639
6.091 200.829 41.567 34.639
6.991 200.529 41.567 34.639
5.191 199.929 41.567 34.639
5.791 202.029 41.567 34.639
4.431 200.746 42.487 35.406
4.737 200.134 42.487 35.406
5.043 202.582 42.487 35.406
4.431 202.276 42.487 35.406
3.355 201.430 41.581 34.650
5.155 201.130 41.581 34.650
6.055 199.630 41.581 34.650
6.355 198.730 41.581 34.650
5.455 202.330 41.581 34.650
5.455 201.430 41.581 34.650
6.355 200.230 41.581 34.650
6.955 199.930 41.581 34.650
5.755 202.330 41.581 34.650
5.755 201.430 41.581 34.650
6.055 200.830 41.581 34.650
5.155 202.630 41.581 34.650
5.455 201.730 41.581 34.650
6.055 200.530 41.581 34.650
5.895 199.246 42.501 35.417
4.671 201.999 42.501 35.417
5.283 200.164 42.501 35.417
4.060 201.999 42.501 35.417
3.754 202.305 42.501 35.417
4.819 204.212 41.594 34.662
7.219 197.312 41.594 34.662
8.119 204.212 41.594 34.662
5.719 198.212 41.594 34.662
4.219 201.212 41.594 34.662
6.619 200.012 41.594 34.662
6.619 202.112 41.594 34.662
8.262 199.782 40.707 33.923
5.459 199.112 41.608 34.673
4.559 202.412 41.608 34.673
4.859 201.512 41.608 34.673
5.459 200.612 41.608 34.673
6.059 201.812 41.608 34.673
6.359 201.212 41.608 34.673
5.459 200.012 41.608 34.673
6.059 197.612 41.608 34.673
5.159 200.312 41.608 34.673
6.359 199.412 41.608 34.673
5.299 200.829 42.528 35.440
5.910 199.605 42.528 35.440
6.216 198.994 42.528 35.440
6.216 194.711 42.528 35.440
5.604 197.158 42.528 35.440
6.216 199.911 42.528 35.440
5.604 198.994 42.528 35.440
5.910 197.464 42.528 35.440
5.299 200.523 42.528 35.440
6.216 198.994 42.528 35.440
5.604 195.935 42.528 35.440
6.216 198.382 42.528 35.440
5.604 200.829 42.528 35.440
5.140 203.960 41.621 34.685
5.440 204.260 41.621 34.685
6.040 191.360 41.621 34.685
3.940 196.760 41.621 34.685
6.040 202.160 41.621 34.685
3.940 200.660 41.621 34.685
1.540 203.060 41.621 34.685
2.740 203.360 41.621 34.685
0.640 202.760 41.621 34.685
2.140 203.660 41.621 34.685
3.180 202.976 42.542 35.452
1.956 170.552 42.542 35.452
2.262 177.282 42.542 35.452
2.262 188.600 42.542 35.452
1.039 201.141 42.542 35.452
1.956 199.611 42.542 35.452
2.568 202.364 42.542 35.452
4.403 201.141 42.542 35.452
8.380 202.364 42.542 35.452
4.097 202.058 42.542 35.452
2.568 200.529 42.542 35.452
5.156 189.737 43.484 36.236
3.588 196.325 43.484 36.236
2.483 203.300 42.556 35.464
3.400 200.547 42.556 35.464
1.871 202.382 42.556 35.464
0.036 201.770 42.556 35.464
1.871 201.464 42.556 35.464
3.094 200.547 42.556 35.464
4.318 199.629 42.556 35.464
3.400 202.382 42.556 35.464
4.012 200.853 42.556 35.464
4.012 201.158 42.556 35.464
2.483 202.688 42.556 35.464
2.177 202.076 42.556 35.464
3.094 201.158 42.556 35.464
3.094 200.547 42.556 35.464
0.341 201.464 42.556 35.464
1.871 200.547 42.556 35.464
2.483 200.853 42.556 35.464
2.789 200.241 42.556 35.464
0.647 203.300 42.556 35.464
1.871 201.770 42.556 35.464
3.094 200.547 42.556 35.464
5.236 199.629 42.556 35.464
3.400 202.688 42.556 35.464
