164.000 121.000 27.000 24.000
164.800 120.400 27.000 24.000
164.800 120.600 27.000 24.000
165.200 120.800 27.000 24.000
166.000 121.000 27.000 24.000
166.400 121.000 27.000 24.000
167.000 120.600 27.000 24.000
167.000 120.600 27.000 24.000
167.200 120.600 27.000 24.000
167.600 120.800 27.000 24.000
167.000 121.000 27.000 24.000
167.600 121.400 27.000 24.000
167.600 121.400 27.000 24.000
168.000 121.400 27.000 24.000
168.800 121.600 27.000 24.000
168.400 121.200 27.000 24.000
169.400 120.600 27.000 24.000
169.800 121.000 27.000 24.000
169.600 121.400 27.000 24.000
169.800 120.600 27.000 24.000
169.800 120.600 27.000 24.000
170.600 121.200 27.000 24.000
170.800 121.200 27.000 24.000
171.200 121.200 27.000 24.000
171.600 121.200 27.000 24.000
171.600 121.200 27.000 24.000
171.400 121.200 27.000 24.000
172.200 120.400 27.000 24.000
172.200 119.800 27.000 24.000
171.800 119.000 27.000 24.000
172.000 119.600 27.000 24.000
171.600 120.200 27.000 24.000
171.200 120.000 27.000 24.000
171.600 122.200 27.000 24.000
170.800 121.400 27.000 24.000
171.000 121.600 27.000 24.000
171.000 122.200 27.000 24.000
170.000 120.800 27.000 24.000
170.000 121.200 27.000 24.000
170.000 120.200 27.000 24.000
170.200 120.000 27.000 24.000
170.400 121.200 27.000 24.000
170.400 120.600 27.000 24.000
170.400 122.400 27.000 24.000
170.600 123.000 27.000 24.000
169.200 124.600 27.000 24.000
169.701 124.534 27.597 24.531
168.672 123.917 27.597 24.531
169.701 124.329 27.597 24.531
168.466 123.505 27.597 24.531
169.084 123.093 27.597 24.531
168.672 123.505 27.597 24.531
169.290 122.887 27.597 24.531
168.878 122.682 27.597 24.531
168.672 122.270 27.597 24.531
169.290 121.858 27.597 24.531
168.878 122.270 27.597 24.531
168.672 122.064 27.597 24.531
169.290 123.505 27.597 24.531
168.878 123.093 27.597 24.531
168.466 123.505 27.597 24.531
169.084 123.093 27.597 24.531
168.760 125.002 27.009 24.008
168.960 122.602 27.009 24.008
169.160 122.602 27.009 24.008
169.360 123.002 27.009 24.008
169.160 122.002 27.009 24.008
169.448 121.858 26.433 23.496
169.056 121.858 26.433 23.496
169.056 122.446 26.433 23.496
168.664 121.858 26.433 23.496
169.644 122.250 26.433 23.496
169.448 123.623 26.433 23.496
169.448 123.819 26.433 23.496
170.037 123.427 26.433 23.496
169.448 122.838 26.433 23.496
169.448 122.838 26.433 23.496
169.644 123.427 26.433 23.496
170.233 122.838 26.433 23.496
169.644 122.642 26.433 23.496
170.429 122.250 26.433 23.496
170.429 122.838 26.433 23.496
170.821 123.034 26.433 23.496
170.429 123.034 26.433 23.496
171.017 122.642 26.433 23.496
170.625 122.054 26.433 23.496
171.605 122.642 26.433 23.496
171.997 122.838 26.433 23.496
171.409 123.034 26.433 23.496
171.605 123.230 26.433 23.496
172.193 123.819 26.433 23.496
171.801 123.427 26.433 23.496
171.801 122.054 26.433 23.496
171.801 121.858 26.433 23.496
172.193 122.054 26.433 23.496
172.867 123.285 25.869 22.995
174.296 124.491 25.318 22.504
174.673 123.926 25.318 22.504
174.108 123.361 25.318 22.504
174.673 125.244 25.318 22.504
174.296 124.303 25.318 22.504
174.957 123.677 25.878 23.002
175.534 123.677 25.878 23.002
175.342 123.869 25.878 23.002
174.765 123.677 25.878 23.002
175.726 124.062 25.878 23.002
176.110 124.446 25.878 23.002
175.918 124.446 25.878 23.002
176.687 123.869 25.878 23.002
176.879 122.909 25.878 23.002
177.071 122.716 25.878 23.002
176.494 123.293 25.878 23.002
176.879 124.062 25.878 23.002
177.455 123.869 25.878 23.002
177.455 123.677 25.878 23.002
177.263 123.293 25.878 23.002
177.455 124.830 25.878 23.002
177.455 124.638 25.878 23.002
177.455 124.254 25.878 23.002
177.647 124.830 25.878 23.002
177.647 124.446 25.878 23.002
177.071 124.062 25.878 23.002
176.879 123.101 25.878 23.002
176.785 122.462 26.450 23.511
175.804 123.442 26.450 23.511
175.412 123.050 26.450 23.511
176.675 124.085 25.886 23.010
176.867 124.277 25.886 23.010
176.867 125.622 25.886 23.010
176.675 125.430 25.886 23.010
176.098 126.391 25.886 23.010
175.329 126.199 25.886 23.010
175.714 126.583 25.886 23.010
176.290 125.046 25.886 23.010
176.098 125.046 25.886 23.010
175.714 124.662 25.886 23.010
176.482 124.085 25.886 23.010
176.098 124.470 25.886 23.010
176.098 124.277 25.886 23.010
175.714 124.085 25.886 23.010
176.290 124.085 25.886 23.010
176.290 124.277 25.886 23.010
175.329 124.085 25.886 23.010
175.714 122.740 25.886 23.010
176.290 122.356 25.886 23.010
175.137 122.164 25.886 23.010
175.329 122.164 25.886 23.010
175.329 121.972 25.886 23.010
175.137 121.587 25.886 23.010
174.753 121.395 25.886 23.010
175.990 123.370 25.334 22.519
174.860 122.805 25.334 22.519
175.425 122.617 25.334 22.519
174.484 123.370 25.334 22.519
175.049 122.993 25.334 22.519
175.237 122.993 25.334 22.519
174.860 124.876 25.334 22.519
174.672 125.064 25.334 22.519
174.484 125.629 25.334 22.519
174.296 125.440 25.334 22.519
175.049 125.252 25.334 22.519
174.672 124.499 25.334 22.519
174.672 124.499 25.334 22.519
174.484 124.499 25.334 22.519
173.919 124.311 25.334 22.519
174.860 124.687 25.334 22.519
174.672 125.440 25.334 22.519
173.919 125.629 25.334 22.519
174.204 125.756 25.895 23.017
173.627 125.948 25.895 23.017
174.204 125.948 25.895 23.017
173.819 125.564 25.895 23.017
173.627 124.603 25.895 23.017
174.012 124.411 25.895 23.017
174.588 125.564 25.895 23.017
173.627 124.411 25.895 23.017
174.012 123.834 25.895 23.017
174.396 123.066 25.895 23.017
173.435 123.066 25.895 23.017
173.243 123.066 25.895 23.017
173.051 122.681 25.895 23.017
173.819 121.529 25.895 23.017
173.243 120.952 25.895 23.017
172.474 121.144 25.895 23.017
172.282 121.336 25.895 23.017
171.898 121.721 25.895 23.017
172.666 121.721 25.895 23.017
171.898 121.529 25.895 23.017
172.282 120.760 25.895 23.017
171.513 120.568 25.895 23.017
171.706 120.183 25.895 23.017
171.129 120.568 25.895 23.017
170.361 119.607 25.895 23.017
170.937 118.646 25.895 23.017
170.937 118.262 25.895 23.017
170.937 119.223 25.895 23.017
170.361 119.415 25.895 23.017
169.208 119.607 25.895 23.017
169.784 118.646 25.895 23.017
168.729 117.815 26.468 23.527
169.121 117.815 26.468 23.527
167.945 115.854 26.468 23.527
167.356 116.050 26.468 23.527
167.749 116.050 26.468 23.527
168.533 116.246 26.468 23.527
167.945 115.266 26.468 23.527
166.572 115.462 26.468 23.527
167.552 115.854 26.468 23.527
167.160 116.639 26.468 23.527
166.180 117.227 26.468 23.527
166.180 117.815 26.468 23.527
166.180 118.011 26.468 23.527
165.984 118.992 26.468 23.527
165.788 120.364 26.468 23.527
164.807 120.364 26.468 23.527
165.003 121.737 26.468 23.527
165.200 122.913 26.468 23.527
164.907 123.437 27.053 24.047
164.503 123.437 27.053 24.047
164.099 123.437 27.053 24.047
164.907 123.235 27.053 24.047
164.099 122.831 27.053 24.047
164.099 122.427 27.053 24.047
163.194 120.950 27.652 24.579
162.576 121.567 27.652 24.579
163.194 120.950 27.652 24.579
162.164 121.361 27.652 24.579
161.753 120.332 27.652 24.579
161.341 119.920 27.652 24.579
161.958 120.744 27.652 24.579
161.958 120.126 27.652 24.579
161.753 119.508 27.652 24.579
161.341 118.891 27.652 24.579
161.958 118.891 27.652 24.579
161.753 118.891 27.652 24.579
161.753 119.303 27.652 24.579
161.447 118.413 28.264 25.123
161.866 118.413 28.264 25.123
162.286 117.784 28.264 25.123
162.706 117.154 28.264 25.123
162.076 115.895 28.264 25.123
162.496 116.525 28.264 25.123
162.076 116.944 28.264 25.123
162.915 116.315 28.264 25.123
162.706 115.686 28.264 25.123
163.125 116.944 28.264 25.123
163.545 116.315 28.264 25.123
162.706 115.895 28.264 25.123
163.335 115.056 28.264 25.123
163.964 114.217 28.264 25.123
163.964 114.217 28.264 25.123
164.384 113.797 28.264 25.123
163.545 113.797 28.264 25.123
164.174 114.007 28.264 25.123
164.804 113.587 28.264 25.123
164.384 114.007 28.264 25.123
164.384 115.056 28.264 25.123
164.804 115.476 28.264 25.123
165.433 115.895 28.264 25.123
165.013 115.895 28.264 25.123
165.643 115.895 28.264 25.123
165.643 115.056 28.264 25.123
166.062 114.846 28.264 25.123
166.902 115.476 28.264 25.123
166.272 115.266 28.264 25.123
166.799 114.149 28.889 25.679
166.583 114.796 28.889 25.679
166.799 115.011 28.889 25.679
167.014 115.227 28.889 25.679
167.446 115.011 28.889 25.679
167.877 115.227 28.889 25.679
167.877 115.227 28.889 25.679
168.093 114.580 28.889 25.679
168.524 115.011 28.889 25.679
168.420 115.374 29.528 26.247
168.420 115.594 29.528 26.247
168.860 115.814 29.528 26.247
169.299 116.033 29.528 26.247
169.299 115.374 29.528 26.247
169.518 116.033 29.528 26.247
169.738 115.814 29.528 26.247
170.616 116.033 29.528 26.247
170.397 115.374 29.528 26.247
170.397 115.594 29.528 26.247
171.056 116.033 29.528 26.247
171.714 116.033 29.528 26.247
171.495 116.253 29.528 26.247
172.468 116.972 28.898 25.687
173.331 118.050 28.898 25.687
173.547 117.188 28.898 25.687
174.194 115.894 28.898 25.687
173.978 118.050 28.898 25.687
173.978 117.835 28.898 25.687
174.410 117.619 28.898 25.687
174.841 117.403 28.898 25.687
174.194 117.188 28.898 25.687
175.488 117.403 28.898 25.687
175.919 118.050 28.898 25.687
175.365 118.324 28.282 25.140
174.945 117.485 28.282 25.140
175.994 116.646 28.282 25.140
175.681 116.368 28.908 25.696
175.034 116.583 28.908 25.696
175.897 116.799 28.908 25.696
175.897 118.525 28.908 25.696
175.897 117.878 28.908 25.696
175.681 118.309 28.908 25.696
174.819 118.093 28.908 25.696
175.681 119.387 28.908 25.696
175.250 118.740 28.908 25.696
175.897 118.956 28.908 25.696
175.681 118.309 28.908 25.696
175.466 117.878 28.908 25.696
176.113 118.740 28.908 25.696
176.113 118.956 28.908 25.696
175.897 119.603 28.908 25.696
175.466 119.603 28.908 25.696
176.544 119.819 28.908 25.696
175.897 120.250 28.908 25.696
175.897 119.819 28.908 25.696
175.466 120.682 28.908 25.696
176.113 120.250 28.908 25.696
175.897 119.819 28.908 25.696
175.034 119.603 28.908 25.696
175.250 118.956 28.908 25.696
175.681 120.897 28.908 25.696
175.343 120.740 28.291 25.148
175.762 119.691 28.291 25.148
174.713 118.852 28.291 25.148
174.294 118.642 28.291 25.148
175.133 118.852 28.291 25.148
174.923 119.061 28.291 25.148
174.713 117.803 28.291 25.148
174.294 118.642 28.291 25.148
174.923 118.432 28.291 25.148
174.713 119.061 28.291 25.148
174.084 118.852 28.291 25.148
173.874 119.481 28.291 25.148
173.454 119.901 28.291 25.148
172.615 120.740 28.291 25.148
171.883 120.042 28.917 25.704
172.745 119.826 28.917 25.704
170.916 119.542 29.557 26.273
171.135 119.542 29.557 26.273
171.355 119.103 29.557 26.273
169.818 118.664 29.557 26.273
169.818 118.444 29.557 26.273
169.818 118.883 29.557 26.273
168.939 119.103 29.557 26.273
168.720 119.762 29.557 26.273
167.621 119.981 29.557 26.273
167.402 119.542 29.557 26.273
166.084 119.322 29.557 26.273
166.084 118.883 29.557 26.273
165.865 118.444 29.557 26.273
165.206 118.883 29.557 26.273
165.645 118.444 29.557 26.273
164.327 118.224 29.557 26.273
163.888 119.542 29.557 26.273
164.547 119.542 29.557 26.273
163.669 119.542 29.557 26.273
164.108 119.103 29.557 26.273
164.108 118.664 29.557 26.273
163.888 118.444 29.557 26.273
164.327 119.322 29.557 26.273
163.449 118.883 29.557 26.273
163.449 117.785 29.557 26.273
163.342 117.714 30.211 26.854
164.920 118.165 30.211 26.854
164.244 117.714 30.211 26.854
164.469 117.940 30.211 26.854
163.793 118.165 30.211 26.854
164.469 117.489 30.211 26.854
164.469 117.714 30.211 26.854
164.244 117.263 30.211 26.854
165.371 116.361 30.211 26.854
165.596 117.940 30.211 26.854
164.694 118.616 30.211 26.854
165.145 117.940 30.211 26.854
165.596 117.714 30.211 26.854
164.920 117.263 30.211 26.854
165.371 117.038 30.211 26.854
166.047 118.165 30.211 26.854
166.047 117.263 30.211 26.854
165.145 117.038 30.211 26.854
165.822 118.616 30.211 26.854
165.822 118.616 30.211 26.854
165.822 118.616 30.211 26.854
165.596 118.616 30.211 26.854
166.047 118.391 30.211 26.854
166.498 117.714 30.211 26.854
166.273 117.263 30.211 26.854
165.939 116.515 30.879 27.448
166.627 117.891 30.879 27.448
166.627 118.121 30.879 27.448
166.856 118.580 30.879 27.448
167.086 118.580 30.879 27.448
166.398 119.039 30.879 27.448
166.398 119.268 30.879 27.448
167.086 120.186 30.879 27.448
166.398 119.268 30.879 27.448
166.856 119.268 30.879 27.448
167.545 120.644 30.879 27.448
166.856 120.415 30.879 27.448
167.315 119.956 30.879 27.448
166.168 119.039 30.879 27.448
166.168 118.809 30.879 27.448
166.627 118.350 30.879 27.448
166.856 118.580 30.879 27.448
166.856 120.415 30.879 27.448
166.856 119.956 30.879 27.448
167.086 119.497 30.879 27.448
166.398 120.644 30.879 27.448
166.856 119.956 30.879 27.448
167.086 119.268 30.879 27.448
166.856 120.186 30.879 27.448
167.545 119.727 30.879 27.448
167.086 119.268 30.879 27.448
166.627 118.809 30.879 27.448
167.545 118.580 30.879 27.448
167.774 119.956 30.879 27.448
168.233 119.268 30.879 27.448
167.315 119.268 30.879 27.448
167.432 119.194 31.563 28.056
167.903 118.958 31.563 28.056
168.138 120.370 31.563 28.056
168.609 119.429 31.563 28.056
167.903 119.429 31.563 28.056
168.374 118.958 31.563 28.056
168.138 118.488 31.563 28.056
168.374 118.723 31.563 28.056
168.138 120.135 31.563 28.056
169.079 120.135 31.563 28.056
168.374 119.664 31.563 28.056
167.668 119.664 31.563 28.056
167.903 119.900 31.563 28.056
167.432 120.135 31.563 28.056
167.903 119.900 31.563 28.056
167.668 120.135 31.563 28.056
167.668 119.664 31.563 28.056
167.903 120.370 31.563 28.056
168.374 120.135 31.563 28.056
166.962 120.135 31.563 28.056
167.432 120.370 31.563 28.056
166.727 120.370 31.563 28.056
167.197 119.900 31.563 28.056
167.197 119.664 31.563 28.056
166.727 120.605 31.563 28.056
166.256 120.605 31.563 28.056
165.550 120.841 31.563 28.056
165.315 120.135 31.563 28.056
165.315 119.900 31.563 28.056
164.138 121.547 31.563 28.056
164.844 120.841 31.563 28.056
163.432 120.605 31.563 28.056
163.668 120.370 31.563 28.056
163.432 120.370 31.563 28.056
162.256 120.841 31.563 28.056
161.550 121.547 31.563 28.056
161.315 121.311 31.563 28.056
161.079 121.076 31.563 28.056
161.785 120.841 31.563 28.056
160.609 121.547 31.563 28.056
159.903 121.076 31.563 28.056
160.138 121.076 31.563 28.056
159.903 122.017 31.563 28.056
158.962 121.311 31.563 28.056
158.491 121.547 31.563 28.056
157.785 122.017 31.563 28.056
157.550 122.017 31.563 28.056
156.374 121.311 31.563 28.056
155.903 121.076 31.563 28.056
154.962 120.841 31.563 28.056
155.197 121.311 31.563 28.056
155.197 121.311 31.563 28.056
154.256 121.076 31.563 28.056
152.374 120.370 31.563 28.056
152.374 120.135 31.563 28.056
151.432 120.135 31.563 28.056
150.142 119.119 32.261 28.676
150.142 120.554 32.261 28.676
148.350 119.758 32.975 29.311
147.740 118.699 33.704 29.959
147.238 117.946 33.704 29.959
146.736 118.699 33.704 29.959
144.979 119.452 33.704 29.959
144.606 118.618 34.450 30.622
143.836 118.361 34.450 30.622
144.093 117.591 34.450 30.622
143.579 117.334 34.450 30.622
143.322 117.848 34.450 30.622
142.295 118.875 34.450 30.622
141.010 118.361 34.450 30.622
142.551 117.591 34.450 30.622
141.143 116.995 35.212 31.300
140.882 116.734 35.212 31.300
140.361 117.517 35.212 31.300
140.232 117.431 35.991 31.992
138.898 118.498 35.991 31.992
139.698 117.165 35.991 31.992
138.632 116.098 35.991 31.992
138.632 115.565 35.991 31.992
137.434 115.211 36.788 32.700
137.161 114.938 36.788 32.700
136.071 116.573 36.788 32.700
136.482 115.394 37.602 33.424
135.360 115.674 37.602 33.424
135.360 115.674 37.602 33.424
134.383 115.866 38.433 34.163
132.527 115.201 39.284 34.919
133.695 114.909 39.284 34.919
133.403 114.909 39.284 34.919
133.111 115.786 39.284 34.919
133.238 116.450 38.446 34.174
133.238 116.164 38.446 34.174
131.644 116.815 37.626 33.445
131.644 116.534 37.626 33.445
130.803 115.693 37.626 33.445
131.083 117.095 37.626 33.445
131.083 117.095 37.626 33.445
129.681 116.815 37.626 33.445
129.120 116.815 37.626 33.445
128.840 116.534 37.626 33.445
127.999 116.254 37.626 33.445
127.438 117.095 37.626 33.445
126.316 116.534 37.626 33.445
126.597 116.815 37.626 33.445
126.597 116.815 37.626 33.445
125.316 115.769 36.824 32.732
125.316 116.593 36.824 32.732
123.943 116.867 36.824 32.732
125.708 118.314 36.039 32.034
124.365 117.777 36.039 32.034
124.096 117.508 36.039 32.034
123.291 117.240 36.039 32.034
122.485 116.702 36.039 32.034
123.406 117.850 35.270 31.351
122.228 116.189 36.050 32.045
121.153 116.189 36.050 32.045
120.885 115.652 36.050 32.045
120.486 115.835 36.848 32.754
119.113 115.286 36.848 32.754
118.564 115.011 36.848 32.754
118.564 115.560 36.848 32.754
117.741 114.737 36.848 32.754
117.741 114.462 36.848 32.754
116.368 114.462 36.848 32.754
116.643 116.384 36.848 32.754
116.235 115.747 37.663 33.478
114.272 116.308 37.663 33.478
113.856 115.377 38.496 34.219
113.569 117.381 38.496 34.219
111.565 117.381 38.496 34.219
111.565 117.094 38.496 34.219
111.565 117.094 38.496 34.219
110.707 116.522 38.496 34.219
110.134 115.949 38.496 34.219
109.275 115.949 38.496 34.219
107.844 115.663 38.496 34.219
108.989 115.949 38.496 34.219
108.989 116.236 38.496 34.219
108.827 116.600 37.676 33.489
108.266 116.320 37.676 33.489
107.705 115.759 37.676 33.489
107.705 116.040 37.676 33.489
107.425 116.881 37.676 33.489
106.167 115.669 38.509 34.230
107.026 115.383 38.509 34.230
105.881 116.814 38.509 34.230
105.455 115.863 39.361 34.988
105.163 115.863 39.361 34.988
104.286 115.863 39.361 34.988
104.870 115.863 39.361 34.988
103.994 115.571 39.361 34.988
103.702 114.987 39.361 34.988
104.578 114.402 39.361 34.988
103.994 113.526 39.361 34.988
103.410 114.694 39.361 34.988
103.994 114.694 39.361 34.988
102.533 114.402 39.361 34.988
104.121 115.944 38.522 34.242
103.549 115.658 38.522 34.242
103.263 117.375 38.522 34.242
103.835 116.803 38.522 34.242
101.691 115.565 39.374 34.999
102.860 114.689 39.374 34.999
101.984 114.689 39.374 34.999
101.984 115.273 39.374 34.999
101.399 114.689 39.374 34.999
102.276 114.689 39.374 34.999
101.399 114.689 39.374 34.999
101.984 114.689 39.374 34.999
101.107 114.104 39.374 34.999
101.399 114.104 39.374 34.999
101.399 113.228 39.374 34.999
101.691 113.812 39.374 34.999
101.399 113.228 39.374 34.999
101.107 112.644 39.374 34.999
100.231 113.812 39.374 34.999
99.938 114.981 39.374 34.999
100.815 114.397 39.374 34.999
99.646 114.689 39.374 34.999
100.231 114.981 39.374 34.999
99.938 115.565 39.374 34.999
99.354 114.689 39.374 34.999
99.938 114.689 39.374 34.999
99.354 114.104 39.374 34.999
99.646 113.812 39.374 34.999
98.919 115.178 40.245 35.773
98.019 114.578 40.245 35.773
98.319 114.278 40.245 35.773
98.919 113.678 40.245 35.773
98.019 114.278 40.245 35.773
98.319 113.678 40.245 35.773
98.619 113.078 40.245 35.773
98.173 112.682 41.136 36.565
97.388 113.072 40.258 35.785
98.288 113.972 40.258 35.785
97.843 113.276 41.149 36.577
97.231 112.970 41.149 36.577
97.231 112.359 41.149 36.577
96.925 113.582 41.149 36.577
97.231 112.664 41.149 36.577
97.537 112.359 41.149 36.577
96.141 112.137 40.272 35.797
96.295 111.141 41.163 36.589
96.601 112.976 41.163 36.589
96.295 112.364 41.163 36.589
96.907 112.976 41.163 36.589
96.734 112.754 40.285 35.809
97.334 114.254 40.285 35.809
97.934 113.654 40.285 35.809
96.734 113.054 40.285 35.809
97.334 113.054 40.285 35.809
97.034 112.754 40.285 35.809
97.034 112.454 40.285 35.809
96.434 112.754 40.285 35.809
97.034 112.454 40.285 35.809
96.434 112.454 40.285 35.809
97.034 112.454 40.285 35.809
96.434 113.054 40.285 35.809
96.734 113.354 40.285 35.809
97.164 112.836 39.426 35.045
95.995 113.713 39.426 35.045
96.287 113.128 39.426 35.045
96.871 112.544 39.426 35.045
95.411 112.252 39.426 35.045
95.995 112.836 39.426 35.045
95.703 113.421 39.426 35.045
96.287 112.836 39.426 35.045
95.119 113.128 39.426 35.045
95.703 112.544 39.426 35.045
96.287 113.128 39.426 35.045
95.119 112.544 39.426 35.045
95.119 113.421 39.426 35.045
95.119 114.297 39.426 35.045
94.826 114.005 39.426 35.045
93.658 113.713 39.426 35.045
95.119 114.005 39.426 35.045
94.242 114.005 39.426 35.045
94.242 113.713 39.426 35.045
94.534 115.174 39.426 35.045
94.534 114.881 39.426 35.045
94.534 115.466 39.426 35.045
93.950 115.758 39.426 35.045
93.366 115.466 39.426 35.045
93.366 115.758 39.426 35.045
92.929 115.078 40.298 35.820
92.029 116.578 40.298 35.820
92.929 115.978 40.298 35.820
91.729 116.278 40.298 35.820
92.629 114.778 40.298 35.820
92.029 114.178 40.298 35.820
91.429 115.378 40.298 35.820
91.729 115.378 40.298 35.820
91.729 115.378 40.298 35.820
91.729 115.378 40.298 35.820
90.829 115.078 40.298 35.820
91.429 115.978 40.298 35.820
90.529 115.978 40.298 35.820
90.959 116.360 39.439 35.057
89.783 116.066 39.439 35.057
90.077 115.772 39.439 35.057
90.371 116.654 39.439 35.057
89.783 116.066 39.439 35.057
88.900 115.772 39.439 35.057
89.194 117.242 39.439 35.057
89.489 117.242 39.439 35.057
89.783 116.654 39.439 35.057
88.900 117.242 39.439 35.057
89.194 117.831 39.439 35.057
89.489 118.125 39.439 35.057
89.489 117.242 39.439 35.057
89.489 116.360 39.439 35.057
89.194 115.478 39.439 35.057
89.194 115.478 39.439 35.057
89.615 117.616 38.598 34.309
89.901 117.330 38.598 34.309
89.329 117.330 38.598 34.309
89.615 117.044 38.598 34.309
90.187 116.757 38.598 34.309
89.329 117.902 38.598 34.309
89.329 117.044 38.598 34.309
89.615 117.044 38.598 34.309
89.901 115.898 38.598 34.309
89.042 114.467 38.598 34.309
88.615 114.374 39.452 35.068
89.498 114.962 39.452 35.068
88.910 115.550 39.452 35.068
87.002 114.280 40.324 35.844
88.502 114.880 40.324 35.844
88.502 114.280 40.324 35.844
88.202 113.680 40.324 35.844
89.102 113.380 40.324 35.844
89.402 113.980 40.324 35.844
87.902 113.380 40.324 35.844
89.102 113.980 40.324 35.844
89.402 113.380 40.324 35.844
88.202 113.980 40.324 35.844
89.402 113.680 40.324 35.844
88.502 113.080 40.324 35.844
89.102 114.280 40.324 35.844
88.956 113.583 41.217 36.637
88.956 113.278 41.217 36.637
89.262 113.583 41.217 36.637
89.568 114.501 41.217 36.637
88.651 114.195 41.217 36.637
89.568 113.278 41.217 36.637
89.568 112.666 41.217 36.637
88.956 112.666 41.217 36.637
89.568 114.501 41.217 36.637
89.262 113.889 41.217 36.637
90.792 113.278 41.217 36.637
90.180 112.972 41.217 36.637
90.030 112.261 42.129 37.448
89.716 112.888 42.129 37.448
90.657 113.202 42.129 37.448
90.971 113.829 42.129 37.448
90.657 113.515 42.129 37.448
91.598 112.888 42.129 37.448
91.598 112.261 42.129 37.448
91.912 112.574 42.129 37.448
92.540 112.574 42.129 37.448
91.734 112.974 41.230 36.649
92.196 112.568 42.142 37.460
91.568 112.254 42.142 37.460
92.509 112.882 42.142 37.460
92.823 113.823 42.142 37.460
92.823 113.823 42.142 37.460
93.137 113.509 42.142 37.460
92.331 113.281 41.244 36.661
94.166 113.587 41.244 36.661
94.472 113.893 41.244 36.661
93.249 113.893 41.244 36.661
94.778 113.587 41.244 36.661
94.472 115.117 41.244 36.661
93.098 113.182 42.156 37.472
93.412 113.182 42.156 37.472
94.040 114.123 42.156 37.472
94.353 114.123 42.156 37.472
94.667 114.123 42.156 37.472
94.667 114.123 42.156 37.472
94.489 114.209 41.257 36.673
95.407 113.903 41.257 36.673
94.489 113.903 41.257 36.673
95.101 113.597 41.257 36.673
95.713 114.820 41.257 36.673
96.018 113.903 41.257 36.673
96.324 114.209 41.257 36.673
96.324 114.820 41.257 36.673
96.153 114.600 40.377 35.891
96.453 114.300 40.377 35.891
95.553 114.900 40.377 35.891
96.153 115.200 40.377 35.891
97.053 114.900 40.377 35.891
96.753 114.000 40.377 35.891
96.753 114.300 40.377 35.891
97.783 117.082 39.516 35.126
97.195 116.200 39.516 35.126
98.371 115.906 39.516 35.126
97.783 115.318 39.516 35.126
97.489 114.141 39.516 35.126
98.665 113.847 39.516 35.126
98.960 115.023 39.516 35.126
98.204 114.810 38.674 34.377
99.357 116.251 38.674 34.377
100.346 116.329 37.849 33.643
100.907 116.329 37.849 33.643
99.367 115.677 38.686 34.388
100.092 116.161 39.542 35.149
100.680 115.867 39.542 35.149
99.209 115.867 39.542 35.149
100.974 115.573 39.542 35.149
100.386 114.690 39.542 35.149
99.503 116.161 39.542 35.149
100.680 116.749 39.542 35.149
100.974 116.455 39.542 35.149
101.268 115.279 39.542 35.149
100.680 114.985 39.542 35.149
101.856 115.573 39.542 35.149
101.268 115.573 39.542 35.149
100.092 115.573 39.542 35.149
101.562 115.279 39.542 35.149
100.092 114.985 39.542 35.149
100.831 114.890 40.417 35.926
99.631 114.590 40.417 35.926
99.931 114.590 40.417 35.926
101.131 114.590 40.417 35.926
99.631 114.290 40.417 35.926
99.931 114.290 40.417 35.926
100.231 114.290 40.417 35.926
100.662 116.173 39.555 35.160
100.368 115.585 39.555 35.160
99.191 114.996 39.555 35.160
100.368 115.291 39.555 35.160
98.603 115.291 39.555 35.160
99.485 116.173 39.555 35.160
98.897 115.879 39.555 35.160
99.485 115.585 39.555 35.160
98.603 114.702 39.555 35.160
98.897 115.291 39.555 35.160
99.485 115.879 39.555 35.160
98.309 115.291 39.555 35.160
98.603 115.585 39.555 35.160
99.613 115.371 38.712 34.410
100.766 115.660 38.712 34.410
98.608 115.279 39.568 35.172
99.053 114.890 40.444 35.950
99.053 115.490 40.444 35.950
99.053 116.990 40.444 35.950
99.353 115.790 40.444 35.950
98.453 115.190 40.444 35.950
99.053 115.190 40.444 35.950
99.353 115.490 40.444 35.950
97.853 115.490 40.444 35.950
98.453 115.490 40.444 35.950
98.453 115.190 40.444 35.950
98.753 114.890 40.444 35.950
99.053 115.790 40.444 35.950
99.353 116.390 40.444 35.950
97.853 116.690 40.444 35.950
98.753 116.390 40.444 35.950
98.753 116.990 40.444 35.950
98.453 116.390 40.444 35.950
98.753 115.790 40.444 35.950
98.753 115.190 40.444 35.950
100.084 117.973 39.581 35.183
99.496 117.091 39.581 35.183
98.613 116.797 39.581 35.183
99.202 117.385 39.581 35.183
99.496 117.679 39.581 35.183
98.907 116.797 39.581 35.183
99.202 116.503 39.581 35.183
100.212 117.172 38.737 34.433
99.059 117.460 38.737 34.433
99.059 117.460 38.737 34.433
98.771 117.748 38.737 34.433
98.482 117.748 38.737 34.433
99.635 118.036 38.737 34.433
98.194 117.460 38.737 34.433
99.059 118.036 38.737 34.433
98.194 117.172 38.737 34.433
99.347 117.172 38.737 34.433
98.771 118.901 38.737 34.433
98.482 118.036 38.737 34.433
98.771 117.460 38.737 34.433
98.194 117.172 38.737 34.433
98.771 116.884 38.737 34.433
98.482 117.172 38.737 34.433
99.347 116.307 38.737 34.433
98.771 116.595 38.737 34.433
98.194 117.460 38.737 34.433
99.347 117.172 38.737 34.433
99.059 117.172 38.737 34.433
98.482 116.884 38.737 34.433
99.347 116.307 38.737 34.433
99.059 118.036 38.737 34.433
98.482 117.460 38.737 34.433
98.771 117.460 38.737 34.433
97.906 117.748 38.737 34.433
98.482 118.036 38.737 34.433
99.347 117.460 38.737 34.433
98.482 116.595 38.737 34.433
99.347 116.595 38.737 34.433
98.771 116.307 38.737 34.433
98.482 118.325 38.737 34.433
99.347 118.036 38.737 34.433
99.059 117.460 38.737 34.433
98.771 117.748 38.737 34.433
99.059 118.901 38.737 34.433
99.059 118.036 38.737 34.433
98.771 117.460 38.737 34.433
98.482 119.189 38.737 34.433
99.635 118.325 38.737 34.433
98.482 118.901 38.737 34.433
99.059 118.325 38.737 34.433
98.194 119.189 38.737 34.433
98.771 120.631 38.737 34.433
97.906 120.342 38.737 34.433
98.194 119.766 38.737 34.433
98.194 119.189 38.737 34.433
98.482 118.325 38.737 34.433
98.482 118.036 38.737 34.433
98.771 117.460 38.737 34.433
97.618 118.901 38.737 34.433
98.482 118.325 38.737 34.433
98.482 119.189 38.737 34.433
97.906 118.901 38.737 34.433
97.041 119.766 38.737 34.433
97.618 119.478 38.737 34.433
98.194 119.189 38.737 34.433
97.041 118.325 38.737 34.433
97.330 117.748 38.737 34.433
97.330 117.748 38.737 34.433
97.618 118.325 38.737 34.433
97.906 117.748 38.737 34.433
96.325 116.791 39.594 35.195
95.442 115.909 39.594 35.195
96.325 116.791 39.594 35.195
95.736 116.497 39.594 35.195
96.619 115.909 39.594 35.195
96.325 115.909 39.594 35.195
95.592 115.519 40.470 35.973
95.592 114.619 40.470 35.973
95.592 114.619 40.470 35.973
95.292 114.919 40.470 35.973
95.892 114.919 40.470 35.973
96.492 115.519 40.470 35.973
95.292 114.919 40.470 35.973
95.592 114.919 40.470 35.973
96.192 115.819 40.470 35.973
96.492 116.419 40.470 35.973
95.592 116.119 40.470 35.973
96.192 115.519 40.470 35.973
97.092 114.619 40.470 35.973
96.792 114.319 40.470 35.973
96.792 115.219 40.470 35.973
97.092 114.619 40.470 35.973
97.692 114.019 40.470 35.973
97.392 114.619 40.470 35.973
97.092 114.019 40.470 35.973
98.292 114.619 40.470 35.973
97.092 113.719 40.470 35.973
98.892 114.019 40.470 35.973
98.592 115.219 40.470 35.973
97.992 114.919 40.470 35.973
98.892 114.019 40.470 35.973
99.492 114.919 40.470 35.973
99.492 115.219 40.470 35.973
100.092 115.519 40.470 35.973
100.092 114.619 40.470 35.973
100.392 115.219 40.470 35.973
99.645 115.721 41.365 36.769
100.568 115.413 41.365 36.769
100.418 114.699 42.281 37.583
100.418 115.012 42.281 37.583
101.046 115.954 42.281 37.583
100.264 114.910 43.216 38.414
101.229 115.232 43.216 38.414
101.551 115.875 43.216 38.414
100.586 115.232 43.216 38.414
100.108 114.807 44.172 39.264
100.274 114.373 45.150 40.133
100.609 114.037 45.150 40.133
99.439 112.923 46.149 41.021
100.126 113.266 46.149 41.021
99.783 114.295 46.149 41.021
100.812 112.923 46.149 41.021
100.469 112.923 46.149 41.021
100.812 112.580 46.149 41.021
100.812 112.237 46.149 41.021
101.155 112.237 46.149 41.021
100.469 112.580 46.149 41.021
101.155 111.893 46.149 41.021
100.469 111.893 46.149 41.021
101.498 112.237 46.149 41.021
101.155 112.237 46.149 41.021
101.841 112.580 46.149 41.021
102.185 111.550 46.149 41.021
100.645 110.753 47.170 41.929
100.645 110.753 47.170 41.929
101.347 111.104 47.170 41.929
101.347 110.753 47.170 41.929
101.698 111.104 47.170 41.929
100.996 110.051 47.170 41.929
101.347 110.051 47.170 41.929
102.049 110.051 47.170 41.929
101.347 111.455 47.170 41.929
101.347 112.508 47.170 41.929
101.347 112.859 47.170 41.929
101.347 113.912 47.170 41.929
100.996 113.561 47.170 41.929
100.294 113.561 47.170 41.929
100.645 113.210 47.170 41.929
98.719 112.395 48.213 42.856
99.437 113.113 48.213 42.856
98.360 112.754 48.213 42.856
98.001 112.754 48.213 42.856
96.925 113.472 48.213 42.856
96.566 115.266 48.213 42.856
96.925 114.548 48.213 42.856
94.597 113.715 49.280 43.804
94.231 112.615 49.280 43.804
94.389 114.549 48.229 42.870
94.031 114.549 48.229 42.870
93.313 115.267 48.229 42.870
92.595 114.908 48.229 42.870
92.751 115.006 47.201 41.956
92.751 116.410 47.201 41.956
92.751 115.708 47.201 41.956
92.049 115.006 47.201 41.956
91.698 115.357 47.201 41.956
90.996 115.357 47.201 41.956
90.996 115.006 47.201 41.956
90.996 116.059 47.201 41.956
90.294 115.357 47.201 41.956
90.996 115.357 47.201 41.956
89.943 115.357 47.201 41.956
89.241 115.357 47.201 41.956
89.070 113.840 48.245 42.884
87.993 113.481 48.245 42.884
87.460 113.725 49.312 43.833
87.093 113.358 49.312 43.833
87.093 112.991 49.312 43.833
87.985 114.559 48.261 42.898
86.191 113.482 48.261 42.898
86.550 114.200 48.261 42.898
86.191 113.841 48.261 42.898
86.191 113.482 48.261 42.898
85.299 113.366 49.328 43.848
86.032 112.633 49.328 43.848
85.299 112.633 49.328 43.848
85.665 112.266 49.328 43.848
84.932 112.266 49.328 43.848
84.932 111.900 49.328 43.848
85.299 112.266 49.328 43.848
84.932 111.533 49.328 43.848
84.565 111.900 49.328 43.848
84.565 112.633 49.328 43.848
83.832 113.000 49.328 43.848
85.091 113.467 48.277 42.912
84.374 113.108 48.277 42.912
85.247 113.207 47.247 41.997
85.598 112.856 47.247 41.997
84.896 114.260 47.247 41.997
85.247 114.260 47.247 41.997
85.598 114.260 47.247 41.997
84.896 114.260 47.247 41.997
85.598 113.909 47.247 41.997
84.545 113.558 47.247 41.997
85.598 113.558 47.247 41.997
84.194 114.962 47.247 41.997
85.426 114.498 48.292 42.927
84.709 114.498 48.292 42.927
85.426 114.498 48.292 42.927
85.068 116.292 48.292 42.927
85.068 116.292 48.292 42.927
84.709 117.009 48.292 42.927
85.785 117.009 48.292 42.927
86.144 117.009 48.292 42.927
85.426 116.292 48.292 42.927
86.144 116.650 48.292 42.927
85.785 115.933 48.292 42.927
86.503 116.292 48.292 42.927
86.862 116.650 48.292 42.927
85.941 117.108 47.262 42.011
87.147 117.205 46.255 41.115
86.804 118.235 46.255 41.115
86.979 118.123 47.278 42.025
86.979 117.772 47.278 42.025
86.979 117.421 47.278 42.025
86.277 116.368 47.278 42.025
86.979 115.315 47.278 42.025
86.979 115.666 47.278 42.025
86.979 115.666 47.278 42.025
86.628 115.666 47.278 42.025
86.277 115.666 47.278 42.025
86.277 115.666 47.278 42.025
87.330 115.666 47.278 42.025
86.628 115.666 47.278 42.025
85.575 116.017 47.278 42.025
85.926 115.315 47.278 42.025
85.754 115.201 48.324 42.955
86.113 115.201 48.324 42.955
85.036 114.483 48.324 42.955
84.677 115.201 48.324 42.955
85.754 115.201 48.324 42.955
84.860 114.008 49.393 43.905
83.760 113.642 49.393 43.905
84.860 112.908 49.393 43.905
84.127 113.275 49.393 43.905
84.494 113.275 49.393 43.905
83.760 112.908 49.393 43.905
83.554 114.843 48.340 42.969
83.912 114.125 48.340 42.969
84.271 114.125 48.340 42.969
84.271 114.125 48.340 42.969
83.554 114.843 48.340 42.969
84.271 114.125 48.340 42.969
83.912 114.125 48.340 42.969
82.836 113.767 48.340 42.969
82.836 113.408 48.340 42.969
82.118 114.843 48.340 42.969
82.836 114.843 48.340 42.969
82.118 113.408 48.340 42.969
83.195 113.049 48.340 42.969
82.477 113.408 48.340 42.969
82.477 114.484 48.340 42.969
83.195 114.484 48.340 42.969
82.477 114.484 48.340 42.969
82.477 114.125 48.340 42.969
81.401 114.125 48.340 42.969
82.477 113.408 48.340 42.969
82.477 113.408 48.340 42.969
82.477 113.767 48.340 42.969
82.118 113.049 48.340 42.969
81.584 112.574 49.409 43.919
81.217 112.574 49.409 43.919
82.110 113.042 48.356 42.983
81.034 112.324 48.356 42.983
81.393 113.401 48.356 42.983
81.393 113.760 48.356 42.983
81.550 113.859 47.324 42.066
81.550 114.210 47.324 42.066
81.199 113.508 47.324 42.066
81.900 114.912 47.324 42.066
81.900 114.912 47.324 42.066
81.550 114.912 47.324 42.066
81.199 114.210 47.324 42.066
82.251 113.859 47.324 42.066
81.728 113.745 48.372 42.997
81.728 113.745 48.372 42.997
80.651 113.745 48.372 42.997
81.369 113.745 48.372 42.997
81.369 113.745 48.372 42.997
81.010 114.462 48.372 42.997
81.010 114.103 48.372 42.997
81.369 114.462 48.372 42.997
81.728 114.821 48.372 42.997
81.728 114.103 48.372 42.997
80.834 112.910 49.442 43.948
80.287 112.057 50.536 44.921
80.287 112.434 50.536 44.921
80.449 114.419 49.458 43.963
81.183 114.419 49.458 43.963
81.183 114.419 49.458 43.963
81.183 114.785 49.458 43.963
81.369 113.199 50.552 44.935
81.369 113.575 50.552 44.935
81.369 113.575 50.552 44.935
81.369 114.328 50.552 44.935
80.616 114.328 50.552 44.935
81.745 113.952 50.552 44.935
81.745 113.575 50.552 44.935
81.745 112.823 50.552 44.935
82.122 113.199 50.552 44.935
82.875 112.446 50.552 44.935
81.745 112.070 50.552 44.935
82.498 112.446 50.552 44.935
82.122 112.446 50.552 44.935
82.875 113.575 50.552 44.935
82.498 113.952 50.552 44.935
82.122 113.952 50.552 44.935
83.251 113.952 50.552 44.935
81.745 113.575 50.552 44.935
82.498 113.199 50.552 44.935
82.122 112.446 50.552 44.935
82.875 113.575 50.552 44.935
83.251 113.952 50.552 44.935
82.122 115.081 50.552 44.935
82.498 114.705 50.552 44.935
81.745 115.081 50.552 44.935
82.498 115.458 50.552 44.935
82.122 114.705 50.552 44.935
82.875 114.328 50.552 44.935
82.122 113.199 50.552 44.935
82.875 113.575 50.552 44.935
82.498 114.328 50.552 44.935
80.810 113.455 51.671 45.930
80.425 113.839 51.671 45.930
81.578 113.455 51.671 45.930
81.194 113.839 51.671 45.930
81.578 113.839 51.671 45.930
81.194 113.455 51.671 45.930
81.194 114.223 51.671 45.930
80.425 113.839 51.671 45.930
81.578 114.608 51.671 45.930
80.425 113.839 51.671 45.930
81.578 113.071 51.671 45.930
81.194 114.223 51.671 45.930
80.425 114.223 51.671 45.930
81.578 113.455 51.671 45.930
80.425 113.071 51.671 45.930
80.425 112.686 51.671 45.930
81.194 112.302 51.671 45.930
80.425 113.455 51.671 45.930
81.194 113.455 51.671 45.930
80.425 113.455 51.671 45.930
81.578 113.071 51.671 45.930
80.425 113.455 51.671 45.930
80.238 112.947 52.814 46.946
80.238 112.947 52.814 46.946
80.238 113.731 52.814 46.946
80.238 113.731 52.814 46.946
79.846 112.947 52.814 46.946
79.454 112.555 52.814 46.946
80.630 113.731 52.814 46.946
79.846 114.515 52.814 46.946
80.630 115.300 52.814 46.946
79.454 115.300 52.814 46.946
80.238 114.908 52.814 46.946
80.238 113.731 52.814 46.946
81.022 114.515 52.814 46.946
79.846 115.692 52.814 46.946
80.238 114.908 52.814 46.946
80.238 114.908 52.814 46.946
80.630 115.300 52.814 46.946
79.454 114.908 52.814 46.946
80.630 114.515 52.814 46.946
80.238 115.300 52.814 46.946
80.630 114.908 52.814 46.946
80.238 114.515 52.814 46.946
81.415 114.908 52.814 46.946
80.630 114.123 52.814 46.946
81.022 114.908 52.814 46.946
81.415 114.515 52.814 46.946
82.199 114.515 52.814 46.946
81.415 113.731 52.814 46.946
82.370 112.663 51.688 45.945
82.370 112.663 51.688 45.945
82.754 112.663 51.688 45.945
80.833 113.432 51.688 45.945
81.601 114.585 51.688 45.945
82.754 114.200 51.688 45.945
81.601 114.969 51.688 45.945
83.139 114.585 51.688 45.945
82.754 114.200 51.688 45.945
82.370 114.200 51.688 45.945
83.139 113.816 51.688 45.945
83.139 113.047 51.688 45.945
83.139 112.663 51.688 45.945
83.523 112.279 51.688 45.945
84.074 115.459 50.585 44.965
84.450 114.706 50.585 44.965
83.697 115.082 50.585 44.965
83.697 114.706 50.585 44.965
84.074 115.082 50.585 44.965
84.450 115.459 50.585 44.965
84.450 116.212 50.585 44.965
84.827 115.459 50.585 44.965
84.827 116.212 50.585 44.965
85.580 115.835 50.585 44.965
85.366 117.444 49.507 44.006
86.472 116.707 49.507 44.006
86.472 115.601 49.507 44.006
85.924 115.114 50.602 44.980
85.924 115.114 50.602 44.980
85.924 114.738 50.602 44.980
86.301 116.620 50.602 44.980
84.612 115.370 51.722 45.975
85.765 116.138 51.722 45.975
84.612 115.370 51.722 45.975
85.765 114.985 51.722 45.975
84.612 114.217 51.722 45.975
85.765 114.217 51.722 45.975
84.996 114.601 51.722 45.975
85.380 113.832 51.722 45.975
85.765 113.448 51.722 45.975
85.380 114.601 51.722 45.975
85.765 113.832 51.722 45.975
86.149 113.448 51.722 45.975
86.149 114.217 51.722 45.975
86.149 113.832 51.722 45.975
86.533 114.217 51.722 45.975
86.918 114.217 51.722 45.975
85.577 113.324 52.866 46.992
85.577 112.931 52.866 46.992
85.969 112.539 52.866 46.992
86.361 112.147 52.866 46.992
86.753 112.147 52.866 46.992
85.969 113.324 52.866 46.992
85.969 113.716 52.866 46.992
85.969 113.324 52.866 46.992
86.533 114.609 51.739 45.990
86.533 113.840 51.739 45.990
85.764 113.456 51.739 45.990
84.995 114.225 51.739 45.990
85.764 113.840 51.739 45.990
85.380 113.072 51.739 45.990
85.764 113.072 51.739 45.990
84.611 113.072 51.739 45.990
85.576 112.563 52.883 47.007
84.792 112.563 52.883 47.007
84.792 112.171 52.883 47.007
84.400 113.347 52.883 47.007
85.576 114.132 52.883 47.007
84.007 113.739 52.883 47.007
84.400 113.347 52.883 47.007
85.184 113.739 52.883 47.007
84.400 113.347 52.883 47.007
85.184 114.132 52.883 47.007
84.792 113.739 52.883 47.007
83.615 112.955 52.883 47.007
84.007 113.347 52.883 47.007
84.400 113.739 52.883 47.007
84.007 113.347 52.883 47.007
84.007 114.524 52.883 47.007
84.007 113.739 52.883 47.007
83.615 113.347 52.883 47.007
83.223 113.739 52.883 47.007
84.571 113.064 51.755 46.005
83.803 113.064 51.755 46.005
84.571 114.217 51.755 46.005
84.571 114.217 51.755 46.005
82.846 112.940 52.901 47.023
83.410 114.229 51.772 46.020
83.794 113.845 51.772 46.020
84.178 115.766 51.772 46.020
83.026 115.382 51.772 46.020
84.178 114.614 51.772 46.020
83.026 114.614 51.772 46.020
83.962 115.104 50.668 45.039
84.338 114.728 50.668 45.039
83.962 115.104 50.668 45.039
84.338 115.104 50.668 45.039
84.338 114.728 50.668 45.039
83.962 115.857 50.668 45.039
84.715 115.481 50.668 45.039
84.879 115.961 49.588 44.078
84.510 116.698 49.588 44.078
85.247 117.435 49.588 44.078
84.510 117.435 49.588 44.078
85.247 117.067 49.588 44.078
84.879 115.592 49.588 44.078
84.879 115.224 49.588 44.078
84.879 115.592 49.588 44.078
84.510 115.224 49.588 44.078
85.407 116.431 48.530 43.138
84.686 116.070 48.530 43.138
85.407 115.709 48.530 43.138
85.047 116.431 48.530 43.138
85.768 116.792 48.530 43.138
85.407 117.513 48.530 43.138
84.149 116.315 49.604 44.093
84.518 115.946 49.604 44.093
85.415 115.679 48.546 43.152
84.694 116.040 48.546 43.152
84.694 115.679 48.546 43.152
85.415 114.957 48.546 43.152
83.972 114.236 48.546 43.152
85.415 114.957 48.546 43.152
85.054 114.596 48.546 43.152
85.415 116.761 48.546 43.152
84.850 117.582 47.511 42.232
85.203 115.817 47.511 42.232
85.556 115.464 47.511 42.232
86.262 115.464 47.511 42.232
86.416 116.621 46.498 41.331
86.071 117.311 46.498 41.331
86.912 117.406 45.506 40.450
86.572 116.728 45.506 40.450
86.912 116.389 45.506 40.450
86.572 115.371 45.506 40.450
86.572 114.353 45.506 40.450
86.572 115.032 45.506 40.450
86.572 115.371 45.506 40.450
86.572 115.032 45.506 40.450
85.215 116.050 45.506 40.450
85.555 116.728 45.506 40.450
85.555 117.406 45.506 40.450
85.361 117.159 44.536 39.587
84.699 117.822 44.536 39.587
85.030 117.491 44.536 39.587
85.030 118.153 44.536 39.587
84.206 117.053 45.521 40.463
84.691 117.145 44.550 39.600
84.360 116.814 44.550 39.600
84.691 116.482 44.550 39.600
84.835 119.224 43.600 38.756
84.188 118.577 43.600 38.756
85.300 118.990 42.671 37.929
84.982 119.625 42.671 37.929
84.029 119.308 42.671 37.929
84.347 118.990 42.671 37.929
84.029 118.990 42.671 37.929
84.029 118.673 42.671 37.929
83.394 118.673 42.671 37.929
83.076 118.673 42.671 37.929
83.394 118.355 42.671 37.929
83.394 118.037 42.671 37.929
83.394 117.084 42.671 37.929
83.394 117.084 42.671 37.929
82.759 117.084 42.671 37.929
81.806 117.720 42.671 37.929
82.124 117.402 42.671 37.929
81.171 117.720 42.671 37.929
81.171 117.402 42.671 37.929
81.171 116.767 42.671 37.929
80.218 118.037 42.671 37.929
80.218 119.308 42.671 37.929
79.900 119.308 42.671 37.929
79.084 120.030 41.761 37.121
80.014 119.410 41.761 37.121
80.459 120.736 40.870 36.329
79.547 119.824 40.870 36.329
79.243 118.608 40.870 36.329
78.332 117.696 40.870 36.329
78.028 118.304 40.870 36.329
79.071 119.907 39.999 35.554
78.475 119.311 39.999 35.554
77.735 118.918 40.883 36.341
77.735 120.133 40.883 36.341
76.519 120.437 40.883 36.341
76.823 119.526 40.883 36.341
76.215 120.133 40.883 36.341
74.999 120.437 40.883 36.341
75.607 121.045 40.883 36.341
74.999 120.741 40.883 36.341
74.999 120.437 40.883 36.341
74.088 118.918 40.883 36.341
72.568 118.918 40.883 36.341
73.176 118.918 40.883 36.341
72.264 118.614 40.883 36.341
71.656 118.006 40.883 36.341
71.960 117.702 40.883 36.341
71.352 117.094 40.883 36.341
70.441 117.094 40.883 36.341
70.877 117.178 40.012 35.566
68.944 116.486 40.897 36.353
69.552 116.182 40.897 36.353
69.248 117.702 40.897 36.353
68.640 117.094 40.897 36.353
68.468 117.178 40.025 35.578
68.468 117.178 40.025 35.578
68.468 116.880 40.025 35.578
68.468 116.582 40.025 35.578
68.895 117.259 39.171 34.819
67.734 116.098 39.171 34.819
67.154 115.518 39.171 34.819
66.720 115.423 40.038 35.589
66.720 116.317 40.038 35.589
65.826 116.019 40.038 35.589
64.787 115.327 40.924 36.377
65.091 115.023 40.924 36.377
63.875 114.720 40.924 36.377
64.638 113.709 41.829 37.181
62.768 113.709 41.829 37.181
62.617 114.233 42.755 38.004
63.570 112.645 42.755 38.004
63.252 112.645 42.755 38.004
62.299 113.916 42.755 38.004
61.982 114.233 42.755 38.004
61.346 113.916 42.755 38.004
61.982 113.598 42.755 38.004
61.664 112.963 42.755 38.004
61.484 113.368 41.843 37.194
61.645 112.956 42.769 38.017
60.692 113.592 42.769 38.017
60.057 112.956 42.769 38.017
61.010 113.274 42.769 38.017
60.375 112.639 42.769 38.017
60.375 112.639 42.769 38.017
60.692 112.003 42.769 38.017
59.739 111.686 42.769 38.017
59.104 112.956 42.769 38.017
59.739 112.321 42.769 38.017
58.786 111.368 42.769 38.017
57.996 111.583 43.715 38.858
59.297 112.559 43.715 38.858
58.321 112.885 43.715 38.858
57.670 112.234 43.715 38.858
58.646 113.210 43.715 38.858
57.996 112.559 43.715 38.858
57.512 112.130 44.682 39.717
57.657 112.884 43.729 38.870
58.449 112.648 42.797 38.041
58.131 113.601 42.797 38.041
57.813 112.966 42.797 38.041
57.496 113.918 42.797 38.041
58.131 113.283 42.797 38.041
56.860 112.966 42.797 38.041
56.543 112.966 42.797 38.041
57.496 112.966 42.797 38.041
57.178 112.013 42.797 38.041
56.225 111.377 42.797 38.041
56.225 112.330 42.797 38.041
56.225 112.013 42.797 38.041
55.272 112.013 42.797 38.041
54.637 112.013 42.797 38.041
54.319 111.695 42.797 38.041
54.955 112.966 42.797 38.041
54.319 112.966 42.797 38.041
54.637 112.966 42.797 38.041
53.684 112.648 42.797 38.041
53.049 112.648 42.797 38.041
54.637 113.283 42.797 38.041
53.049 112.330 42.797 38.041
54.002 112.013 42.797 38.041
53.366 111.695 42.797 38.041
53.366 112.966 42.797 38.041
53.684 113.283 42.797 38.041
52.413 112.966 42.797 38.041
53.684 114.236 42.797 38.041
52.413 113.601 42.797 38.041
53.366 114.554 42.797 38.041
52.731 113.918 42.797 38.041
52.413 114.554 42.797 38.041
53.049 114.554 42.797 38.041
53.049 114.236 42.797 38.041
53.049 113.918 42.797 38.041
52.096 114.871 42.797 38.041
51.778 114.871 42.797 38.041
51.460 114.236 42.797 38.041
52.731 113.918 42.797 38.041
51.778 114.236 42.797 38.041
51.460 113.918 42.797 38.041
52.413 114.236 42.797 38.041
52.096 114.236 42.797 38.041
52.552 114.006 41.884 37.230
52.552 113.071 41.884 37.230
52.240 114.006 41.884 37.230
52.864 113.695 41.884 37.230
51.617 114.630 41.884 37.230
51.617 114.630 41.884 37.230
50.993 114.006 41.884 37.230
52.240 113.383 41.884 37.230
51.929 113.071 41.884 37.230
52.999 112.845 40.991 36.436
53.303 112.845 40.991 36.436
52.695 112.845 40.991 36.436
52.999 113.149 40.991 36.436
53.607 113.149 40.991 36.436
53.303 113.452 40.991 36.436
53.303 112.541 40.991 36.436
53.303 112.237 40.991 36.436
52.999 112.237 40.991 36.436
53.910 112.541 40.991 36.436
53.910 111.933 40.991 36.436
53.607 113.756 40.991 36.436
53.607 113.452 40.991 36.436
54.214 113.149 40.991 36.436
53.303 112.845 40.991 36.436
53.303 112.541 40.991 36.436
53.910 112.237 40.991 36.436
55.867 114.753 40.117 35.659
54.973 114.455 40.117 35.659
54.377 114.455 40.117 35.659
54.973 114.455 40.117 35.659
54.973 114.753 40.117 35.659
54.377 115.051 40.117 35.659
54.973 115.349 40.117 35.659
54.675 115.051 40.117 35.659
55.569 115.349 40.117 35.659
54.973 115.349 40.117 35.659
54.377 115.051 40.117 35.659
55.271 116.541 40.117 35.659
54.675 115.945 40.117 35.659
54.973 115.647 40.117 35.659
54.377 115.349 40.117 35.659
54.675 115.051 40.117 35.659
55.569 115.945 40.117 35.659
54.675 115.647 40.117 35.659
55.271 115.349 40.117 35.659
54.973 115.647 40.117 35.659
54.079 114.753 40.117 35.659
54.675 115.647 40.117 35.659
55.271 114.753 40.117 35.659
54.675 114.753 40.117 35.659
55.271 114.753 40.117 35.659
54.675 115.349 40.117 35.659
55.569 114.157 40.117 35.659
54.973 113.859 40.117 35.659
54.675 113.561 40.117 35.659
55.867 113.859 40.117 35.659
55.867 114.455 40.117 35.659
56.165 114.455 40.117 35.659
55.271 114.455 40.117 35.659
55.569 114.753 40.117 35.659
55.569 115.349 40.117 35.659
56.165 114.753 40.117 35.659
55.271 114.753 40.117 35.659
56.165 114.753 40.117 35.659
55.867 114.753 40.117 35.659
56.761 114.455 40.117 35.659
56.463 114.455 40.117 35.659
55.867 114.157 40.117 35.659
58.083 116.325 39.261 34.899
57.207 115.741 39.261 34.899
58.667 115.156 39.261 34.899
57.499 115.741 39.261 34.899
55.896 114.770 40.130 35.671
58.280 114.770 40.130 35.671
56.790 115.665 40.130 35.671
57.684 115.068 40.130 35.671
57.088 114.770 40.130 35.671
56.492 113.876 40.130 35.671
58.280 113.280 40.130 35.671
57.088 112.982 40.130 35.671
57.386 113.876 40.130 35.671
58.280 114.174 40.130 35.671
57.386 112.684 40.130 35.671
58.280 113.578 40.130 35.671
57.982 113.578 40.130 35.671
57.982 113.578 40.130 35.671
58.280 114.472 40.130 35.671
58.876 114.174 40.130 35.671
60.496 113.959 39.274 34.910
59.620 113.374 39.274 34.910
60.204 114.251 39.274 34.910
60.788 114.251 39.274 34.910
60.788 114.543 39.274 34.910
60.496 116.004 39.274 34.910
59.478 114.449 40.143 35.683
59.776 113.853 40.143 35.683
60.968 114.151 40.143 35.683
60.074 114.449 40.143 35.683
60.372 114.151 40.143 35.683
61.266 114.449 40.143 35.683
60.372 114.449 40.143 35.683
61.862 114.747 40.143 35.683
62.160 115.343 40.143 35.683
61.694 115.425 39.287 34.922
62.570 116.010 39.287 34.922
61.986 116.010 39.287 34.922
61.109 115.718 39.287 34.922
61.694 115.425 39.287 34.922
62.570 115.425 39.287 34.922
62.278 115.718 39.287 34.922
62.278 116.010 39.287 34.922
61.694 115.718 39.287 34.922
62.278 114.841 39.287 34.922
61.694 114.841 39.287 34.922
61.986 114.549 39.287 34.922
61.109 114.549 39.287 34.922
61.109 113.965 39.287 34.922
61.109 113.965 39.287 34.922
60.817 113.672 39.287 34.922
61.402 113.965 39.287 34.922
61.109 114.257 39.287 34.922
61.528 114.921 38.449 34.177
61.815 114.921 38.449 34.177
62.387 114.635 38.449 34.177
61.815 114.062 38.449 34.177
61.103 113.971 39.300 34.933
60.519 115.139 39.300 34.933
61.103 115.431 39.300 34.933
60.519 115.724 39.300 34.933
60.811 116.308 39.300 34.933
61.687 115.724 39.300 34.933
60.519 116.016 39.300 34.933
61.814 116.680 38.462 34.188
61.242 115.822 38.462 34.188
61.814 115.249 38.462 34.188
61.242 115.535 38.462 34.188
61.528 114.963 38.462 34.188
61.242 115.249 38.462 34.188
61.814 114.676 38.462 34.188
60.383 114.104 38.462 34.188
60.383 112.959 38.462 34.188
60.955 112.959 38.462 34.188
61.814 113.245 38.462 34.188
60.530 112.867 39.313 34.945
60.238 114.036 39.313 34.945
60.530 113.743 39.313 34.945
61.406 114.620 39.313 34.945
61.533 114.700 38.474 34.199
60.249 114.895 39.326 34.956
60.541 115.479 39.326 34.956
61.125 115.479 39.326 34.956
60.249 115.187 39.326 34.956
60.833 115.479 39.326 34.956
62.002 115.479 39.326 34.956
61.418 116.063 39.326 34.956
61.418 115.771 39.326 34.956
61.710 115.771 39.326 34.956
62.294 116.063 39.326 34.956
63.171 115.187 39.326 34.956
62.151 113.631 40.196 35.729
63.197 112.342 41.085 36.520
62.891 114.789 41.085 36.520
61.825 112.856 41.994 37.328
62.448 111.920 41.994 37.328
62.607 109.637 42.923 38.154
61.329 112.194 42.923 38.154
61.968 111.874 42.923 38.154
62.426 114.518 42.008 37.340
61.178 113.583 42.008 37.340
61.490 114.518 42.008 37.340
61.802 113.895 42.008 37.340
59.931 113.271 42.008 37.340
60.867 113.895 42.008 37.340
60.243 114.206 42.008 37.340
60.691 115.540 41.112 36.544
61.129 116.847 40.235 35.765
61.858 117.828 39.377 35.002
61.858 118.121 39.377 35.002
61.566 117.828 39.377 35.002
62.443 117.828 39.377 35.002
63.155 118.786 38.537 34.256
62.421 118.292 37.716 33.525
63.664 118.089 36.911 32.810
64.607 119.262 36.124 32.110
64.607 118.725 36.124 32.110
64.607 118.457 36.124 32.110
64.607 117.919 36.124 32.110
65.144 118.188 36.124 32.110
63.401 116.758 36.923 32.821
64.225 117.582 36.923 32.821
64.499 118.131 36.923 32.821
63.816 116.944 37.740 33.547
64.096 117.505 37.740 33.547
64.938 117.785 37.740 33.547
63.959 116.573 38.575 34.289
63.673 117.432 38.575 34.289
64.818 116.859 38.575 34.289
63.959 116.859 38.575 34.289
63.673 115.714 38.575 34.289
63.819 116.194 39.429 35.048
63.091 114.930 40.301 35.823
62.945 115.133 41.193 36.616
62.945 114.827 41.193 36.616
62.945 114.521 41.193 36.616
62.333 114.521 41.193 36.616
62.945 114.521 41.193 36.616
62.945 114.827 41.193 36.616
62.333 114.521 41.193 36.616
62.945 115.133 41.193 36.616
62.945 114.521 41.193 36.616
62.639 115.133 41.193 36.616
62.027 115.439 41.193 36.616
62.639 116.969 41.193 36.616
62.027 115.439 41.193 36.616
62.027 115.745 41.193 36.616
62.639 114.827 41.193 36.616
62.333 114.216 41.193 36.616
62.027 115.439 41.193 36.616
62.027 116.663 41.193 36.616
62.639 116.051 41.193 36.616
61.415 116.663 41.193 36.616
61.549 117.665 40.314 35.835
62.449 117.065 40.314 35.835
61.249 117.065 40.314 35.835
62.449 117.365 40.314 35.835
61.249 117.365 40.314 35.835
62.449 117.065 40.314 35.835
61.249 117.065 40.314 35.835
62.579 117.447 39.455 35.071
60.966 117.059 40.328 35.847
61.566 117.059 40.328 35.847
60.219 115.762 41.220 36.640
61.749 115.151 41.220 36.640
60.375 114.134 42.132 37.451
59.748 114.447 42.132 37.451
60.375 113.820 42.132 37.451
58.968 111.837 43.064 38.279
59.927 111.837 43.064 38.279
59.927 111.198 43.064 38.279
58.811 111.094 44.017 39.126
58.484 111.094 44.017 39.126
59.139 111.094 44.017 39.126
58.811 112.076 44.017 39.126
58.953 112.821 43.078 38.292
59.912 113.140 43.078 38.292
60.052 114.188 42.160 37.475
58.797 114.188 42.160 37.475
60.365 113.560 42.160 37.475
59.110 113.247 42.160 37.475
59.424 113.560 42.160 37.475
60.365 113.247 42.160 37.475
60.052 114.188 42.160 37.475
59.874 113.960 41.260 36.676
59.417 112.331 42.173 37.487
59.104 112.017 42.173 37.487
58.790 112.331 42.173 37.487
58.637 110.661 43.106 38.317
58.637 111.940 43.106 38.317
58.317 111.620 43.106 38.317
59.276 112.579 43.106 38.317
58.957 112.579 43.106 38.317
58.957 113.218 43.106 38.317
58.957 112.579 43.106 38.317
57.521 113.114 44.060 39.165
57.521 112.459 44.060 39.165
57.848 113.441 44.060 39.165
58.176 113.441 44.060 39.165
58.831 113.441 44.060 39.165
58.176 113.114 44.060 39.165
58.831 113.769 44.060 39.165
57.361 113.008 45.035 40.031
57.361 113.679 45.035 40.031
57.026 113.008 45.035 40.031
56.355 112.337 45.035 40.031
57.026 111.667 45.035 40.031
56.690 109.990 45.035 40.031
57.026 110.326 45.035 40.031
57.361 111.667 45.035 40.031
57.361 110.996 45.035 40.031
57.026 111.667 45.035 40.031
57.361 113.008 45.035 40.031
57.696 113.343 45.035 40.031
58.702 114.014 45.035 40.031
58.702 114.349 45.035 40.031
59.037 114.349 45.035 40.031
58.702 114.014 45.035 40.031
60.043 112.673 45.035 40.031
59.373 110.996 45.035 40.031
59.708 109.655 45.035 40.031
61.049 108.314 45.035 40.031
60.043 108.649 45.035 40.031
60.043 108.649 45.035 40.031
58.874 107.871 46.031 40.917
60.247 109.587 46.031 40.917
61.424 109.337 45.050 40.044
60.418 109.672 45.050 40.044
63.246 110.099 44.089 39.190
62.263 110.099 44.089 39.190
63.901 110.099 44.089 39.190
63.246 109.444 44.089 39.190
63.901 110.754 44.089 39.190
63.246 110.754 44.089 39.190
63.246 110.754 44.089 39.190
62.430 109.665 45.065 40.057
61.760 108.660 45.065 40.057
62.430 110.001 45.065 40.057
61.760 110.336 45.065 40.057
62.766 110.671 45.065 40.057
63.101 110.336 45.065 40.057
61.760 110.001 45.065 40.057
62.430 110.336 45.065 40.057
61.760 110.336 45.065 40.057
63.436 110.336 45.065 40.057
62.095 110.336 45.065 40.057
62.095 111.007 45.065 40.057
62.766 110.336 45.065 40.057
63.772 111.007 45.065 40.057
63.772 110.336 45.065 40.057
63.436 111.007 45.065 40.057
63.436 111.007 45.065 40.057
64.107 111.007 45.065 40.057
64.107 111.677 45.065 40.057
63.772 112.012 45.065 40.057
64.778 112.348 45.065 40.057
64.778 112.683 45.065 40.057
65.113 111.007 45.065 40.057
65.258 111.769 44.104 39.203
66.895 112.424 44.104 39.203
66.568 113.079 44.104 39.203
67.366 113.824 43.163 38.367
68.009 113.824 43.163 38.367
67.687 113.824 43.163 38.367
69.112 114.555 42.243 37.549
68.798 115.182 42.243 37.549
70.053 115.496 42.243 37.549
69.426 115.182 42.243 37.549
69.112 114.869 42.243 37.549
69.112 114.555 42.243 37.549
68.798 113.927 42.243 37.549
68.485 113.927 42.243 37.549
68.171 114.241 42.243 37.549
68.485 113.927 42.243 37.549
68.171 114.869 42.243 37.549
67.543 114.555 42.243 37.549
68.171 114.555 42.243 37.549
67.543 115.496 42.243 37.549
67.076 115.081 43.177 38.380
66.755 115.402 43.177 38.380
66.755 115.081 43.177 38.380
65.790 114.759 43.177 38.380
66.111 115.402 43.177 38.380
66.111 115.081 43.177 38.380
67.537 115.812 42.256 37.561
66.595 115.812 42.256 37.561
66.909 116.125 42.256 37.561
65.968 116.753 42.256 37.561
66.595 116.125 42.256 37.561
66.909 117.066 42.256 37.561
67.360 118.094 41.355 36.760
69.032 117.871 40.473 35.976
69.332 116.671 40.473 35.976
68.432 115.171 40.473 35.976
68.732 115.471 40.473 35.976
69.032 116.071 40.473 35.976
69.932 116.671 40.473 35.976
70.232 116.971 40.473 35.976
69.932 116.971 40.473 35.976
69.632 116.971 40.473 35.976
69.632 116.671 40.473 35.976
69.932 116.371 40.473 35.976
70.232 116.971 40.473 35.976
70.532 116.671 40.473 35.976
69.632 116.371 40.473 35.976
70.232 116.071 40.473 35.976
71.132 114.571 40.473 35.976
70.832 114.271 40.473 35.976
70.832 115.771 40.473 35.976
71.132 115.771 40.473 35.976
71.132 114.871 40.473 35.976
70.832 114.871 40.473 35.976
70.532 114.871 40.473 35.976
69.784 114.773 41.369 36.772
70.400 115.388 41.369 36.772
70.400 115.081 41.369 36.772
70.092 114.773 41.369 36.772
69.476 114.157 41.369 36.772
70.092 113.541 41.369 36.772
69.476 113.233 41.369 36.772
69.169 113.233 41.369 36.772
69.476 114.157 41.369 36.772
69.784 114.157 41.369 36.772
70.092 114.157 41.369 36.772
68.861 114.465 41.369 36.772
68.553 115.388 41.369 36.772
69.784 116.312 41.369 36.772
69.169 116.312 41.369 36.772
68.861 115.081 41.369 36.772
68.245 115.081 41.369 36.772
68.861 115.388 41.369 36.772
68.245 114.773 41.369 36.772
68.553 115.388 41.369 36.772
67.937 115.081 41.369 36.772
67.014 116.004 41.369 36.772
67.321 115.696 41.369 36.772
66.706 115.388 41.369 36.772
67.321 115.081 41.369 36.772
66.398 115.696 41.369 36.772
67.014 115.388 41.369 36.772
66.398 115.388 41.369 36.772
67.014 114.465 41.369 36.772
66.090 115.081 41.369 36.772
65.782 116.004 41.369 36.772
67.321 116.312 41.369 36.772
67.014 115.388 41.369 36.772
66.706 116.004 41.369 36.772
68.553 116.928 41.369 36.772
67.937 117.543 41.369 36.772
68.245 116.312 41.369 36.772
69.169 115.388 41.369 36.772
68.861 114.773 41.369 36.772
69.476 114.465 41.369 36.772
70.092 115.081 41.369 36.772
69.784 115.696 41.369 36.772
70.250 114.982 42.284 37.586
70.250 115.609 42.284 37.586
70.564 115.923 42.284 37.586
70.410 114.880 43.220 38.417
70.088 113.915 43.220 38.417
70.575 114.133 44.176 39.267
70.902 115.443 44.176 39.267
72.212 114.788 44.176 39.267
72.356 114.879 43.234 38.430
72.356 113.914 43.234 38.430
72.677 114.879 43.234 38.430
72.356 115.522 43.234 38.430
73.642 116.165 43.234 38.430
72.677 115.522 43.234 38.430
72.356 115.201 43.234 38.430
73.642 115.201 43.234 38.430
72.677 115.844 43.234 38.430
72.999 115.844 43.234 38.430
73.320 115.844 43.234 38.430
75.711 117.540 42.312 37.611
74.456 116.285 42.312 37.611
74.142 115.030 42.312 37.611
73.515 116.285 42.312 37.611
74.142 117.540 42.312 37.611
74.142 118.481 42.312 37.611
74.142 118.481 42.312 37.611
74.907 118.568 41.410 36.808
73.983 118.260 41.410 36.808
74.599 117.337 41.410 36.808
74.449 116.006 42.326 37.623
74.135 114.751 42.326 37.623
73.508 113.496 42.326 37.623
73.821 111.928 42.326 37.623
74.135 112.555 42.326 37.623
73.194 111.928 42.326 37.623
72.253 112.242 42.326 37.623
72.253 111.300 42.326 37.623
72.253 111.300 42.326 37.623
71.625 110.673 42.326 37.623
73.194 110.673 42.326 37.623
71.939 111.614 42.326 37.623
71.312 110.987 42.326 37.623
71.312 112.242 42.326 37.623
71.625 111.300 42.326 37.623
71.312 111.300 42.326 37.623
70.998 111.928 42.326 37.623
70.684 111.928 42.326 37.623
72.253 111.928 42.326 37.623
70.998 111.614 42.326 37.623
70.370 111.300 42.326 37.623
70.998 110.359 42.326 37.623
70.057 110.987 42.326 37.623
70.684 111.614 42.326 37.623
71.312 110.359 42.326 37.623
70.684 110.673 42.326 37.623
71.312 110.359 42.326 37.623
70.684 110.987 42.326 37.623
71.625 111.928 42.326 37.623
70.998 112.555 42.326 37.623
70.684 111.614 42.326 37.623
71.625 111.300 42.326 37.623
70.684 110.045 42.326 37.623
69.902 111.198 43.262 38.455
69.902 111.198 43.262 38.455
69.902 111.519 43.262 38.455
69.259 111.841 43.262 38.455
69.902 110.555 43.262 38.455
69.259 111.198 43.262 38.455
69.581 111.198 43.262 38.455
69.720 110.965 42.340 37.635
69.089 110.965 42.340 37.635
69.720 110.649 42.340 37.635
68.458 111.912 42.340 37.635
67.826 110.333 42.340 37.635
68.458 109.702 42.340 37.635
67.195 109.386 42.340 37.635
68.142 110.333 42.340 37.635
67.511 110.649 42.340 37.635
67.195 110.018 42.340 37.635
68.142 109.702 42.340 37.635
67.511 109.386 42.340 37.635
66.564 110.649 42.340 37.635
66.248 111.280 42.340 37.635
67.195 110.965 42.340 37.635
66.564 110.965 42.340 37.635
65.616 110.649 42.340 37.635
65.301 111.280 42.340 37.635
66.564 111.280 42.340 37.635
64.985 111.596 42.340 37.635
64.669 112.228 42.340 37.635
64.354 111.912 42.340 37.635
63.722 110.965 42.340 37.635
64.038 111.280 42.340 37.635
64.038 111.912 42.340 37.635
64.038 111.596 42.340 37.635
63.722 112.543 42.340 37.635
63.407 112.859 42.340 37.635
63.091 111.912 42.340 37.635
63.722 112.228 42.340 37.635
63.407 112.543 42.340 37.635
62.307 111.811 43.276 38.468
63.593 113.097 43.276 38.468
62.950 112.776 43.276 38.468
62.950 113.097 43.276 38.468
62.950 113.097 43.276 38.468
62.950 112.776 43.276 38.468
63.272 112.133 43.276 38.468
62.950 111.811 43.276 38.468
62.307 111.811 43.276 38.468
61.985 112.454 43.276 38.468
61.664 112.776 43.276 38.468
61.664 112.776 43.276 38.468
61.664 112.776 43.276 38.468
61.342 113.097 43.276 38.468
61.985 112.133 43.276 38.468
61.021 112.776 43.276 38.468
60.699 112.776 43.276 38.468
60.378 112.776 43.276 38.468
59.734 113.097 43.276 38.468
59.256 112.993 44.234 39.319
59.256 112.664 44.234 39.319
59.256 112.005 44.234 39.319
58.926 111.676 44.234 39.319
58.267 112.005 44.234 39.319
57.938 112.335 44.234 39.319
57.609 113.982 44.234 39.319
58.267 113.982 44.234 39.319
57.938 113.652 44.234 39.319
57.609 112.664 44.234 39.319
57.279 112.005 44.234 39.319
56.620 112.993 44.234 39.319
57.609 112.993 44.234 39.319
56.950 112.664 44.234 39.319
55.962 112.005 44.234 39.319
56.291 112.335 44.234 39.319
56.291 112.993 44.234 39.319
56.620 112.993 44.234 39.319
56.291 113.652 44.234 39.319
56.620 113.652 44.234 39.319
57.279 113.652 44.234 39.319
56.950 113.323 44.234 39.319
56.950 113.982 44.234 39.319
57.279 113.982 44.234 39.319
57.279 114.311 44.234 39.319
57.279 114.311 44.234 39.319
58.267 114.641 44.234 39.319
57.609 113.652 44.234 39.319
57.938 113.323 44.234 39.319
57.609 114.641 44.234 39.319
57.938 114.641 44.234 39.319
58.410 115.719 43.291 38.480
58.731 115.397 43.291 38.480
59.696 115.075 43.291 38.480
59.696 115.075 43.291 38.480
59.374 115.075 43.291 38.480
59.053 115.397 43.291 38.480
59.374 115.719 43.291 38.480
59.053 115.397 43.291 38.480
58.731 115.719 43.291 38.480
58.410 116.040 43.291 38.480
57.609 114.650 44.248 39.332
57.609 114.650 44.248 39.332
58.268 114.650 44.248 39.332
57.609 113.991 44.248 39.332
58.597 114.650 44.248 39.332
57.939 114.320 44.248 39.332
58.268 114.979 44.248 39.332
58.268 114.650 44.248 39.332
58.597 114.320 44.248 39.332
58.268 113.991 44.248 39.332
58.268 113.332 44.248 39.332
58.597 113.332 44.248 39.332
58.927 114.979 44.248 39.332
58.597 114.650 44.248 39.332
59.256 113.991 44.248 39.332
58.597 113.332 44.248 39.332
60.244 113.332 44.248 39.332
59.586 113.662 44.248 39.332
60.903 113.662 44.248 39.332
59.915 114.320 44.248 39.332
59.586 114.979 44.248 39.332
60.244 114.650 44.248 39.332
59.915 114.320 44.248 39.332
59.586 113.991 44.248 39.332
60.903 114.979 44.248 39.332
60.244 115.309 44.248 39.332
60.903 115.967 44.248 39.332
61.375 116.057 43.305 38.493
61.697 115.736 43.305 38.493
61.697 116.057 43.305 38.493
62.018 115.736 43.305 38.493
63.123 116.789 42.381 37.672
63.439 116.789 42.381 37.672
63.123 116.789 42.381 37.672
64.070 116.789 42.381 37.672
64.702 116.474 42.381 37.672
64.702 117.736 42.381 37.672
65.469 118.138 41.477 36.869
66.085 117.522 41.477 36.869
66.527 117.608 40.593 36.083
68.037 117.004 40.593 36.083
68.470 116.483 39.727 35.313
68.766 117.371 39.727 35.313
69.358 118.259 39.727 35.313
70.966 119.820 38.880 34.560
71.542 118.091 38.880 34.560
72.119 118.091 38.880 34.560
72.119 118.955 38.880 34.560
72.822 120.477 38.051 33.823
74.516 120.759 38.051 33.823
74.798 121.324 38.051 33.823
75.363 120.759 38.051 33.823
75.645 121.041 38.051 33.823
76.492 121.606 38.051 33.823
77.057 120.759 38.051 33.823
77.339 120.194 38.051 33.823
78.751 118.783 38.051 33.823
79.316 119.065 38.051 33.823
79.033 118.500 38.051 33.823
79.033 118.218 38.051 33.823
79.598 118.500 38.051 33.823
80.727 119.065 38.051 33.823
81.292 119.912 38.051 33.823
81.857 120.194 38.051 33.823
82.422 119.912 38.051 33.823
82.704 121.041 38.051 33.823
83.551 121.606 38.051 33.823
84.116 121.606 38.051 33.823
84.116 120.477 38.051 33.823
84.680 119.630 38.051 33.823
85.810 119.347 38.051 33.823
86.939 118.783 38.051 33.823
87.504 119.065 38.051 33.823
87.786 119.912 38.051 33.823
88.916 119.912 38.051 33.823
89.763 120.477 38.051 33.823
89.763 119.630 38.051 33.823
90.892 119.630 38.051 33.823
91.739 120.194 38.051 33.823
92.586 119.347 38.051 33.823
93.151 119.065 38.051 33.823
92.869 118.218 38.051 33.823
94.563 116.241 38.051 33.823
94.845 115.959 38.051 33.823
95.410 117.653 38.051 33.823
95.692 118.218 38.051 33.823
96.539 118.218 38.051 33.823
97.386 118.783 38.051 33.823
97.669 119.912 38.051 33.823
98.516 120.477 38.051 33.823
99.080 120.759 38.051 33.823
99.080 121.041 38.051 33.823
99.363 121.041 38.051 33.823
100.210 121.041 38.051 33.823
100.210 120.477 38.051 33.823
100.775 119.912 38.051 33.823
101.622 120.759 38.051 33.823
101.622 122.171 38.051 33.823
101.904 121.888 38.051 33.823
102.469 121.606 38.051 33.823
102.469 121.041 38.051 33.823
102.186 121.888 38.051 33.823
101.904 122.453 38.051 33.823
102.469 122.171 38.051 33.823
102.186 120.194 38.051 33.823
102.592 118.861 37.240 33.102
102.592 118.861 37.240 33.102
102.592 118.861 37.240 33.102
102.316 118.861 37.240 33.102
102.868 117.755 37.240 33.102
102.592 117.202 37.240 33.102
102.316 118.861 37.240 33.102
102.592 118.584 37.240 33.102
101.763 118.584 37.240 33.102
101.486 119.690 37.240 33.102
101.210 119.967 37.240 33.102
101.210 119.414 37.240 33.102
101.486 120.520 37.240 33.102
100.933 126.602 37.240 33.102
101.210 124.390 37.240 33.102
100.933 125.496 37.240 33.102
100.380 122.731 37.240 33.102
100.380 118.308 37.240 33.102
99.827 117.755 37.240 33.102
98.998 118.308 37.240 33.102
98.998 119.690 37.240 33.102
98.998 118.308 37.240 33.102
98.721 118.584 37.240 33.102
99.118 118.661 36.445 32.396
98.848 117.849 36.445 32.396
98.848 117.037 36.445 32.396
98.848 117.849 36.445 32.396
98.848 117.849 36.445 32.396
98.848 117.579 36.445 32.396
98.577 117.037 36.445 32.396
98.307 117.849 36.445 32.396
97.766 117.308 36.445 32.396
97.766 116.496 36.445 32.396
98.036 116.496 36.445 32.396
98.036 116.496 36.445 32.396
97.766 117.849 36.445 32.396
97.495 118.390 36.445 32.396
96.954 118.120 36.445 32.396
97.495 118.120 36.445 32.396
96.954 117.849 36.445 32.396
97.495 117.849 36.445 32.396
96.954 118.390 36.445 32.396
97.224 118.390 36.445 32.396
97.495 118.120 36.445 32.396
96.954 119.202 36.445 32.396
96.954 120.014 36.445 32.396
97.224 120.014 36.445 32.396
97.495 118.931 36.445 32.396
96.142 118.931 36.445 32.396
96.683 118.661 36.445 32.396
97.224 118.661 36.445 32.396
97.224 119.202 36.445 32.396
97.224 119.743 36.445 32.396
97.224 119.473 36.445 32.396
97.495 119.473 36.445 32.396
96.280 118.844 37.252 33.113
96.280 119.673 37.252 33.113
96.556 119.950 37.252 33.113
96.556 118.291 37.252 33.113
96.556 118.844 37.252 33.113
96.556 118.844 37.252 33.113
96.556 118.844 37.252 33.113
96.556 118.014 37.252 33.113
96.556 118.014 37.252 33.113
96.833 117.461 37.252 33.113
96.833 118.291 37.252 33.113
97.386 118.014 37.252 33.113
97.109 118.291 37.252 33.113
96.833 118.567 37.252 33.113
97.939 119.120 37.252 33.113
97.109 118.567 37.252 33.113
97.386 119.120 37.252 33.113
97.662 118.844 37.252 33.113
98.215 118.844 37.252 33.113
98.215 118.567 37.252 33.113
98.215 116.908 37.252 33.113
98.492 117.738 37.252 33.113
99.321 117.461 37.252 33.113
99.598 117.461 37.252 33.113
100.151 118.291 37.252 33.113
100.151 118.291 37.252 33.113
100.704 118.291 37.252 33.113
101.256 118.291 37.252 33.113
101.533 117.738 37.252 33.113
101.809 118.567 37.252 33.113
102.362 118.014 37.252 33.113
101.674 117.095 38.076 33.845
101.956 116.813 38.076 33.845
102.239 117.095 38.076 33.845
101.956 116.813 38.076 33.845
102.803 117.095 38.076 33.845
102.803 116.813 38.076 33.845
103.086 117.942 38.076 33.845
102.521 118.224 38.076 33.845
102.803 117.377 38.076 33.845
103.368 117.942 38.076 33.845
102.803 118.789 38.076 33.845
103.368 119.354 38.076 33.845
103.086 119.071 38.076 33.845
103.086 119.354 38.076 33.845
102.382 116.721 38.918 34.594
102.382 117.591 38.918 34.594
102.672 117.591 38.918 34.594
102.962 118.462 38.918 34.594
103.543 118.462 38.918 34.594
103.543 118.172 38.918 34.594
103.543 118.462 38.918 34.594
103.543 117.011 38.918 34.594
104.123 117.591 38.918 34.594
103.833 117.011 38.918 34.594
104.413 117.881 38.918 34.594
104.413 117.881 38.918 34.594
104.413 118.172 38.918 34.594
104.123 118.752 38.918 34.594
104.413 119.042 38.918 34.594
104.413 119.332 38.918 34.594
104.413 118.172 38.918 34.594
104.704 119.042 38.918 34.594
105.284 119.332 38.918 34.594
104.273 118.369 39.779 35.359
104.273 118.369 39.779 35.359
104.273 117.481 39.779 35.359
104.273 117.777 39.779 35.359
104.569 118.369 39.779 35.359
105.161 118.369 39.779 35.359
104.865 119.258 39.779 35.359
105.457 119.258 39.779 35.359
105.457 119.258 39.779 35.359
105.457 118.665 39.779 35.359
105.161 117.481 39.779 35.359
105.457 117.777 39.779 35.359
105.161 118.961 39.779 35.359
105.161 118.961 39.779 35.359
104.865 118.665 39.779 35.359
104.721 117.682 40.660 36.142
104.419 117.984 40.660 36.142
104.721 117.984 40.660 36.142
103.667 116.376 41.559 36.941
104.287 116.996 41.559 36.941
104.287 117.616 41.559 36.941
104.597 116.996 41.559 36.941
103.977 117.306 41.559 36.941
103.208 115.968 42.479 37.759
103.523 116.283 42.479 37.759
102.422 115.550 43.418 38.594
101.618 114.476 44.379 39.448
101.289 114.147 44.379 39.448
101.618 115.135 44.379 39.448
101.289 115.464 44.379 39.448
101.289 116.123 44.379 39.448
101.618 114.805 44.379 39.448
101.289 114.805 44.379 39.448
101.618 114.805 44.379 39.448
100.959 114.805 44.379 39.448
101.289 114.805 44.379 39.448
101.618 114.147 44.379 39.448
100.630 114.147 44.379 39.448
100.630 114.476 44.379 39.448
100.301 114.476 44.379 39.448
100.630 114.805 44.379 39.448
99.971 114.805 44.379 39.448
100.301 115.135 44.379 39.448
100.301 115.135 44.379 39.448
100.301 114.476 44.379 39.448
100.301 114.805 44.379 39.448
99.971 115.464 44.379 39.448
99.971 115.794 44.379 39.448
99.312 115.135 44.379 39.448
98.983 114.805 44.379 39.448
99.312 114.805 44.379 39.448
98.983 114.805 44.379 39.448
99.312 115.464 44.379 39.448
98.654 115.135 44.379 39.448
98.983 115.135 44.379 39.448
98.983 115.135 44.379 39.448
99.312 115.794 44.379 39.448
98.654 115.794 44.379 39.448
98.654 116.452 44.379 39.448
98.324 118.099 44.379 39.448
98.324 118.099 44.379 39.448
98.324 118.429 44.379 39.448
98.654 119.417 44.379 39.448
98.654 119.417 44.379 39.448
98.983 118.758 44.379 39.448
99.312 118.758 44.379 39.448
98.654 118.758 44.379 39.448
98.654 118.758 44.379 39.448
98.324 119.747 44.379 39.448
97.995 120.405 44.379 39.448
98.654 120.076 44.379 39.448
97.995 120.076 44.379 39.448
98.654 120.076 44.379 39.448
98.654 119.747 44.379 39.448
97.995 119.747 44.379 39.448
98.324 119.088 44.379 39.448
97.995 118.758 44.379 39.448
98.324 118.758 44.379 39.448
97.995 119.417 44.379 39.448
98.324 119.417 44.379 39.448
97.995 119.747 44.379 39.448
98.324 120.076 44.379 39.448
97.995 119.417 44.379 39.448
98.324 119.088 44.379 39.448
97.995 120.076 44.379 39.448
98.324 120.076 44.379 39.448
97.665 120.076 44.379 39.448
97.995 119.747 44.379 39.448
98.324 120.076 44.379 39.448
97.665 119.747 44.379 39.448
98.324 120.405 44.379 39.448
97.007 120.405 44.379 39.448
97.665 120.076 44.379 39.448
97.665 120.076 44.379 39.448
97.336 119.747 44.379 39.448
97.336 120.076 44.379 39.448
96.677 119.747 44.379 39.448
97.995 120.405 44.379 39.448
97.007 120.405 44.379 39.448
97.336 120.405 44.379 39.448
96.348 120.405 44.379 39.448
96.348 120.076 44.379 39.448
96.018 120.076 44.379 39.448
96.677 120.076 44.379 39.448
96.348 119.747 44.379 39.448
95.359 120.076 44.379 39.448
95.689 119.747 44.379 39.448
95.359 119.747 44.379 39.448
95.030 119.747 44.379 39.448
96.018 119.747 44.379 39.448
96.018 120.076 44.379 39.448
95.689 120.076 44.379 39.448
96.018 118.758 44.379 39.448
96.018 119.088 44.379 39.448
95.359 119.417 44.379 39.448
95.030 119.747 44.379 39.448
95.030 119.747 44.379 39.448
95.030 120.076 44.379 39.448
95.030 120.076 44.379 39.448
93.551 119.310 45.361 40.321
93.888 119.310 45.361 40.321
93.888 119.647 45.361 40.321
93.551 118.973 45.361 40.321
92.876 119.310 45.361 40.321
94.225 119.647 45.361 40.321
94.225 120.322 45.361 40.321
94.225 120.996 45.361 40.321
94.225 120.659 45.361 40.321
92.712 119.876 46.365 41.213
92.544 118.730 47.390 42.125
92.897 119.083 47.390 42.125
92.726 117.911 48.439 43.057
93.086 118.272 48.439 43.057
93.086 116.468 48.439 43.057
93.808 115.746 48.439 43.057
93.447 116.107 48.439 43.057
93.447 117.189 48.439 43.057
94.169 117.189 48.439 43.057
95.251 117.189 48.439 43.057
95.251 118.272 48.439 43.057
95.612 117.911 48.439 43.057
95.251 118.272 48.439 43.057
95.973 117.550 48.439 43.057
96.333 117.550 48.439 43.057
95.076 115.991 49.511 44.009
95.813 115.991 49.511 44.009
96.182 116.360 49.511 44.009
96.551 117.097 49.511 44.009
98.025 117.466 49.511 44.009
98.025 118.203 49.511 44.009
98.394 117.097 49.511 44.009
99.500 116.729 49.511 44.009
100.237 116.729 49.511 44.009
100.237 116.729 49.511 44.009
100.974 116.360 49.511 44.009
100.974 115.991 49.511 44.009
100.974 116.729 49.511 44.009
101.711 115.991 49.511 44.009
102.817 116.729 49.511 44.009
101.711 115.991 49.511 44.009
102.817 117.097 49.511 44.009
102.449 117.097 49.511 44.009
103.923 117.097 49.511 44.009
102.817 115.991 49.511 44.009
103.554 116.360 49.511 44.009
103.375 116.610 50.606 44.983
103.375 116.610 50.606 44.983
104.505 116.234 50.606 44.983
103.569 114.983 51.726 45.978
104.721 116.136 51.726 45.978
104.337 116.521 51.726 45.978
105.106 115.368 51.726 45.978
105.106 116.136 51.726 45.978
105.490 116.136 51.726 45.978
105.874 115.752 51.726 45.978
106.259 115.752 51.726 45.978
107.027 115.752 51.726 45.978
107.412 115.368 51.726 45.978
107.796 116.905 51.726 45.978
107.412 116.521 51.726 45.978
108.180 115.368 51.726 45.978
107.796 117.674 51.726 45.978
108.565 118.442 51.726 45.978
108.949 119.211 51.726 45.978
108.949 119.211 51.726 45.978
108.565 118.058 51.726 45.978
109.718 118.826 51.726 45.978
108.565 118.058 51.726 45.978
110.102 118.442 51.726 45.978
109.718 117.674 51.726 45.978
109.718 116.905 51.726 45.978
109.718 117.289 51.726 45.978
109.718 116.521 51.726 45.978
110.102 114.983 51.726 45.978
110.486 114.983 51.726 45.978
110.870 114.599 51.726 45.978
109.333 114.215 51.726 45.978
110.102 114.983 51.726 45.978
109.718 115.368 51.726 45.978
109.718 116.521 51.726 45.978
108.949 115.368 51.726 45.978
109.333 116.905 51.726 45.978
109.718 116.905 51.726 45.978
108.180 118.058 51.726 45.978
108.949 118.826 51.726 45.978
108.180 118.058 51.726 45.978
107.412 118.442 51.726 45.978
108.180 117.674 51.726 45.978
107.412 116.905 51.726 45.978
106.643 117.289 51.726 45.978
105.106 116.136 51.726 45.978
104.149 114.859 52.870 46.996
105.718 115.643 52.870 46.996
104.541 114.859 52.870 46.996
105.718 116.035 52.870 46.996
104.149 116.035 52.870 46.996
104.541 116.820 52.870 46.996
103.564 115.908 54.040 48.035
102.760 116.310 54.040 48.035
103.162 115.506 54.040 48.035
104.368 114.300 54.040 48.035
104.368 115.506 54.040 48.035
104.368 114.300 54.040 48.035
104.770 114.702 54.040 48.035
103.564 113.898 54.040 48.035
103.966 114.702 54.040 48.035
105.172 114.702 54.040 48.035
105.574 114.300 54.040 48.035
104.770 114.300 54.040 48.035
105.172 114.300 54.040 48.035
106.780 114.300 54.040 48.035
106.378 115.104 54.040 48.035
107.182 114.300 54.040 48.035
107.986 114.300 54.040 48.035
107.182 114.702 54.040 48.035
108.388 115.104 54.040 48.035
107.986 117.114 54.040 48.035
108.790 118.721 54.040 48.035
106.986 116.984 55.236 49.098
107.806 115.755 55.236 49.098
109.035 116.574 55.236 49.098
107.806 114.525 55.236 49.098
109.445 112.886 55.236 49.098
108.625 112.067 55.236 49.098
109.035 110.427 55.236 49.098
108.216 110.837 55.236 49.098
108.216 111.657 55.236 49.098
109.035 110.837 55.236 49.098
109.445 111.657 55.236 49.098
109.445 112.067 55.236 49.098
110.265 111.657 55.236 49.098
109.855 112.886 55.236 49.098
110.265 113.296 55.236 49.098
109.445 112.476 55.236 49.098
110.265 112.886 55.236 49.098
109.445 113.296 55.236 49.098
109.445 113.296 55.236 49.098
109.035 114.116 55.236 49.098
109.035 114.116 55.236 49.098
109.035 113.296 55.236 49.098
108.625 112.886 55.236 49.098
109.855 112.886 55.236 49.098
109.445 113.296 55.236 49.098
109.035 112.067 55.236 49.098
108.625 110.837 55.236 49.098
109.035 111.247 55.236 49.098
107.806 110.837 55.236 49.098
107.806 111.657 55.236 49.098
107.806 110.837 55.236 49.098
107.396 110.427 55.236 49.098
106.986 110.427 55.236 49.098
105.757 110.427 55.236 49.098
105.757 111.247 55.236 49.098
105.347 111.657 55.236 49.098
104.527 112.476 55.236 49.098
104.527 113.706 55.236 49.098
104.118 114.935 55.236 49.098
103.298 115.755 55.236 49.098
102.888 114.935 55.236 49.098
102.888 114.525 55.236 49.098
102.478 113.706 55.236 49.098
102.478 114.525 55.236 49.098
102.888 114.116 55.236 49.098
101.659 112.476 55.236 49.098
102.069 112.886 55.236 49.098
101.249 113.706 55.236 49.098
100.839 114.116 55.236 49.098
101.659 113.296 55.236 49.098
101.249 114.116 55.236 49.098
100.839 114.935 55.236 49.098
101.249 116.165 55.236 49.098
100.839 115.345 55.236 49.098
101.249 116.574 55.236 49.098
100.429 116.574 55.236 49.098
100.839 115.755 55.236 49.098
100.839 115.755 55.236 49.098
101.249 115.345 55.236 49.098
100.429 113.296 55.236 49.098
100.429 113.706 55.236 49.098
100.019 114.525 55.236 49.098
100.019 115.755 55.236 49.098
100.429 116.574 55.236 49.098
100.429 116.574 55.236 49.098
100.839 116.574 55.236 49.098
101.249 117.394 55.236 49.098
101.249 116.574 55.236 49.098
101.249 116.165 55.236 49.098
101.249 115.755 55.236 49.098
100.839 115.755 55.236 49.098
101.659 115.755 55.236 49.098
101.659 115.755 55.236 49.098
101.659 115.755 55.236 49.098
101.249 116.574 55.236 49.098
101.249 116.574 55.236 49.098
101.249 115.755 55.236 49.098
101.249 115.345 55.236 49.098
100.839 115.345 55.236 49.098
101.249 116.165 55.236 49.098
100.429 116.984 55.236 49.098
100.839 116.984 55.236 49.098
101.249 116.574 55.236 49.098
100.839 116.984 55.236 49.098
101.249 116.165 55.236 49.098
100.839 116.984 55.236 49.098
101.249 116.574 55.236 49.098
100.839 117.394 55.236 49.098
101.249 116.574 55.236 49.098
100.839 116.165 55.236 49.098
100.839 114.525 55.236 49.098
100.839 115.755 55.236 49.098
100.429 116.165 55.236 49.098
100.429 115.755 55.236 49.098
100.019 116.165 55.236 49.098
99.610 115.345 55.236 49.098
100.019 114.935 55.236 49.098
99.200 116.574 55.236 49.098
99.200 116.165 55.236 49.098
99.200 115.345 55.236 49.098
98.790 115.755 55.236 49.098
99.200 116.165 55.236 49.098
99.200 115.755 55.236 49.098
98.790 115.755 55.236 49.098
98.790 116.165 55.236 49.098
99.200 115.345 55.236 49.098
98.380 115.755 55.236 49.098
98.969 116.688 54.058 48.051
98.969 115.884 54.058 48.051
98.567 115.884 54.058 48.051
98.165 116.688 54.058 48.051
98.567 116.286 54.058 48.051
97.763 115.884 54.058 48.051
97.763 115.482 54.058 48.051
98.340 116.397 52.905 47.027
98.734 117.185 52.905 47.027
98.340 116.791 52.905 47.027
98.734 116.397 52.905 47.027
98.340 116.791 52.905 47.027
98.340 116.002 52.905 47.027
98.904 116.898 51.777 46.024
99.288 116.898 51.777 46.024
98.520 117.282 51.777 46.024
98.904 116.898 51.777 46.024
99.288 117.282 51.777 46.024
99.288 116.514 51.777 46.024
98.904 116.514 51.777 46.024
99.672 118.051 51.777 46.024
99.672 117.667 51.777 46.024
99.672 117.282 51.777 46.024
100.057 116.514 51.777 46.024
100.441 116.129 51.777 46.024
100.057 115.745 51.777 46.024
100.825 117.282 51.777 46.024
100.825 117.282 51.777 46.024
100.825 117.282 51.777 46.024
101.210 117.282 51.777 46.024
100.825 117.282 51.777 46.024
101.594 117.282 51.777 46.024
102.146 117.389 50.672 45.042
104.569 118.245 49.592 44.082
103.832 117.140 49.592 44.082
103.623 117.610 48.534 43.142
105.223 118.070 47.499 42.222
105.576 118.775 47.499 42.222
106.282 118.775 47.499 42.222
104.697 116.897 48.550 43.156
105.419 117.257 48.550 43.156
105.780 116.536 48.550 43.156
106.141 116.897 48.550 43.156
107.223 117.618 48.550 43.156
107.584 118.340 48.550 43.156
107.584 117.618 48.550 43.156
107.945 117.979 48.550 43.156
108.666 116.897 48.550 43.156
108.666 117.979 48.550 43.156
108.305 117.979 48.550 43.156
108.305 117.257 48.550 43.156
109.027 117.618 48.550 43.156
110.109 117.618 48.550 43.156
109.748 116.536 48.550 43.156
110.109 117.618 48.550 43.156
110.470 117.618 48.550 43.156
110.470 117.618 48.550 43.156
110.109 117.618 48.550 43.156
111.192 117.618 48.550 43.156
111.192 118.340 48.550 43.156
111.192 118.701 48.550 43.156
111.552 119.422 48.550 43.156
111.709 119.161 47.515 42.235
112.415 120.220 47.515 42.235
112.062 119.867 47.515 42.235
111.709 119.514 47.515 42.235
111.537 119.046 48.566 43.170
111.176 118.325 48.566 43.170
112.258 118.686 48.566 43.170
111.694 119.868 47.530 42.249
112.752 119.515 47.530 42.249
111.694 119.515 47.530 42.249
112.399 120.220 47.530 42.249
112.047 120.220 47.530 42.249
111.694 120.220 47.530 42.249
112.752 119.868 47.530 42.249
112.047 119.515 47.530 42.249
112.047 118.456 47.530 42.249
111.694 119.515 47.530 42.249
112.399 119.162 47.530 42.249
112.399 120.220 47.530 42.249
112.047 119.868 47.530 42.249
111.341 119.162 47.530 42.249
111.694 119.162 47.530 42.249
112.047 119.162 47.530 42.249
111.694 119.868 47.530 42.249
112.047 119.162 47.530 42.249
111.341 119.868 47.530 42.249
110.988 119.868 47.530 42.249
110.635 120.220 47.530 42.249
110.988 119.868 47.530 42.249
109.929 118.456 47.530 42.249
109.576 117.044 47.530 42.249
109.929 117.750 47.530 42.249
109.929 117.750 47.530 42.249
109.223 117.750 47.530 42.249
109.576 117.397 47.530 42.249
109.576 116.691 47.530 42.249
109.576 117.397 47.530 42.249
108.870 116.338 47.530 42.249
108.164 116.691 47.530 42.249
108.517 117.044 47.530 42.249
108.870 117.044 47.530 42.249
108.164 116.338 47.530 42.249
108.164 116.691 47.530 42.249
107.811 116.691 47.530 42.249
107.458 116.338 47.530 42.249
107.811 117.044 47.530 42.249
107.105 115.985 47.530 42.249
107.458 115.632 47.530 42.249
107.811 115.279 47.530 42.249
107.105 115.632 47.530 42.249
107.105 114.573 47.530 42.249
107.458 114.220 47.530 42.249
107.811 114.220 47.530 42.249
107.105 114.573 47.530 42.249
107.105 113.162 47.530 42.249
106.752 114.220 47.530 42.249
106.752 114.220 47.530 42.249
106.047 113.515 47.530 42.249
106.399 113.162 47.530 42.249
106.399 112.809 47.530 42.249
106.752 113.868 47.530 42.249
105.694 114.573 47.530 42.249
107.105 113.868 47.530 42.249
106.047 114.220 47.530 42.249
106.047 113.868 47.530 42.249
106.047 113.515 47.530 42.249
106.047 112.809 47.530 42.249
105.694 112.456 47.530 42.249
106.399 111.397 47.530 42.249
106.047 111.044 47.530 42.249
105.341 110.691 47.530 42.249
105.694 111.044 47.530 42.249
105.341 111.397 47.530 42.249
104.988 111.044 47.530 42.249
104.635 111.750 47.530 42.249
104.635 110.691 47.530 42.249
104.282 111.397 47.530 42.249
103.576 111.044 47.530 42.249
103.576 112.103 47.530 42.249
102.870 111.397 47.530 42.249
102.517 111.397 47.530 42.249
102.870 112.103 47.530 42.249
101.811 113.162 47.530 42.249
101.105 114.220 47.530 42.249
101.105 114.573 47.530 42.249
101.105 114.220 47.530 42.249
100.752 115.279 47.530 42.249
99.694 116.338 47.530 42.249
100.399 117.044 47.530 42.249
100.047 118.103 47.530 42.249
99.341 118.103 47.530 42.249
98.635 118.456 47.530 42.249
98.635 118.103 47.530 42.249
98.635 119.162 47.530 42.249
97.929 119.515 47.530 42.249
97.223 119.868 47.530 42.249
96.517 119.868 47.530 42.249
96.870 119.162 47.530 42.249
95.811 120.220 47.530 42.249
95.105 120.220 47.530 42.249
94.752 119.515 47.530 42.249
94.047 118.456 47.530 42.249
94.399 119.162 47.530 42.249
94.047 118.809 47.530 42.249
93.694 118.809 47.530 42.249
93.694 118.809 47.530 42.249
93.341 118.456 47.530 42.249
92.988 118.103 47.530 42.249
91.929 117.044 47.530 42.249
92.282 116.691 47.530 42.249
91.929 115.632 47.530 42.249
91.223 115.632 47.530 42.249
91.576 114.926 47.530 42.249
91.576 114.573 47.530 42.249
90.870 113.868 47.530 42.249
90.870 114.573 47.530 42.249
89.811 114.220 47.530 42.249
89.458 114.220 47.530 42.249
90.517 114.220 47.530 42.249
90.164 113.868 47.530 42.249
90.164 113.515 47.530 42.249
89.458 113.515 47.530 42.249
89.811 114.220 47.530 42.249
88.752 114.926 47.530 42.249
88.047 114.573 47.530 42.249
88.752 113.515 47.530 42.249
88.047 113.515 47.530 42.249
88.399 114.220 47.530 42.249
88.399 114.926 47.530 42.249
88.047 114.573 47.530 42.249
87.341 113.515 47.530 42.249
87.341 114.220 47.530 42.249
87.341 115.279 47.530 42.249
87.341 114.573 47.530 42.249
87.341 113.515 47.530 42.249
86.635 113.162 47.530 42.249
86.988 112.809 47.530 42.249
87.495 113.612 46.517 41.348
87.495 114.302 46.517 41.348
86.804 113.267 46.517 41.348
86.804 113.267 46.517 41.348
86.804 112.922 46.517 41.348
87.149 112.922 46.517 41.348
87.149 113.267 46.517 41.348
87.149 114.302 46.517 41.348
86.459 114.647 46.517 41.348
86.114 114.993 46.517 41.348
86.459 113.957 46.517 41.348
85.424 113.612 46.517 41.348
85.769 114.647 46.517 41.348
86.804 115.338 46.517 41.348
84.564 113.155 47.546 42.263
85.623 114.214 47.546 42.263
85.270 113.861 47.546 42.263
85.270 113.861 47.546 42.263
85.270 114.214 47.546 42.263
85.623 114.566 47.546 42.263
85.270 114.566 47.546 42.263
85.270 115.272 47.546 42.263
85.976 116.331 47.546 42.263
85.270 116.331 47.546 42.263
85.623 117.390 47.546 42.263
86.682 116.684 47.546 42.263
86.682 116.331 47.546 42.263
86.329 116.331 47.546 42.263
86.682 117.037 47.546 42.263
87.388 116.684 47.546 42.263
87.035 116.331 47.546 42.263
86.329 117.743 47.546 42.263
85.450 115.864 48.598 43.198
85.089 116.585 48.598 43.198
86.172 117.307 48.598 43.198
86.172 116.585 48.598 43.198
85.811 116.585 48.598 43.198
85.450 116.585 48.598 43.198
85.089 116.946 48.598 43.198
85.089 115.503 48.598 43.198
84.728 116.585 48.598 43.198
84.368 116.946 48.598 43.198
84.728 116.585 48.598 43.198
84.728 116.946 48.598 43.198
84.728 116.224 48.598 43.198
84.368 116.585 48.598 43.198
84.007 116.585 48.598 43.198
83.469 116.107 49.673 44.154
83.469 116.476 49.673 44.154
83.838 116.107 49.673 44.154
83.101 116.476 49.673 44.154
83.469 116.476 49.673 44.154
83.469 116.476 49.673 44.154
83.469 116.107 49.673 44.154
83.101 116.476 49.673 44.154
83.101 115.370 49.673 44.154
82.732 115.001 49.673 44.154
83.101 115.001 49.673 44.154
82.732 115.001 49.673 44.154
82.732 115.001 49.673 44.154
81.814 114.513 50.772 45.131
82.190 114.513 50.772 45.131
82.567 114.513 50.772 45.131
81.252 114.390 51.896 46.129
80.866 114.390 51.896 46.129
81.638 114.004 51.896 46.129
80.866 113.231 51.896 46.129
81.638 113.231 51.896 46.129
82.025 112.459 51.896 46.129
81.638 111.686 51.896 46.129
80.866 111.686 51.896 46.129
80.480 112.073 51.896 46.129
80.866 112.073 51.896 46.129
81.252 112.073 51.896 46.129
80.866 111.686 51.896 46.129
81.252 112.073 51.896 46.129
80.866 111.686 51.896 46.129
81.252 112.845 51.896 46.129
80.480 112.073 51.896 46.129
80.866 111.300 51.896 46.129
81.252 111.300 51.896 46.129
80.480 111.300 51.896 46.129
80.866 112.459 51.896 46.129
81.252 112.073 51.896 46.129
80.093 112.073 51.896 46.129
80.480 112.845 51.896 46.129
80.480 113.231 51.896 46.129
79.906 111.949 53.044 47.150
81.088 111.949 53.044 47.150
80.300 112.343 53.044 47.150
79.906 112.737 53.044 47.150
81.482 112.343 53.044 47.150
81.088 111.949 53.044 47.150
81.088 110.766 53.044 47.150
80.694 112.343 53.044 47.150
81.088 111.949 53.044 47.150
80.300 111.160 53.044 47.150
80.300 110.372 53.044 47.150
80.471 111.269 51.913 46.145
80.085 111.655 51.913 46.145
79.699 112.428 51.913 46.145
80.085 111.655 51.913 46.145
78.926 111.655 51.913 46.145
79.699 112.041 51.913 46.145
79.312 111.269 51.913 46.145
78.540 112.041 51.913 46.145
78.154 110.496 51.913 46.145
77.381 111.269 51.913 46.145
76.995 111.269 51.913 46.145
78.154 111.269 51.913 46.145
76.995 110.496 51.913 46.145
76.222 110.883 51.913 46.145
75.450 111.269 51.913 46.145
75.836 110.883 51.913 46.145
75.450 112.041 51.913 46.145
75.063 111.655 51.913 46.145
74.291 112.428 51.913 46.145
73.905 113.200 51.913 46.145
74.291 111.655 51.913 46.145
73.905 111.269 51.913 46.145
73.905 112.041 51.913 46.145
73.905 112.041 51.913 46.145
73.905 111.655 51.913 46.145
73.132 111.655 51.913 46.145
72.359 111.655 51.913 46.145
71.587 112.041 51.913 46.145
71.587 111.269 51.913 46.145
71.587 111.655 51.913 46.145
71.201 112.041 51.913 46.145
70.042 112.041 51.913 46.145
70.042 111.269 51.913 46.145
70.428 110.883 51.913 46.145
68.497 112.041 51.913 46.145
68.110 111.655 51.913 46.145
67.338 112.041 51.913 46.145
66.952 112.041 51.913 46.145
66.565 111.269 51.913 46.145
66.179 112.428 51.913 46.145
65.020 112.814 51.913 46.145
65.020 112.814 51.913 46.145
64.634 113.200 51.913 46.145
63.861 112.428 51.913 46.145
63.089 112.814 51.913 46.145
61.544 112.814 51.913 46.145
61.157 113.200 51.913 46.145
60.385 113.200 51.913 46.145
59.999 113.587 51.913 46.145
59.612 113.973 51.913 46.145
58.454 113.587 51.913 46.145
58.067 113.973 51.913 46.145
56.522 113.587 51.913 46.145
56.136 113.973 51.913 46.145
54.977 112.428 51.913 46.145
54.591 113.200 51.913 46.145
53.818 113.587 51.913 46.145
53.046 113.200 51.913 46.145
51.114 113.200 51.913 46.145
50.342 113.200 51.913 46.145
49.569 112.041 51.913 46.145
48.797 112.041 51.913 46.145
48.024 112.041 51.913 46.145
47.638 112.041 51.913 46.145
45.706 112.428 51.913 46.145
44.934 112.814 51.913 46.145
44.161 112.428 51.913 46.145
42.230 112.428 51.913 46.145
41.071 113.200 51.913 46.145
39.912 113.587 51.913 46.145
39.526 113.200 51.913 46.145
37.981 113.200 51.913 46.145
37.208 112.428 51.913 46.145
34.891 112.814 51.913 46.145
34.118 114.359 51.913 46.145
32.959 113.973 51.913 46.145
32.187 113.587 51.913 46.145
30.255 113.973 51.913 46.145
29.097 113.200 51.913 46.145
27.938 113.200 51.913 46.145
27.938 112.814 51.913 46.145
26.006 113.200 51.913 46.145
25.234 112.041 51.913 46.145
22.916 111.655 51.913 46.145
22.144 112.428 51.913 46.145
20.599 112.814 51.913 46.145
20.212 113.200 51.913 46.145
18.667 112.428 51.913 46.145
17.895 112.814 51.913 46.145
16.736 114.359 51.913 46.145
15.963 113.973 51.913 46.145
14.805 113.200 51.913 46.145
