76.000 79.000 64.000 52.000
76.457 79.457 64.000 52.000
77.371 80.371 64.000 52.000
76.914 79.914 64.000 52.000
75.543 79.457 64.000 52.000
76.000 79.914 64.000 52.000
77.139 80.011 62.635 50.891
75.351 80.011 62.635 50.891
75.798 79.564 62.635 50.891
74.904 79.117 62.635 50.891
76.466 80.107 61.299 49.806
75.351 79.119 62.656 50.908
75.351 78.672 62.656 50.908
74.456 78.225 62.656 50.908
75.351 78.225 62.656 50.908
74.009 78.225 62.656 50.908
74.904 78.225 62.656 50.908
74.456 78.225 62.656 50.908
74.904 78.225 62.656 50.908
74.456 77.777 62.656 50.908
75.351 77.330 62.656 50.908
74.904 78.225 62.656 50.908
75.572 78.767 61.320 49.822
74.893 77.342 62.676 50.924
74.200 77.225 64.063 52.051
74.883 77.780 62.697 50.941
74.883 78.227 62.697 50.941
75.777 79.122 62.697 50.941
76.446 80.112 61.360 49.855
76.008 79.237 61.360 49.855
76.663 80.206 60.051 48.792
77.090 81.061 60.051 48.792
76.663 80.634 60.051 48.792
77.090 81.061 60.051 48.792
77.730 82.436 58.771 47.751
76.472 81.597 58.771 47.751
77.311 81.597 58.771 47.751
77.080 80.649 60.071 48.808
77.508 80.649 60.071 48.808
77.080 81.077 60.071 48.808
78.148 81.597 58.790 47.767
76.659 80.229 60.091 48.824
77.086 80.229 60.091 48.824
77.086 80.229 60.091 48.824
77.513 79.802 60.091 48.824
77.513 79.802 60.091 48.824
78.154 80.750 58.809 47.782
77.315 79.911 58.809 47.782
77.084 79.382 60.110 48.840
77.511 78.955 60.110 48.840
76.657 79.382 60.110 48.840
77.084 78.955 60.110 48.840
77.084 79.810 60.110 48.840
77.511 79.382 60.110 48.840
76.657 79.382 60.110 48.840
78.152 80.330 58.828 47.798
79.199 80.840 57.574 46.779
77.333 80.732 58.848 47.814
78.172 80.313 58.848 47.814
77.333 79.054 58.848 47.814
77.960 80.823 57.593 46.794
78.370 80.003 57.593 46.794
79.804 80.502 56.365 45.796
77.975 79.995 57.612 46.810
77.747 79.887 58.886 47.845
79.634 79.978 57.631 46.825
78.177 79.870 58.906 47.861
75.448 80.800 57.649 46.840
76.683 80.800 57.649 46.840
77.095 80.388 57.649 46.840
73.389 79.976 57.649 46.840
74.213 79.564 57.649 46.840
72.751 78.223 58.925 47.877
71.912 77.383 58.925 47.877
74.219 77.894 57.668 46.856
74.631 79.541 57.668 46.856
74.631 77.894 57.668 46.856
75.454 78.717 57.668 46.856
74.631 78.717 57.668 46.856
74.631 78.306 57.668 46.856
75.657 79.217 56.439 45.856
74.049 78.011 56.439 45.856
72.843 78.011 56.439 45.856
73.847 80.510 55.235 44.878
74.813 79.225 56.457 45.871
74.813 78.823 56.457 45.871
76.019 78.019 56.457 45.871
76.420 78.823 56.457 45.871
78.228 79.312 55.253 44.893
76.258 78.918 55.253 44.893
75.075 78.918 55.253 44.893
75.665 79.397 54.075 43.936
76.823 79.783 54.075 43.936
75.665 81.328 54.075 43.936
76.823 81.328 54.075 43.936
74.294 80.842 55.271 44.908
74.471 80.345 56.494 45.901
74.671 81.639 55.289 44.923
75.065 81.245 55.289 44.923
74.671 80.456 55.289 44.923
75.065 81.245 55.289 44.923
74.277 80.062 55.289 44.923
75.459 79.668 55.289 44.923
72.483 77.989 56.513 45.917
72.885 78.391 56.513 45.917
74.091 78.793 56.513 45.917
74.091 77.587 56.513 45.917
72.662 77.079 57.763 46.932
73.073 77.079 57.763 46.932
73.073 77.491 57.763 46.932
73.073 77.902 57.763 46.932
72.662 77.079 57.763 46.932
73.897 77.079 57.763 46.932
72.250 77.491 57.763 46.932
72.662 78.314 57.763 46.932
73.897 75.432 57.763 46.932
74.309 75.844 57.763 46.932
73.073 74.197 57.763 46.932
75.132 75.432 57.763 46.932
75.132 76.255 57.763 46.932
74.513 75.520 56.531 45.932
76.321 77.618 55.326 44.952
77.110 78.012 55.326 44.952
74.745 77.224 55.326 44.952
75.533 76.042 55.326 44.952
74.941 75.733 54.146 43.993
75.518 79.292 52.991 43.055
77.410 78.535 52.991 43.055
77.789 78.535 52.991 43.055
75.140 79.670 52.991 43.055
78.167 80.806 52.991 43.055
77.410 81.184 52.991 43.055
76.653 82.319 52.991 43.055
75.140 82.319 52.991 43.055
76.275 82.319 52.991 43.055
76.275 83.076 52.991 43.055
75.897 83.455 52.991 43.055
75.897 83.833 52.991 43.055
74.761 82.319 52.991 43.055
74.761 83.076 52.991 43.055
75.518 82.319 52.991 43.055
74.932 82.978 54.164 44.008
75.509 83.834 53.009 43.069
76.266 84.212 53.009 43.069
77.023 84.969 53.009 43.069
77.210 85.428 51.878 42.151
76.839 85.799 51.878 42.151
77.581 85.799 51.878 42.151
77.210 85.799 51.878 42.151
75.524 83.850 53.026 43.084
76.660 83.472 53.026 43.084
77.038 81.958 53.026 43.084
78.173 81.580 53.026 43.084
77.795 79.688 53.026 43.084
77.038 79.309 53.026 43.084
78.173 80.066 53.026 43.084
76.830 78.076 54.199 44.037
76.617 76.430 55.398 45.011
77.405 77.218 55.398 45.011
76.419 76.910 54.217 44.051
77.192 77.296 54.217 44.051
76.419 76.910 54.217 44.051
78.542 77.766 53.061 43.112
77.028 77.009 53.061 43.112
79.108 77.468 51.929 42.192
77.996 77.098 51.929 42.192
79.108 76.357 51.929 42.192
77.422 76.261 53.078 43.126
79.314 77.017 53.078 43.126
78.557 77.774 53.078 43.126
77.800 77.774 53.078 43.126
78.179 78.153 53.078 43.126
78.557 78.910 53.078 43.126
77.213 78.433 54.252 44.080
79.337 78.516 53.095 43.140
78.958 78.138 53.095 43.140
77.235 77.661 54.270 44.095
78.781 77.274 54.270 44.095
77.814 78.131 53.113 43.154
78.949 78.131 53.113 43.154
77.605 76.896 54.288 44.109
78.378 77.283 54.288 44.109
76.232 76.795 55.489 45.085
77.024 77.191 55.489 45.085
76.427 77.672 54.306 44.123
76.213 77.570 55.507 45.100
77.005 78.362 55.507 45.100
75.817 78.362 55.507 45.100
77.005 79.154 55.507 45.100
77.005 79.154 55.507 45.100
75.817 78.758 55.507 45.100
76.213 78.758 55.507 45.100
76.609 79.550 55.507 45.100
76.213 78.362 55.507 45.100
75.203 77.467 56.735 46.098
77.020 78.362 55.526 45.114
76.027 77.655 54.341 44.152
77.766 78.126 53.183 43.211
78.144 77.748 53.183 43.211
76.630 78.126 53.183 43.211
77.766 77.748 53.183 43.211
77.766 77.748 53.183 43.211
78.144 78.126 53.183 43.211
76.630 76.991 53.183 43.211
77.766 76.991 53.183 43.211
77.387 76.991 53.183 43.211
77.387 76.991 53.183 43.211
77.766 76.991 53.183 43.211
77.766 77.369 53.183 43.211
77.009 78.126 53.183 43.211
76.252 77.748 53.183 43.211
76.630 78.883 53.183 43.211
76.420 78.783 54.359 44.167
74.867 79.171 54.359 44.167
76.032 79.171 54.359 44.167
75.043 78.683 55.562 45.144
75.043 78.683 55.562 45.144
75.043 78.683 55.562 45.144
74.447 78.768 54.377 44.181
74.835 78.768 54.377 44.181
74.447 79.156 54.377 44.181
74.835 79.545 54.377 44.181
74.447 79.545 54.377 44.181
72.894 79.156 54.377 44.181
74.447 79.545 54.377 44.181
73.282 79.933 54.377 44.181
74.447 79.545 54.377 44.181
72.506 79.545 54.377 44.181
72.506 78.768 54.377 44.181
71.904 77.503 55.580 45.159
72.696 77.503 55.580 45.159
70.893 75.815 56.810 46.158
72.307 77.519 55.598 45.174
70.107 75.435 56.828 46.173
71.325 76.247 56.828 46.173
70.919 75.841 56.828 46.173
70.713 76.739 55.617 45.188
69.702 74.655 56.847 46.188
70.108 75.467 56.847 46.188
70.108 75.873 56.847 46.188
70.108 76.278 56.847 46.188
70.108 76.278 56.847 46.188
69.296 76.278 56.847 46.188
69.296 76.278 56.847 46.188
69.702 75.061 56.847 46.188
68.484 75.061 56.847 46.188
69.296 74.655 56.847 46.188
69.296 74.655 56.847 46.188
68.484 74.655 56.847 46.188
68.890 74.655 56.847 46.188
68.078 74.655 56.847 46.188
67.673 74.249 56.847 46.188
68.078 73.437 56.847 46.188
67.673 73.843 56.847 46.188
67.673 73.843 56.847 46.188
66.455 73.843 56.847 46.188
68.078 74.249 56.847 46.188
67.267 73.437 56.847 46.188
68.685 73.524 55.635 45.203
66.881 73.024 56.866 46.203
67.693 73.430 56.866 46.203
66.881 73.836 56.866 46.203
67.693 74.647 56.866 46.203
66.881 74.647 56.866 46.203
68.504 75.459 56.866 46.203
67.693 75.865 56.866 46.203
67.287 76.677 56.866 46.203
68.504 77.488 56.866 46.203
68.098 77.488 56.866 46.203
67.693 77.488 56.866 46.203
67.287 77.083 56.866 46.203
68.910 75.865 56.866 46.203
68.705 77.169 55.653 45.218
69.298 76.859 54.466 44.254
69.686 77.636 54.466 44.254
68.696 77.535 55.671 45.233
69.884 78.327 55.671 45.233
69.884 79.119 55.671 45.233
70.676 79.911 55.671 45.233
70.081 80.789 54.484 44.268
72.215 81.650 53.322 43.324
70.694 82.030 53.322 43.324
72.215 81.269 53.322 43.324
71.074 81.269 53.322 43.324
72.215 81.269 53.322 43.324
72.596 80.508 53.322 43.324
72.976 80.508 53.322 43.324
71.835 79.748 53.322 43.324
73.737 79.367 53.322 43.324
73.357 78.987 53.322 43.324
73.357 78.226 53.322 43.324
74.117 78.226 53.322 43.324
73.545 78.308 52.185 42.400
73.340 77.093 53.340 43.339
74.862 77.093 53.340 43.339
73.340 77.093 53.340 43.339
74.481 77.474 53.340 43.339
74.862 77.093 53.340 43.339
74.289 77.556 52.202 42.414
74.829 76.341 53.357 43.353
75.210 76.722 53.357 43.353
75.590 77.102 53.357 43.353
76.159 77.945 52.219 42.428
76.532 78.317 52.219 42.428
75.581 77.848 53.375 43.367
75.752 77.749 54.556 44.326
75.752 78.525 54.556 44.326
76.916 79.301 54.556 44.326
74.760 77.646 55.763 45.307
76.947 77.731 54.573 44.341
76.947 78.508 54.573 44.341
77.140 78.593 53.410 43.395
78.662 78.212 53.410 43.395
78.281 78.212 53.410 43.395
78.662 77.451 53.410 43.395
79.042 77.451 53.410 43.395
78.281 78.212 53.410 43.395
79.803 78.593 53.410 43.395
79.231 79.816 52.271 42.470
80.722 79.443 52.271 42.470
80.349 78.698 52.271 42.470
79.976 79.443 52.271 42.470
79.976 78.698 52.271 42.470
80.143 78.229 53.427 43.410
81.854 79.833 52.288 42.484
81.482 80.578 52.288 42.484
81.854 80.578 52.288 42.484
83.529 80.658 51.173 41.578
82.234 81.292 52.305 42.498
82.606 80.547 52.305 42.498
83.537 81.373 51.190 41.592
85.541 82.546 50.098 40.705
84.471 82.546 50.098 40.705
83.757 82.189 50.098 40.705
84.827 81.118 50.098 40.705
84.273 81.382 51.206 41.605
84.273 81.746 51.206 41.605
83.909 81.382 51.206 41.605
84.273 81.382 51.206 41.605
84.273 81.382 51.206 41.605
84.436 79.827 52.339 42.526
84.994 79.536 51.223 41.619
83.900 78.806 51.223 41.619
84.994 77.347 51.223 41.619
84.063 76.522 52.356 42.540
85.553 75.405 52.356 42.540
84.621 74.741 51.240 41.632
85.148 74.645 52.374 42.554
85.521 75.017 52.374 42.554
84.031 76.135 52.374 42.554
86.079 77.706 51.257 41.646
85.715 78.436 51.257 41.646
86.079 79.895 51.257 41.646
84.985 80.624 51.257 41.646
84.985 80.989 51.257 41.646
85.350 79.530 51.257 41.646
86.079 80.624 51.257 41.646
85.532 81.797 50.164 40.758
85.889 82.868 50.164 40.758
86.424 85.801 49.094 39.889
86.773 84.754 49.094 39.889
87.471 85.103 49.094 39.889
86.075 84.056 49.094 39.889
86.424 83.707 49.094 39.889
85.726 81.612 49.094 39.889
86.773 80.565 49.094 39.889
87.296 80.642 48.047 39.038
87.982 80.985 48.047 39.038
86.953 81.328 48.047 39.038
87.982 82.014 48.047 39.038
87.639 82.014 48.047 39.038
86.610 82.357 48.047 39.038
87.639 82.701 48.047 39.038
86.953 82.701 48.047 39.038
87.639 82.357 48.047 39.038
86.953 81.328 48.047 39.038
88.326 80.985 48.047 39.038
87.808 81.401 47.022 38.206
88.479 81.736 47.022 38.206
86.618 82.320 48.063 39.051
87.473 83.422 47.038 38.218
85.292 85.171 46.035 37.403
87.730 82.138 47.053 38.231
86.874 80.373 48.094 39.077
87.904 79.687 48.094 39.077
88.590 80.030 48.094 39.077
88.247 79.687 48.094 39.077
88.933 81.746 48.094 39.077
87.715 80.284 49.158 39.941
88.417 79.231 49.158 39.941
87.715 80.635 49.158 39.941
88.768 79.231 49.158 39.941
88.066 79.933 49.158 39.941
87.873 78.439 50.246 40.825
87.155 78.797 50.246 40.825
88.232 77.362 50.246 40.825
87.873 78.797 50.246 40.825
87.317 76.910 51.358 41.728
86.749 77.916 52.494 42.651
87.124 79.414 52.494 42.651
87.124 79.414 52.494 42.651
86.749 81.286 52.494 42.651
86.168 79.691 53.655 43.595
86.168 80.073 53.655 43.595
86.933 79.691 53.655 43.595
85.786 79.308 53.655 43.595
87.123 80.920 52.511 42.665
86.559 81.750 51.391 41.755
86.741 82.195 50.295 40.865
88.535 82.554 50.295 40.865
88.176 82.913 50.295 40.865
86.741 82.913 50.295 40.865
88.353 82.989 49.223 39.994
88.002 83.691 49.223 39.994
88.878 84.820 48.173 39.141
86.819 85.849 48.173 39.141
87.506 86.192 48.173 39.141
88.192 83.790 48.173 39.141
87.162 83.104 48.173 39.141
87.849 82.418 48.173 39.141
88.878 82.418 48.173 39.141
87.659 82.328 49.239 40.007
86.763 81.183 50.328 40.892
87.481 80.466 50.328 40.892
86.565 81.808 51.442 41.797
86.199 80.341 51.442 41.797
86.565 78.874 51.442 41.797
85.832 78.141 51.442 41.797
86.199 77.408 51.442 41.797
86.747 77.853 50.345 40.905
86.747 76.777 50.345 40.905
85.849 79.007 49.271 40.033
85.849 77.603 49.271 40.033
85.498 79.709 49.271 40.033
84.445 78.305 49.271 40.033
85.321 80.838 48.221 39.179
85.664 79.465 48.221 39.179
85.664 80.152 48.221 39.179
85.321 81.867 48.221 39.179
86.007 81.524 48.221 39.179
85.664 82.897 48.221 39.179
86.351 83.583 48.221 39.179
86.178 84.001 47.192 38.344
87.356 85.084 46.186 37.526
87.175 84.669 47.208 38.356
88.186 85.006 47.208 38.356
86.990 83.570 48.252 39.205
87.161 83.988 47.223 38.369
87.313 82.889 48.268 39.218
87.313 82.889 48.268 39.218
88.686 82.546 48.268 39.218
89.372 82.203 48.268 39.218
88.152 81.083 49.336 40.085
89.731 80.457 48.284 39.231
90.074 79.771 48.284 39.231
90.417 80.114 48.284 39.231
90.932 80.532 47.254 38.394
92.618 80.870 47.254 38.394
92.281 80.195 47.254 38.394
93.796 81.616 46.246 37.575
93.138 82.275 46.246 37.575
93.138 81.946 46.246 37.575
93.285 81.859 47.270 38.407
94.634 82.197 47.270 38.407
94.634 81.859 47.270 38.407
93.774 80.086 48.315 39.256
95.844 80.776 48.315 39.256
94.464 80.776 48.315 39.256
96.189 81.466 48.315 39.256
96.189 80.776 48.315 39.256
96.189 81.466 48.315 39.256
96.534 81.121 48.315 39.256
96.534 82.846 48.315 39.256
97.570 82.156 48.315 39.256
97.570 82.156 48.315 39.256
98.775 83.610 47.285 38.419
99.112 83.273 47.285 38.419
99.450 83.273 47.285 38.419
98.775 83.273 47.285 38.419
100.124 83.610 47.285 38.419
99.938 82.173 48.331 39.269
100.454 82.937 47.301 38.432
101.128 82.600 47.301 38.432
101.617 83.186 48.347 39.282
100.392 83.787 49.417 40.151
99.686 85.199 49.417 40.151
101.624 85.980 48.363 39.295
102.830 86.054 47.332 38.457
101.649 86.464 46.322 37.637
103.790 87.524 45.334 36.834
102.819 87.524 45.334 36.834
103.790 86.553 45.334 36.834
104.437 86.877 45.334 36.834
104.760 86.553 45.334 36.834
105.731 86.230 45.334 36.834
104.259 84.205 46.338 37.649
104.734 84.118 47.363 38.482
105.559 83.355 48.411 39.334
103.989 82.229 49.482 40.204
105.928 84.070 48.426 39.347
107.134 84.144 47.394 38.507
107.809 84.144 47.394 38.507
107.622 83.718 48.442 39.359
109.519 83.103 47.409 38.520
110.868 83.103 47.409 38.520
111.880 82.428 47.409 38.520
111.018 80.990 48.458 39.372
113.605 81.065 47.425 38.533
114.767 80.639 48.474 39.385
115.266 79.513 49.547 40.257
116.500 79.942 48.490 39.398
117.535 79.942 48.490 39.398
118.398 80.707 47.456 38.558
119.409 81.719 47.456 38.558
120.758 82.394 47.456 38.558
121.770 82.394 47.456 38.558
123.456 82.731 47.456 38.558
124.131 82.394 47.456 38.558
125.649 82.467 46.444 37.736
126.643 82.799 46.444 37.736
127.637 82.136 46.444 37.736
128.631 80.811 46.444 37.736
129.956 79.816 46.444 37.736
130.951 80.148 46.444 37.736
131.945 79.154 46.444 37.736
133.270 79.485 46.444 37.736
135.258 79.154 46.444 37.736
136.253 79.154 46.444 37.736
137.247 79.154 46.444 37.736
138.241 79.154 46.444 37.736
139.235 79.485 46.444 37.736
141.056 80.550 45.454 36.931
141.379 80.227 45.454 36.931
142.997 80.550 45.454 36.931
142.997 80.874 45.454 36.931
145.261 81.197 45.454 36.931
146.556 80.874 45.454 36.931
148.497 81.521 45.454 36.931
149.144 81.197 45.454 36.931
149.791 81.521 45.454 36.931
151.570 82.885 44.484 36.143
152.840 83.203 44.484 36.143
153.476 81.615 44.484 36.143
155.064 81.615 44.484 36.143
154.889 80.579 45.468 36.943
155.860 80.903 45.468 36.943
156.830 81.226 45.468 36.943
158.609 81.297 44.499 36.155
160.198 81.932 44.499 36.155
159.880 81.932 44.499 36.155
161.151 82.567 44.499 36.155
162.739 83.838 44.499 36.155
164.009 84.791 44.499 36.155
164.645 85.744 44.499 36.155
165.105 85.344 45.483 36.955
167.532 87.032 44.513 36.167
167.992 86.314 45.498 36.967
168.963 86.638 45.498 36.967
170.904 86.638 45.498 36.967
172.360 86.385 44.528 36.179
171.724 86.385 44.528 36.179
174.105 86.453 43.578 35.407
174.725 86.143 43.578 35.407
175.654 86.453 43.578 35.407
175.034 86.143 43.578 35.407
177.203 86.143 43.578 35.407
177.823 86.453 43.578 35.407
178.132 85.214 43.578 35.407
179.062 85.214 43.578 35.407
179.062 85.214 43.578 35.407
180.611 84.594 43.578 35.407
180.129 83.273 44.543 36.191
180.271 83.190 45.528 36.992
182.051 83.585 44.557 36.203
181.098 83.585 44.557 36.203
182.368 83.585 44.557 36.203
183.639 83.903 44.557 36.203
183.957 82.632 44.557 36.203
183.639 82.950 44.557 36.203
185.227 82.632 44.557 36.203
185.370 82.231 45.543 37.004
184.719 83.208 45.543 37.004
186.346 83.533 45.543 37.004
185.695 83.533 45.543 37.004
187.808 83.603 44.572 36.215
187.491 83.603 44.572 36.215
188.761 83.603 44.572 36.215
189.396 83.603 44.572 36.215
190.032 83.603 44.572 36.215
189.714 83.285 44.572 36.215
190.809 82.567 45.558 37.016
191.460 81.916 45.558 37.016
192.271 82.636 44.586 36.226
191.319 82.953 44.586 36.226
192.907 82.318 44.586 36.226
191.778 81.600 45.573 37.028
193.731 81.925 45.573 37.028
194.057 82.576 45.573 37.028
193.731 81.274 45.573 37.028
194.382 82.576 45.573 37.028
193.892 82.646 44.601 36.238
194.527 82.963 44.601 36.238
196.115 82.963 44.601 36.238
195.480 82.010 44.601 36.238
196.433 82.328 44.601 36.238
197.386 82.328 44.601 36.238
197.703 82.328 44.601 36.238
196.892 82.245 45.588 37.040
199.006 83.616 44.616 36.250
198.053 83.616 44.616 36.250
198.688 83.616 44.616 36.250
199.641 83.934 44.616 36.250
200.276 83.298 44.616 36.250
200.912 83.616 44.616 36.250
201.229 82.981 44.616 36.250
202.023 81.461 43.664 35.477
201.228 80.757 44.630 36.262
201.863 80.757 44.630 36.262
202.005 80.674 45.618 37.064
201.679 80.674 45.618 37.064
201.679 80.674 45.618 37.064
202.005 80.674 45.618 37.064
201.826 80.264 46.627 37.884
201.660 80.336 45.633 37.077
204.100 81.383 44.660 36.286
203.464 80.430 44.660 36.286
204.417 80.747 44.660 36.286
203.782 80.747 44.660 36.286
203.147 80.747 44.660 36.286
204.735 80.112 44.660 36.286
202.829 78.841 44.660 36.286
204.100 79.159 44.660 36.286
204.417 78.206 44.660 36.286
203.147 78.206 44.660 36.286
202.335 77.805 45.648 37.089
203.147 77.875 44.674 36.298
202.830 77.875 44.674 36.298
201.065 76.203 45.663 37.101
201.211 76.769 46.673 37.922
200.708 78.506 45.678 37.113
200.383 77.855 45.678 37.113
199.406 78.506 45.678 37.113
199.081 77.530 45.678 37.113
199.406 78.181 45.678 37.113
198.430 78.832 45.678 37.113
197.128 79.157 45.678 37.113
198.755 78.506 45.678 37.113
197.128 78.832 45.678 37.113
196.151 78.181 45.678 37.113
197.779 78.832 45.678 37.113
195.500 78.832 45.678 37.113
196.477 77.530 45.678 37.113
194.849 78.181 45.678 37.113
195.987 79.227 44.704 36.322
195.987 79.545 44.704 36.322
196.305 79.545 44.704 36.322
194.717 79.545 44.704 36.322
195.352 79.545 44.704 36.322
193.269 79.143 45.693 37.125
192.944 79.469 45.693 37.125
192.618 78.167 45.693 37.125
193.757 78.888 44.718 36.334
191.983 79.125 45.708 37.137
193.773 80.172 44.733 36.345
192.814 79.853 44.733 36.345
190.721 78.172 45.723 37.150
192.023 77.847 45.723 37.150
191.860 78.243 44.747 36.357
190.086 76.562 45.738 37.162
189.906 76.151 46.749 37.984
188.239 76.151 46.749 37.984
188.572 75.484 46.749 37.984
188.055 76.731 47.784 38.824
188.738 76.049 47.784 38.824
187.714 77.413 47.784 38.824
186.503 76.984 48.841 39.683
188.420 77.058 47.799 38.837
186.373 77.399 47.799 38.837
186.714 76.376 47.799 38.837
186.714 76.717 47.799 38.837
186.541 76.449 46.780 38.009
187.707 76.520 45.783 37.198
186.567 79.196 44.806 36.405
187.846 78.556 44.806 36.405
187.526 78.556 44.806 36.405
187.207 79.196 44.806 36.405
186.072 79.112 45.798 37.211
185.891 78.375 46.811 38.034
185.706 77.955 47.847 38.875
185.177 77.183 48.905 39.735
184.828 77.183 48.905 39.735
185.000 75.513 47.862 38.888
186.193 76.951 46.842 38.059
185.860 75.618 46.842 38.059
186.341 74.530 47.878 38.901
185.828 75.627 46.857 38.071
187.162 75.627 46.857 38.071
186.661 76.366 45.858 37.259
186.334 77.021 45.858 37.259
188.299 77.349 45.858 37.259
187.805 79.056 44.880 36.465
188.764 78.736 44.880 36.465
188.764 78.736 44.880 36.465
189.084 77.777 44.880 36.465
187.805 77.138 44.880 36.465
190.042 77.458 44.880 36.465
187.948 75.137 45.873 37.272
186.638 76.774 45.873 37.272
187.948 78.411 45.873 37.272
188.095 76.362 46.888 38.096
187.095 77.695 46.888 38.096
188.429 76.362 46.888 38.096
186.910 75.274 47.925 38.939
187.403 74.502 48.985 39.801
188.973 73.879 47.941 38.952
187.419 72.425 49.001 39.814
187.226 71.635 50.086 40.695
188.117 70.998 49.017 39.827
188.117 70.998 49.017 39.827
187.768 71.347 49.017 39.827
190.035 71.772 47.972 38.977
189.353 72.113 47.972 38.977
189.694 71.772 47.972 38.977
189.012 72.113 47.972 38.977
189.694 72.796 47.972 38.977
188.481 72.023 49.034 39.840
188.986 71.932 50.118 40.721
189.520 74.150 49.050 39.853
189.869 73.103 49.050 39.853
190.741 73.528 48.004 39.003
189.547 75.309 46.980 38.171
190.553 74.303 46.980 38.171
190.553 74.303 46.980 38.171
190.888 73.967 46.980 38.171
191.894 73.632 46.980 38.171
190.888 72.626 46.980 38.171
192.731 74.710 45.978 37.357
191.093 75.037 45.978 37.357
192.403 75.365 45.978 37.357
191.748 75.037 45.978 37.357
190.766 75.037 45.978 37.357
192.403 75.037 45.978 37.357
192.403 74.382 45.978 37.357
193.548 74.453 44.998 36.561
191.764 73.084 45.993 37.369
192.419 72.102 45.993 37.369
193.729 72.102 45.993 37.369
193.237 71.190 45.012 36.573
192.096 69.499 46.008 37.382
191.914 69.741 47.026 38.209
193.591 68.400 47.026 38.209
192.585 67.058 47.026 38.209
193.256 67.729 47.026 38.209
192.585 67.729 47.026 38.209
192.585 66.723 47.026 38.209
191.914 67.394 47.026 38.209
193.591 68.400 47.026 38.209
193.422 66.795 46.023 37.394
193.094 68.432 46.023 37.394
193.585 66.866 45.042 36.596
193.422 68.221 44.081 35.816
192.621 68.453 45.057 36.608
191.978 69.096 45.057 36.608
192.942 69.739 45.057 36.608
191.978 69.417 45.057 36.608
192.942 70.704 45.057 36.608
191.656 69.739 45.057 36.608
192.136 71.094 44.096 35.828
191.509 70.153 44.096 35.828
192.764 71.408 44.096 35.828
192.136 72.035 44.096 35.828
191.823 73.290 44.096 35.828
193.078 72.663 44.096 35.828
191.021 72.266 45.071 36.620
193.431 72.657 44.110 35.840
192.176 73.598 44.110 35.840
190.608 72.657 44.110 35.840
191.863 72.657 44.110 35.840
190.747 71.633 45.086 36.633
188.962 71.228 46.084 37.443
189.617 71.228 46.084 37.443
189.290 72.210 46.084 37.443
189.617 71.555 46.084 37.443
189.781 71.299 45.101 36.645
188.960 70.572 46.099 37.455
188.793 71.301 45.116 36.657
189.436 71.944 45.116 36.657
189.758 70.658 45.116 36.657
189.758 71.301 45.116 36.657
189.596 71.049 44.154 35.875
189.596 71.990 44.154 35.875
190.537 71.363 44.154 35.875
189.909 71.363 44.154 35.875
191.008 71.431 43.212 35.110
189.468 72.355 43.212 35.110
190.392 72.971 43.212 35.110
190.222 72.582 44.168 35.887
189.590 72.898 44.168 35.887
189.114 74.859 43.226 35.121
190.175 75.086 44.183 35.898
190.634 75.005 45.160 36.693
190.312 75.326 45.160 36.693
190.312 75.648 45.160 36.693
188.848 75.242 46.159 37.504
190.658 75.971 45.175 36.705
189.210 75.719 44.212 35.922
187.774 74.691 45.190 36.717
188.738 75.334 45.190 36.717
187.774 77.263 45.190 36.717
188.899 76.690 44.226 35.934
188.409 76.608 45.205 36.729
187.766 77.573 45.205 36.729
189.213 78.608 44.241 35.945
190.160 77.976 44.241 35.945
188.408 77.579 45.219 36.741
187.122 78.543 45.219 36.741
187.443 78.865 45.219 36.741
188.408 80.473 45.219 36.741
188.408 81.116 45.219 36.741
186.300 81.031 46.220 37.554
186.300 79.713 46.220 37.554
187.618 78.725 46.220 37.554
186.629 76.749 46.220 37.554
187.947 75.431 46.220 37.554
186.629 74.113 46.220 37.554
188.276 74.772 46.220 37.554
187.288 75.431 46.220 37.554
186.629 76.090 46.220 37.554
187.947 77.078 46.220 37.554
186.447 76.663 47.242 38.385
187.122 79.361 47.242 38.385
188.471 79.023 47.242 38.385
187.963 79.433 46.235 37.566
188.456 78.845 45.249 36.765
188.134 79.167 45.249 36.765
189.421 78.202 45.249 36.765
189.742 76.916 45.249 36.765
188.777 77.559 45.249 36.765
191.511 78.594 44.284 35.981
189.301 77.331 44.284 35.981
190.248 79.225 44.284 35.981
189.301 77.963 44.284 35.981
190.074 77.564 45.264 36.777
190.074 76.917 45.264 36.777
188.456 77.241 45.264 36.777
190.397 76.594 45.264 36.777
191.204 77.310 44.299 35.993
190.082 76.911 45.279 36.789
191.053 78.529 45.279 36.789
190.406 77.882 45.279 36.789
189.581 78.446 46.281 37.603
190.058 77.041 47.304 38.435
189.534 76.953 48.351 39.285
190.035 76.174 49.421 40.154
189.329 76.527 49.421 40.154
187.917 76.880 49.421 40.154
190.209 77.661 48.367 39.298
190.899 76.971 48.367 39.298
190.724 78.425 47.335 38.460
190.201 77.325 48.383 39.311
190.356 76.890 49.453 40.181
190.356 77.243 49.453 40.181
190.709 75.831 49.453 40.181
191.415 76.537 49.453 40.181
191.415 75.478 49.453 40.181
192.120 75.831 49.453 40.181
192.295 75.907 48.399 39.324
193.330 75.216 48.399 39.324
191.605 75.907 48.399 39.324
194.020 75.216 48.399 39.324
194.020 75.562 48.399 39.324
195.056 74.871 48.399 39.324
193.140 73.746 49.469 40.194
194.552 74.099 49.469 40.194
195.785 75.234 48.415 39.337
195.785 73.853 48.415 39.337
195.095 74.198 48.415 39.337
195.940 73.073 49.486 40.207
195.234 74.132 49.486 40.207
196.467 74.913 48.430 39.350
196.293 73.607 47.398 38.511
197.642 74.956 47.398 38.511
197.136 75.030 46.387 37.689
198.280 74.282 47.413 38.523
195.394 75.204 48.462 39.375
197.810 75.204 48.462 39.375
199.190 76.240 48.462 39.375
197.465 76.240 48.462 39.375
197.619 75.114 49.534 40.247
199.031 76.173 49.534 40.247
198.500 77.661 48.478 39.388
197.964 77.225 49.551 40.260
198.828 76.074 50.647 41.151
200.271 76.434 50.647 41.151
199.007 77.234 49.567 40.273
200.419 77.587 49.567 40.273
201.282 76.789 50.664 41.164
198.918 77.055 51.784 42.075
199.819 76.221 52.930 43.006
199.443 77.350 52.930 43.006
200.949 77.727 52.930 43.006
200.196 77.727 52.930 43.006
202.642 77.432 51.801 42.089
200.431 78.169 51.801 42.089
202.274 78.538 51.801 42.089
201.905 77.064 51.801 42.089
203.748 77.801 51.801 42.089
203.175 76.967 52.948 43.020
205.622 77.802 51.818 42.102
204.148 78.170 51.818 42.102
205.254 78.170 51.818 42.102
205.991 78.908 51.818 42.102
205.991 79.276 51.818 42.102
