70.000 51.000 107.000 87.000
70.000 51.000 107.000 87.000
68.054 50.038 109.367 88.925
68.054 50.818 109.367 88.925
64.932 51.598 109.367 88.925
62.942 49.834 111.787 90.892
63.738 52.222 111.787 90.892
62.146 53.019 111.787 90.892
61.350 52.222 111.787 90.892
61.350 51.426 111.787 90.892
63.338 52.396 109.403 88.954
62.557 50.835 109.403 88.954
64.504 51.783 107.070 87.057
62.979 50.258 107.070 87.057
62.979 51.020 107.070 87.057
62.979 50.258 107.070 87.057
61.453 50.258 107.070 87.057
63.741 49.495 107.070 87.057
62.979 49.495 107.070 87.057
59.506 48.532 109.439 88.983
60.286 50.093 109.439 88.983
60.673 51.042 107.105 87.086
60.251 50.078 109.475 89.012
60.638 51.027 107.140 87.114
59.108 51.027 107.140 87.114
59.873 51.027 107.140 87.114
59.873 50.263 107.140 87.114
59.873 51.027 107.140 87.114
57.579 51.027 107.140 87.114
57.158 48.534 109.511 89.042
57.939 49.315 109.511 89.042
57.939 46.973 109.511 89.042
58.719 48.534 109.511 89.042
60.667 50.264 107.176 87.143
59.902 48.735 107.176 87.143
59.902 47.970 107.176 87.143
58.373 48.735 107.176 87.143
61.810 49.664 104.890 85.284
59.569 48.917 104.890 85.284
61.063 50.411 104.890 85.284
61.810 49.664 104.890 85.284
61.810 49.664 104.890 85.284
63.675 50.573 102.653 83.466
62.944 52.036 102.653 83.466
62.944 52.036 102.653 83.466
64.407 50.573 102.653 83.466
62.213 53.499 102.653 83.466
62.944 54.230 102.653 83.466
62.944 53.499 102.653 83.466
65.501 55.120 100.464 81.686
65.501 55.120 100.464 81.686
66.217 53.689 100.464 81.686
66.933 55.120 100.464 81.686
66.933 56.551 100.464 81.686
66.217 57.267 100.464 81.686
66.217 57.267 100.464 81.686
67.648 57.983 100.464 81.686
66.217 56.551 100.464 81.686
66.933 57.983 100.464 81.686
67.648 57.267 100.464 81.686
66.933 57.267 100.464 81.686
68.004 58.138 98.322 79.944
66.916 57.254 100.497 81.713
66.916 56.538 100.497 81.713
67.272 55.978 98.354 79.970
68.676 57.382 98.354 79.970
69.725 58.234 96.256 78.265
69.038 57.548 96.256 78.265
69.725 58.234 96.256 78.265
68.352 56.862 96.256 78.265
68.352 57.548 96.256 78.265
69.038 56.862 96.256 78.265
69.725 56.176 96.256 78.265
67.666 55.489 96.256 78.265
68.352 53.430 96.256 78.265
69.038 53.430 96.256 78.265
67.666 54.117 96.256 78.265
67.666 54.803 96.256 78.265
66.980 55.489 96.256 78.265
69.379 57.696 94.204 76.596
68.708 58.367 94.204 76.596
68.708 59.038 94.204 76.596
66.696 59.038 94.204 76.596
68.037 59.708 94.204 76.596
70.383 61.866 92.195 74.962
70.383 61.866 92.195 74.962
70.383 62.523 92.195 74.962
71.040 62.523 92.195 74.962
70.052 62.665 90.229 73.364
70.695 62.665 90.229 73.364
71.982 64.595 90.229 73.364
70.695 64.595 90.229 73.364
72.301 64.734 88.305 71.799
72.930 64.104 88.305 71.799
71.671 64.104 88.305 71.799
71.671 63.475 88.305 71.799
71.671 63.475 88.305 71.799
71.671 63.475 88.305 71.799
72.301 63.475 88.305 71.799
73.559 64.104 88.305 71.799
72.301 62.846 88.305 71.799
73.559 62.846 88.305 71.799
72.930 61.587 88.305 71.799
74.189 61.587 88.305 71.799
75.448 60.957 88.305 71.799
75.760 61.093 86.421 70.268
79.144 61.843 84.578 68.769
78.542 62.445 84.578 68.769
79.144 61.241 84.578 68.769
78.810 60.480 86.450 70.291
78.810 61.096 86.450 70.291
78.195 61.096 86.450 70.291
77.854 59.702 88.363 71.846
77.854 59.702 88.363 71.846
77.854 60.961 88.363 71.846
77.854 60.961 88.363 71.846
76.877 60.166 90.318 73.436
77.520 60.166 90.318 73.436
77.520 61.453 90.318 73.436
77.520 62.739 90.318 73.436
78.483 64.165 88.391 71.870
78.483 62.906 88.391 71.870
78.134 62.741 90.347 73.460
79.421 63.384 90.347 73.460
78.777 64.027 90.347 73.460
78.777 63.384 90.347 73.460
79.421 64.027 90.347 73.460
79.421 64.027 90.347 73.460
80.707 65.313 90.347 73.460
80.707 66.600 90.347 73.460
80.707 65.956 90.347 73.460
81.993 64.670 90.347 73.460
82.636 65.956 90.347 73.460
84.886 65.453 88.420 71.893
85.515 64.824 88.420 71.893
86.145 63.565 88.420 71.893
86.774 62.306 88.420 71.893
87.403 61.677 88.420 71.893
88.033 61.047 88.420 71.893
87.403 61.047 88.420 71.893
88.662 59.159 88.420 71.893
89.292 58.530 88.420 71.893
89.292 57.271 88.420 71.893
90.551 57.271 88.420 71.893
90.551 55.383 88.420 71.893
91.809 56.012 88.420 71.893
89.921 55.383 88.420 71.893
92.439 54.124 88.420 71.893
92.439 54.124 88.420 71.893
93.068 53.495 88.420 71.893
93.068 53.495 88.420 71.893
93.698 54.124 88.420 71.893
93.349 52.070 90.377 73.484
94.639 54.005 90.377 73.484
95.284 54.650 90.377 73.484
97.865 56.585 90.377 73.484
96.574 55.940 90.377 73.484
97.219 56.585 90.377 73.484
98.510 57.231 90.377 73.484
98.828 58.659 88.449 71.917
98.828 58.028 88.449 71.917
98.828 59.291 88.449 71.917
99.112 56.601 90.406 73.508
102.657 60.610 88.478 71.940
102.657 58.716 88.478 71.940
103.288 59.347 88.478 71.940
103.920 58.716 88.478 71.940
102.941 58.552 90.436 73.532
105.195 61.916 88.507 71.964
105.195 60.653 88.507 71.964
106.139 62.052 86.620 70.429
106.139 61.434 86.620 70.429
108.610 61.434 86.620 70.429
107.992 62.052 86.620 70.429
109.845 62.052 86.620 70.429
110.151 64.656 84.773 68.927
112.867 64.183 82.965 67.458
113.459 62.999 82.965 67.458
115.528 63.126 81.196 66.019
116.972 63.251 79.464 64.611
118.105 62.685 79.464 64.611
119.238 62.118 79.464 64.611
119.238 60.985 79.464 64.611
120.372 60.418 79.464 64.611
119.805 60.985 79.464 64.611
120.372 61.551 79.464 64.611
122.072 60.985 79.464 64.611
122.638 60.418 79.464 64.611
124.619 61.107 77.770 63.233
126.003 64.001 76.111 61.885
126.546 62.371 76.111 61.885
127.633 62.371 76.111 61.885
128.719 63.458 76.111 61.885
129.262 62.371 76.111 61.885
130.348 64.544 76.111 61.885
130.891 64.544 76.111 61.885
131.435 64.001 76.111 61.885
132.789 63.574 74.488 60.565
133.321 63.574 74.488 60.565
133.584 63.157 72.900 59.274
134.880 64.829 71.345 58.009
136.149 64.431 69.824 56.772
137.145 66.922 69.824 56.772
137.643 67.420 69.824 56.772
138.141 67.420 69.824 56.772
141.376 66.531 68.335 55.562
143.077 69.068 66.877 54.377
143.554 67.639 66.877 54.377
145.220 70.125 65.451 53.217
146.384 68.359 64.055 52.082
147.067 69.828 62.689 50.972
147.961 69.828 62.689 50.972
148.408 70.275 62.689 50.972
150.197 71.616 62.689 50.972
151.091 70.722 62.689 50.972
151.985 72.063 62.689 50.972
153.994 70.818 61.352 49.885
154.432 72.567 61.352 49.885
155.743 70.818 61.352 49.885
157.709 71.788 60.044 48.821
158.992 71.360 60.044 48.821
158.137 69.650 60.044 48.821
159.847 71.788 60.044 48.821
160.701 70.933 60.044 48.821
161.129 72.642 60.044 48.821
161.129 70.078 60.044 48.821
161.984 71.360 60.044 48.821
162.839 70.505 60.044 48.821
163.694 70.933 60.044 48.821
165.616 69.743 58.764 47.780
166.036 70.163 58.764 47.780
166.036 68.904 58.764 47.780
167.295 71.841 58.764 47.780
168.553 72.681 58.764 47.780
168.323 71.313 60.064 48.837
169.178 72.168 60.064 48.837
169.605 72.595 60.064 48.837
170.460 73.450 60.064 48.837
171.743 73.023 60.064 48.837
170.460 73.878 60.064 48.837
174.093 74.398 58.783 47.795
173.254 73.979 58.783 47.795
175.559 74.488 57.529 46.776
175.149 74.079 57.529 46.776
174.513 72.741 58.802 47.811
175.352 72.322 58.802 47.811
177.450 73.581 58.802 47.811
177.869 73.161 58.802 47.811
177.030 72.741 58.802 47.811
176.380 72.213 60.103 48.869
179.386 72.642 60.103 48.869
177.668 71.354 60.103 48.869
178.956 71.354 60.103 48.869
180.244 69.207 60.103 48.869
181.962 67.918 60.103 48.869
181.103 67.918 60.103 48.869
181.727 67.807 61.433 49.950
183.038 68.682 61.433 49.950
183.038 67.370 61.433 49.950
183.693 67.465 60.123 48.885
183.693 67.465 60.123 48.885
184.123 68.754 60.123 48.885
185.411 68.324 60.123 48.885
186.911 68.416 58.841 47.842
186.491 67.996 58.841 47.842
188.170 69.675 58.841 47.842
187.331 69.255 58.841 47.842
189.429 68.836 58.841 47.842
190.268 69.255 58.841 47.842
189.429 70.514 58.841 47.842
191.107 72.192 58.841 47.842
190.268 71.773 58.841 47.842
191.107 75.130 58.841 47.842
191.527 74.291 58.841 47.842
192.366 73.871 58.841 47.842
192.366 73.451 58.841 47.842
192.554 71.663 60.143 48.901
192.554 68.657 60.143 48.901
192.554 69.087 60.143 48.901
193.413 67.799 60.143 48.901
195.131 68.657 60.143 48.901
196.419 68.657 60.143 48.901
195.560 67.799 60.143 48.901
194.465 67.687 61.473 49.983
197.307 69.532 60.162 48.917
194.494 69.420 61.493 49.999
194.934 69.859 61.493 49.999
196.468 69.953 60.182 48.933
196.897 69.524 60.182 48.933
197.756 68.235 60.182 48.933
198.185 66.947 60.182 48.933
198.615 67.377 60.182 48.933
198.615 66.088 60.182 48.933
198.615 66.088 60.182 48.933
199.474 66.518 60.182 48.933
197.090 66.835 61.514 50.016
199.726 68.153 61.514 50.016
198.408 68.592 61.514 50.016
197.288 68.478 62.875 51.122
198.635 69.376 62.875 51.122
197.940 68.362 64.266 52.253
199.543 68.460 62.895 51.139
199.315 69.005 61.554 50.049
200.633 67.248 61.554 50.049
201.072 66.809 61.554 50.049
202.829 67.248 61.554 50.049
202.829 67.248 61.554 50.049
202.829 69.884 61.554 50.049
204.147 69.444 61.554 50.049
204.147 70.762 61.554 50.049
206.121 71.735 60.241 48.981
204.832 73.023 60.241 48.981
205.262 71.735 60.241 48.981
207.622 73.116 58.957 47.937
207.202 73.955 58.957 47.937
208.881 73.955 58.957 47.937
209.720 72.696 58.957 47.937
209.720 71.438 58.957 47.937
209.509 71.109 57.699 46.914
209.921 70.698 57.699 46.914
211.156 70.698 57.699 46.914
210.333 71.109 57.699 46.914
211.156 71.933 57.699 46.914
210.333 72.345 57.699 46.914
213.830 74.080 56.469 45.914
214.232 73.678 56.469 45.914
214.232 73.678 56.469 45.914
216.442 74.570 55.265 44.935
215.654 74.570 55.265 44.935
214.648 74.073 56.487 45.929
215.050 74.073 56.487 45.929
217.663 74.562 55.283 44.950
216.480 74.562 55.283 44.950
218.845 73.774 55.283 44.950
218.845 72.986 55.283 44.950
217.445 73.277 56.506 45.944
217.847 72.875 56.506 45.944
219.655 74.169 55.301 44.964
219.261 74.957 55.301 44.964
220.444 75.745 55.301 44.964
221.822 76.225 54.122 44.005
219.291 74.579 55.319 44.979
222.050 73.791 55.319 44.979
221.262 74.185 55.319 44.979
221.656 72.609 55.319 44.979
222.050 71.426 55.319 44.979
224.021 71.426 55.319 44.979
223.233 72.609 55.319 44.979
220.650 75.658 56.543 45.974
220.025 77.977 57.794 46.991
221.672 78.389 57.794 46.991
222.907 78.800 57.794 46.991
223.935 79.713 56.562 45.989
224.339 78.501 56.562 45.989
221.694 77.185 57.813 47.007
224.164 70.185 57.813 47.007
223.525 63.900 59.092 48.047
223.714 59.574 60.399 49.110
223.714 56.986 60.399 49.110
223.477 57.737 61.736 50.196
224.356 58.176 61.736 50.196
223.696 62.664 60.419 49.126
223.459 61.690 61.756 50.213
223.459 66.543 61.756 50.213
225.441 68.402 60.439 49.142
225.873 70.558 60.439 49.142
225.873 71.421 60.439 49.142
225.010 71.853 60.439 49.142
226.304 71.853 60.439 49.142
226.735 72.284 60.439 49.142
227.598 72.284 60.439 49.142
225.635 70.446 61.776 50.229
224.952 68.126 63.143 51.341
227.429 69.124 61.797 50.246
228.088 70.101 60.479 49.174
226.125 68.263 61.817 50.262
227.007 68.263 61.817 50.262
226.566 68.704 61.817 50.262
228.331 67.822 61.817 50.262
227.448 68.263 61.817 50.262
229.431 70.122 60.499 49.190
229.213 71.941 59.208 48.141
227.527 73.206 59.208 48.141
228.792 72.784 59.208 48.141
228.792 73.627 59.208 48.141
229.845 76.248 57.946 47.115
226.949 76.248 57.946 47.115
227.963 76.141 59.228 48.157
230.280 79.184 57.965 47.130
227.984 79.490 59.247 48.173
226.087 80.847 57.984 47.146
228.155 81.674 57.984 47.146
229.396 77.537 57.984 47.146
230.224 73.400 57.984 47.146
228.341 73.292 59.267 48.189
225.999 73.180 60.578 49.255
226.431 74.474 60.578 49.255
225.761 74.792 61.918 50.345
223.752 75.559 63.288 51.459
223.954 75.892 64.688 52.597
223.238 73.467 66.120 53.761
221.095 74.284 67.583 54.950
221.794 68.370 69.078 56.166
220.538 68.733 70.606 57.409
219.026 70.749 70.606 57.409
219.026 65.709 70.606 57.409
219.026 66.213 70.606 57.409
218.245 65.578 72.168 58.679
217.732 61.982 72.168 58.679
221.070 63.635 70.629 57.428
219.558 64.643 70.629 57.428
220.062 64.643 70.629 57.428
220.062 64.139 70.629 57.428
220.062 64.643 70.629 57.428
220.815 66.767 69.123 56.203
222.044 68.843 67.649 55.004
221.562 67.396 67.649 55.004
221.296 68.234 69.146 56.221
221.049 65.881 67.671 55.022
220.782 65.272 69.168 56.240
219.033 64.158 70.699 57.484
220.770 62.514 72.263 58.756
218.708 60.967 72.263 58.756
218.192 62.514 72.263 58.756
219.994 63.656 70.722 57.503
219.236 64.773 69.214 56.277
219.974 65.374 67.738 55.077
221.179 65.961 66.293 53.902
220.941 67.008 64.880 52.753
223.254 65.157 64.880 52.753
222.329 63.306 64.880 52.753
220.707 67.108 63.496 51.628
220.457 66.990 64.901 52.770
219.739 65.480 66.337 53.937
217.377 65.008 66.337 53.937
215.959 66.425 66.337 53.937
215.959 66.425 66.337 53.937
215.721 67.473 64.922 52.787
218.035 67.010 64.922 52.787
215.721 67.936 64.922 52.787
213.615 67.815 66.358 53.955
212.197 67.815 66.358 53.955
214.795 68.390 64.943 52.804
214.099 69.416 63.558 51.678
215.230 69.967 62.203 50.576
213.900 71.296 62.203 50.576
211.685 71.296 62.203 50.576
212.348 70.949 60.877 49.498
211.915 71.816 60.877 49.498
211.264 72.344 59.578 48.442
211.689 71.918 59.578 48.442
212.540 73.195 59.578 48.442
210.413 71.918 59.578 48.442
212.750 73.286 58.308 47.409
211.293 73.791 57.064 46.398
211.090 75.098 55.847 45.409
210.074 74.993 57.083 46.413
208.035 75.401 57.083 46.413
210.890 73.770 57.083 46.413
208.443 74.178 57.083 46.413
208.627 73.664 58.346 47.440
207.150 70.645 59.637 48.490
207.361 71.162 58.365 47.456
208.192 71.162 58.365 47.456
210.270 71.994 58.365 47.456
207.131 70.637 59.657 48.506
209.894 71.155 58.384 47.471
207.607 72.076 57.139 46.459
208.606 70.747 58.403 47.487
210.476 72.500 57.158 46.474
208.437 72.092 57.158 46.474
205.990 72.500 57.158 46.474
208.437 72.908 57.158 46.474
206.581 72.394 58.423 47.502
205.334 73.225 58.423 47.502
205.749 74.472 58.423 47.502
209.282 74.979 57.177 46.489
206.610 74.057 58.442 47.518
205.133 73.531 59.735 48.569
206.174 72.143 61.056 49.644
205.954 72.672 59.754 48.585
204.252 72.672 59.754 48.585
205.293 71.284 61.076 49.660
204.423 71.284 61.076 49.660
205.509 72.684 59.774 48.601
204.422 71.721 61.096 49.677
206.164 71.721 61.096 49.677
203.552 71.285 61.096 49.677
202.441 70.736 62.448 50.776
203.552 71.277 61.116 49.693
202.681 71.277 61.116 49.693
202.440 69.857 62.469 50.792
201.326 70.843 61.137 49.709
203.067 70.843 61.137 49.709
202.413 71.809 59.833 48.649
204.333 72.755 58.557 47.612
203.080 72.755 58.557 47.612
202.850 71.811 59.852 48.665
204.560 72.666 59.852 48.665
201.995 72.666 59.852 48.665
203.705 72.666 59.852 48.665
202.634 74.039 58.576 47.627
200.545 72.786 58.576 47.627
202.216 72.786 58.576 47.627
199.897 71.424 59.872 48.681
202.462 72.279 59.872 48.681
200.752 72.279 59.872 48.681
204.172 71.424 59.872 48.681
200.090 70.031 61.197 49.758
198.107 68.174 62.551 50.859
198.750 66.722 63.935 51.984
197.841 67.177 63.935 51.984
198.750 67.177 63.935 51.984
197.841 66.722 63.935 51.984
197.841 66.722 63.935 51.984
197.133 66.601 65.349 53.134
196.410 66.014 66.795 54.310
197.599 67.069 65.371 53.152
197.599 66.136 65.371 53.152
197.343 64.615 66.817 54.328
197.080 65.919 68.295 55.530
195.838 64.333 69.806 56.758
195.838 64.831 69.806 56.758
195.838 64.831 69.806 56.758
195.340 64.333 69.806 56.758
197.578 65.436 68.318 55.548
196.823 63.849 69.829 56.777
195.054 63.719 71.374 58.033
195.307 65.353 69.852 56.796
195.805 66.349 69.852 56.796
196.550 67.951 68.362 55.584
198.503 68.439 68.362 55.584
198.503 69.416 68.362 55.584
197.767 69.520 66.905 54.399
198.004 70.577 65.478 53.239
198.938 70.577 65.478 53.239
199.404 70.577 65.478 53.239
200.804 70.577 65.478 53.239
200.569 71.611 64.081 52.104
200.112 72.068 64.081 52.104
200.317 71.948 65.499 53.256
201.482 72.049 64.102 52.121
201.939 72.506 64.102 52.121
202.396 72.506 64.102 52.121
200.568 73.420 64.102 52.121
204.223 73.877 64.102 52.121
202.396 72.506 64.102 52.121
204.223 72.963 64.102 52.121
203.310 72.049 64.102 52.121
204.223 72.506 64.102 52.121
201.687 72.843 65.521 53.274
204.953 72.377 65.521 53.274
204.719 72.011 64.124 52.138
206.546 71.555 64.124 52.138
204.719 71.098 64.124 52.138
207.003 71.555 64.124 52.138
205.859 72.567 62.756 51.026
209.436 72.567 62.756 51.026
207.200 73.014 62.756 51.026
210.330 73.014 62.756 51.026
209.883 72.567 62.756 51.026
207.847 69.768 64.145 52.155
207.595 69.648 65.564 53.309
209.928 69.648 65.564 53.309
209.669 68.124 67.014 54.488
211.583 67.646 67.014 54.488
210.862 67.749 65.585 53.326
210.137 67.625 67.036 54.506
211.572 67.147 67.036 54.506
213.007 67.625 67.036 54.506
211.787 67.501 68.519 55.712
212.764 67.989 68.519 55.712
214.228 68.477 68.519 55.712
215.205 68.966 68.519 55.712
215.693 68.477 68.519 55.712
216.670 68.477 68.519 55.712
215.423 67.373 70.035 56.945
215.923 68.373 70.035 56.945
217.923 67.873 70.035 56.945
217.649 66.243 71.585 58.205
218.158 66.243 71.585 58.205
219.688 66.243 71.585 58.205
218.386 64.579 73.169 59.492
221.253 66.778 71.608 58.224
219.723 67.798 71.608 58.224
223.036 69.948 70.081 56.982
222.036 69.948 70.081 56.982
223.536 70.448 70.081 56.982
224.536 72.948 70.081 56.982
226.036 73.448 70.081 56.982
226.036 73.448 70.081 56.982
227.536 73.448 70.081 56.982
229.536 71.448 70.081 56.982
227.536 71.948 70.081 56.982
231.036 70.948 70.081 56.982
231.536 70.948 70.081 56.982
231.036 71.448 70.081 56.982
232.760 70.818 71.632 58.243
232.478 70.174 73.217 59.531
232.711 68.472 74.837 60.849
235.378 68.472 74.837 60.849
232.950 68.332 76.492 62.195
236.220 67.242 76.492 62.195
239.216 67.905 74.861 60.869
240.283 66.838 74.861 60.869
241.350 66.305 74.861 60.869
238.388 65.632 76.518 62.215
240.569 65.087 76.518 62.215
242.749 64.541 76.518 62.215
245.475 63.996 76.518 62.215
245.475 63.996 76.518 62.215
245.475 62.906 76.518 62.215
247.354 61.128 78.211 63.592
248.467 61.685 78.211 63.592
247.910 62.241 78.211 63.592
249.024 63.912 78.211 63.592
249.581 63.355 78.211 63.592
250.695 65.026 78.211 63.592
254.870 65.147 76.543 62.236
254.325 64.057 76.543 62.236
254.023 63.368 78.236 63.613
256.251 65.596 78.236 63.613
256.251 65.596 78.236 63.613
256.251 66.709 78.236 63.613
257.921 65.596 78.236 63.613
256.807 66.709 78.236 63.613
257.613 67.119 79.967 65.020
257.042 66.549 79.967 65.020
258.754 65.978 79.967 65.020
259.010 66.400 81.736 66.459
262.504 65.235 81.736 66.459
259.853 65.083 83.545 67.929
258.333 64.331 85.393 69.432
261.980 64.939 85.393 69.432
263.803 66.155 85.393 69.432
260.764 67.370 85.393 69.432
260.427 65.994 87.283 70.968
260.427 65.373 87.283 70.968
261.049 64.751 87.283 70.968
260.427 64.130 87.283 70.968
266.331 64.886 85.421 69.455
264.501 64.886 85.421 69.455
265.721 64.886 85.421 69.455
266.022 65.627 83.600 67.974
265.097 65.471 85.449 69.477
266.317 65.471 85.449 69.477
265.097 66.081 85.449 69.477
271.496 66.822 83.627 67.996
267.591 65.473 85.477 69.500
266.981 65.473 85.477 69.500
267.255 64.095 87.368 71.038
266.631 64.095 87.368 71.038
269.126 64.095 87.368 71.038
268.502 64.718 87.368 71.038
268.783 63.309 89.302 72.610
268.145 65.221 89.302 72.610
267.823 65.995 87.397 71.061
269.694 66.618 87.397 71.061
269.070 65.995 87.397 71.061
