73.000 126.000 29.000 23.000
73.408 125.388 29.000 23.000
73.699 125.746 29.642 23.509
73.909 124.697 29.642 23.509
74.958 125.116 29.642 23.509
76.007 124.487 29.642 23.509
76.846 125.116 29.642 23.509
77.265 124.697 29.642 23.509
78.944 124.487 29.642 23.509
79.573 123.857 29.642 23.509
80.203 123.228 29.642 23.509
79.364 123.648 29.642 23.509
80.413 123.857 29.642 23.509
81.462 122.808 29.642 23.509
82.091 122.179 29.642 23.509
82.930 121.549 29.642 23.509
82.091 122.179 29.642 23.509
83.560 121.549 29.642 23.509
84.189 121.969 29.642 23.509
85.028 120.920 29.642 23.509
84.189 120.920 29.642 23.509
85.028 120.920 29.642 23.509
86.287 120.500 29.642 23.509
86.916 121.759 29.642 23.509
86.916 120.710 29.642 23.509
87.126 122.179 29.642 23.509
88.267 121.289 30.297 24.029
89.336 121.931 30.297 24.029
90.283 121.024 30.968 24.561
88.324 122.329 30.968 24.561
88.977 121.459 30.968 24.561
90.718 120.806 30.968 24.561
90.283 121.459 30.968 24.561
89.412 121.241 30.968 24.561
90.283 120.806 30.968 24.561
90.500 121.894 30.968 24.561
90.158 122.275 31.653 25.104
91.052 122.275 31.653 25.104
90.828 122.946 31.653 25.104
90.605 122.722 31.653 25.104
90.828 122.722 31.653 25.104
90.828 122.946 31.653 25.104
91.052 123.840 31.653 25.104
91.499 124.734 31.653 25.104
92.170 125.181 31.653 25.104
92.393 125.628 31.653 25.104
91.723 125.181 31.653 25.104
91.946 126.299 31.653 25.104
92.840 126.522 31.653 25.104
92.840 126.075 31.653 25.104
93.064 126.522 31.653 25.104
93.287 126.299 31.653 25.104
93.064 126.746 31.653 25.104
94.181 126.075 31.653 25.104
94.181 125.852 31.653 25.104
94.181 125.405 31.653 25.104
94.628 126.075 31.653 25.104
95.299 125.405 31.653 25.104
96.193 125.405 31.653 25.104
96.417 125.181 31.653 25.104
96.640 124.958 31.653 25.104
97.087 124.287 31.653 25.104
97.758 124.734 31.653 25.104
96.961 124.009 32.353 25.659
97.306 124.056 31.663 25.112
96.411 124.503 31.663 25.112
97.306 123.832 31.663 25.112
97.529 124.056 31.663 25.112
97.976 124.056 31.663 25.112
97.976 124.056 31.663 25.112
98.647 124.056 31.663 25.112
97.976 124.056 31.663 25.112
98.423 124.056 31.663 25.112
98.647 124.056 31.663 25.112
99.094 123.832 31.663 25.112
99.541 123.832 31.663 25.112
98.200 123.832 31.663 25.112
98.870 123.832 31.663 25.112
99.541 124.279 31.663 25.112
99.764 124.503 31.663 25.112
100.211 123.385 31.663 25.112
99.541 123.832 31.663 25.112
99.988 123.832 31.663 25.112
99.988 123.385 31.663 25.112
100.211 124.056 31.663 25.112
100.659 123.609 31.663 25.112
101.106 123.385 31.663 25.112
101.202 123.331 32.364 25.668
101.430 123.786 32.364 25.668
101.657 123.103 32.364 25.668
100.747 123.331 32.364 25.668
101.202 124.013 32.364 25.668
101.885 123.103 32.364 25.668
101.657 123.558 32.364 25.668
101.657 123.786 32.364 25.668
100.617 122.592 33.080 26.236
101.550 122.592 33.080 26.236
102.250 122.825 33.080 26.236
101.550 123.059 33.080 26.236
101.550 123.292 33.080 26.236
102.250 123.759 33.080 26.236
101.670 122.872 32.374 25.676
102.352 123.327 32.374 25.676
101.897 123.554 32.374 25.676
103.034 124.009 32.374 25.676
103.717 123.781 32.374 25.676
103.717 123.099 32.374 25.676
103.944 123.554 32.374 25.676
104.399 124.009 32.374 25.676
103.489 123.781 32.374 25.676
103.380 123.600 31.684 25.129
104.274 123.153 31.684 25.129
103.156 123.600 31.684 25.129
104.050 122.930 31.684 25.129
104.721 123.153 31.684 25.129
104.497 122.930 31.684 25.129
103.603 122.706 31.684 25.129
104.274 122.706 31.684 25.129
103.827 122.483 31.684 25.129
103.923 122.205 32.385 25.685
104.378 122.432 32.385 25.685
103.696 122.660 32.385 25.685
103.468 121.295 32.385 25.685
104.151 121.977 32.385 25.685
104.378 122.205 32.385 25.685
103.696 122.205 32.385 25.685
104.268 121.796 31.694 25.137
105.053 122.735 31.019 24.601
105.053 122.082 31.019 24.601
106.037 122.779 30.357 24.076
106.147 123.036 29.710 23.563
106.147 123.246 29.710 23.563
105.727 123.246 29.710 23.563
106.147 123.456 29.710 23.563
106.357 123.666 29.710 23.563
106.883 124.127 29.076 23.060
105.532 123.872 29.719 23.571
105.952 123.242 29.719 23.571
105.742 123.452 29.719 23.571
106.162 123.662 29.719 23.571
106.372 123.872 29.719 23.571
107.421 123.032 29.719 23.571
105.640 123.074 29.086 23.068
106.361 123.320 28.465 22.576
106.961 123.320 28.465 22.576
105.847 123.470 29.095 23.076
105.951 122.481 28.475 22.583
106.351 123.481 28.475 22.583
106.351 123.681 28.475 22.583
106.951 123.681 28.475 22.583
106.151 123.681 28.475 22.583
106.654 124.122 27.868 22.102
106.654 123.141 27.868 22.102
107.344 123.573 27.273 21.631
108.689 123.765 27.273 21.631
106.959 123.765 27.273 21.631
107.536 124.149 27.273 21.631
106.482 124.188 26.692 21.169
107.988 124.753 26.692 21.169
106.482 124.376 26.692 21.169
107.611 125.129 26.692 21.169
108.176 125.129 26.692 21.169
106.939 124.707 27.282 21.638
107.324 124.515 27.282 21.638
108.092 124.322 27.282 21.638
108.092 124.515 27.282 21.638
108.284 124.707 27.282 21.638
108.477 124.899 27.282 21.638
106.747 124.707 27.282 21.638
107.324 124.707 27.282 21.638
108.092 124.515 27.282 21.638
107.131 124.707 27.282 21.638
107.406 124.467 27.886 22.116
106.034 123.879 27.886 22.116
107.210 124.467 27.886 22.116
107.014 124.467 27.886 22.116
107.602 124.271 27.886 22.116
106.902 123.438 28.503 22.606
106.702 123.438 28.503 22.606
107.502 124.038 28.503 22.606
106.502 123.438 28.503 22.606
107.502 123.838 28.503 22.606
107.302 123.838 28.503 22.606
107.302 123.838 28.503 22.606
107.302 123.838 28.503 22.606
106.902 124.038 28.503 22.606
107.302 124.238 28.503 22.606
107.702 124.638 28.503 22.606
108.102 124.838 28.503 22.606
107.302 124.038 28.503 22.606
108.102 124.638 28.503 22.606
107.902 125.038 28.503 22.606
107.702 124.638 28.503 22.606
108.502 124.838 28.503 22.606
108.502 124.238 28.503 22.606
107.902 124.038 28.503 22.606
107.702 123.838 28.503 22.606
108.702 123.238 28.503 22.606
108.986 123.188 29.133 23.106
108.163 122.777 29.133 23.106
108.986 123.188 29.133 23.106
108.369 122.571 29.133 23.106
109.192 122.777 29.133 23.106
109.192 122.982 29.133 23.106
108.986 121.953 29.133 23.106
108.574 121.953 29.133 23.106
109.398 121.953 29.133 23.106
109.503 122.405 28.512 22.613
109.903 122.805 28.512 22.613
110.007 123.446 27.904 22.131
110.987 123.839 27.904 22.131
110.791 124.231 27.904 22.131
111.183 123.642 27.904 22.131
110.791 124.035 27.904 22.131
111.575 123.839 27.904 22.131
110.875 123.594 28.521 22.620
111.165 124.151 29.153 23.121
110.341 123.328 29.153 23.121
111.371 123.945 29.153 23.121
110.753 123.740 29.153 23.121
111.254 123.896 29.798 23.633
110.625 123.476 29.798 23.633
109.786 123.056 29.798 23.633
111.044 123.266 29.798 23.633
109.666 122.375 30.457 24.155
111.589 122.589 30.457 24.155
109.970 121.253 31.131 24.690
111.946 121.912 31.131 24.690
111.068 122.132 31.131 24.690
113.044 121.692 31.131 24.690
114.035 122.614 30.467 24.163
114.360 123.735 29.817 23.648
114.150 121.637 29.817 23.648
113.521 122.686 29.817 23.648
113.940 121.847 29.817 23.648
113.611 122.005 30.477 24.171
113.504 122.262 29.827 23.656
117.071 123.102 29.827 23.656
115.812 123.731 29.827 23.656
116.441 124.570 29.827 23.656
117.700 125.409 29.827 23.656
117.179 123.983 29.191 23.151
118.003 123.983 29.191 23.151
117.797 124.189 29.191 23.151
118.414 124.601 29.191 23.151
119.650 125.218 29.191 23.151
118.709 124.345 29.837 23.664
118.709 125.394 29.837 23.664
119.339 124.345 29.837 23.664
120.597 125.604 29.837 23.664
119.968 123.715 29.837 23.664
120.388 122.037 29.837 23.664
121.437 123.086 29.837 23.664
122.695 122.666 29.837 23.664
121.856 123.925 29.837 23.664
122.486 121.617 29.837 23.664
124.272 122.709 29.200 23.159
124.478 123.532 29.200 23.159
125.802 122.453 29.846 23.671
125.173 123.502 29.846 23.671
127.900 122.453 29.846 23.671
127.271 123.082 29.846 23.671
129.369 122.033 29.846 23.671
128.530 122.662 29.846 23.671
129.579 123.082 29.846 23.671
128.110 122.033 29.846 23.671
130.507 122.401 30.507 24.195
131.370 123.263 30.507 24.195
134.174 121.753 30.507 24.195
133.837 122.133 31.182 24.730
133.052 122.299 31.872 25.277
133.167 122.343 31.192 24.738
134.045 121.684 31.192 24.738
134.484 120.586 31.192 24.738
138.437 119.707 31.192 24.738
137.120 118.170 31.192 24.738
138.218 117.731 31.192 24.738
138.218 117.511 31.192 24.738
139.096 117.292 31.192 24.738
139.755 116.852 31.192 24.738
139.755 116.413 31.192 24.738
140.194 116.194 31.192 24.738
141.951 116.194 31.192 24.738
142.390 115.754 31.192 24.738
143.708 115.315 31.192 24.738
142.610 116.413 31.192 24.738
143.049 117.292 31.192 24.738
143.488 118.829 31.192 24.738
142.390 118.829 31.192 24.738
143.488 118.170 31.192 24.738
142.484 118.116 31.882 25.286
144.288 118.116 31.882 25.286
143.837 118.567 31.882 25.286
142.935 119.694 31.882 25.286
143.386 119.694 31.882 25.286
142.935 119.469 31.882 25.286
142.935 119.694 31.882 25.286
141.906 119.866 32.587 25.845
140.989 118.260 32.587 25.845
143.053 119.636 32.587 25.845
136.060 117.847 31.893 25.294
136.060 118.749 31.893 25.294
134.481 118.749 31.893 25.294
137.638 119.426 31.893 25.294
136.962 119.877 31.893 25.294
135.949 119.921 31.212 24.755
136.388 120.360 31.212 24.755
136.388 121.678 31.212 24.755
136.608 121.897 31.212 24.755
136.262 122.721 31.903 25.302
135.586 123.623 31.903 25.302
133.429 124.020 32.609 25.862
134.805 124.938 32.609 25.862
133.527 125.110 33.330 26.434
133.394 124.112 34.068 27.019
133.633 124.830 34.068 27.019
129.566 126.026 34.068 27.019
129.805 126.504 34.068 27.019
128.370 126.983 34.068 27.019
128.232 126.444 34.821 27.617
127.742 124.729 34.821 27.617
125.886 124.668 35.592 28.228
125.635 122.410 35.592 28.228
124.632 123.162 35.592 28.228
124.130 123.915 35.592 28.228
123.377 121.406 35.592 28.228
122.624 119.398 35.592 28.228
121.871 120.904 35.592 28.228
118.859 120.151 35.592 28.228
117.733 120.954 34.833 27.626
119.938 122.179 34.833 27.626
117.487 120.463 34.833 27.626
115.898 118.797 34.090 27.037
121.567 121.256 33.363 26.460
117.097 119.374 33.363 26.460
120.276 124.832 32.652 25.896
120.047 126.668 32.652 25.896
133.909 123.858 33.374 26.469
135.086 122.211 33.374 26.469
133.674 123.858 33.374 26.469
132.497 124.799 33.374 26.469
131.556 125.740 33.374 26.469
130.246 127.330 34.112 27.055
130.005 126.606 34.112 27.055
128.558 127.812 34.112 27.055
127.110 129.741 34.112 27.055
125.663 128.294 34.112 27.055
124.940 129.259 34.112 27.055
124.458 131.188 34.112 27.055
123.975 128.777 34.112 27.055
122.392 130.889 34.867 27.653
121.412 132.115 34.867 27.653
121.166 129.418 34.867 27.653
120.186 132.115 34.867 27.653
119.310 128.867 35.639 28.265
118.808 127.111 35.639 28.265
128.596 109.291 35.639 28.265
129.851 107.785 35.639 28.265
127.341 108.538 35.639 28.265
126.194 105.716 36.427 28.890
124.653 106.486 36.427 28.890
124.507 106.423 37.233 29.530
122.405 106.686 37.233 29.530
121.354 104.847 37.233 29.530
120.303 105.110 37.233 29.530
119.515 103.796 37.233 29.530
117.150 104.584 37.233 29.530
116.099 105.898 37.233 29.530
115.574 103.270 37.233 29.530
114.260 104.584 37.233 29.530
113.209 104.584 37.233 29.530
111.632 105.372 37.233 29.530
112.683 103.533 37.233 29.530
110.844 104.321 37.233 29.530
109.531 104.321 37.233 29.530
107.429 104.321 37.233 29.530
106.115 104.321 37.233 29.530
105.064 104.847 37.233 29.530
103.750 103.008 37.233 29.530
102.962 103.533 37.233 29.530
100.597 104.059 37.233 29.530
102.699 103.270 37.233 29.530
100.860 104.321 37.233 29.530
99.809 105.110 37.233 29.530
98.232 103.008 37.233 29.530
97.444 103.796 37.233 29.530
96.131 104.584 37.233 29.530
95.193 103.469 38.057 30.183
93.581 104.544 38.057 30.183
92.776 105.350 38.057 30.183
91.432 105.887 38.057 30.183
91.701 103.738 38.057 30.183
90.089 105.618 38.057 30.183
