6.000 166.000 42.000 26.000
7.067 166.800 42.000 26.000
9.200 166.800 42.000 26.000
11.067 166.800 42.000 26.000
12.667 167.067 42.000 26.000
13.733 167.600 42.000 26.000
15.600 167.333 42.000 26.000
17.200 168.133 42.000 26.000
19.600 168.400 42.000 26.000
20.133 168.933 42.000 26.000
21.733 168.667 42.000 26.000
22.533 168.667 42.000 26.000
23.333 168.667 42.000 26.000
25.467 168.933 42.000 26.000
27.067 169.200 42.000 26.000
28.133 169.733 42.000 26.000
29.467 169.467 42.000 26.000
31.333 170.533 42.000 26.000
32.667 169.733 42.000 26.000
33.467 170.267 42.000 26.000
35.867 171.067 42.000 26.000
37.200 171.067 42.000 26.000
39.600 171.333 42.000 26.000
40.400 171.867 42.000 26.000
43.067 171.867 42.000 26.000
43.867 172.133 42.000 26.000
45.200 172.667 42.000 26.000
46.800 172.667 42.000 26.000
47.333 172.667 42.000 26.000
48.933 172.667 42.000 26.000
49.467 172.667 42.000 26.000
51.067 172.667 42.000 26.000
51.600 172.667 42.000 26.000
51.867 172.667 42.000 26.000
52.202 172.112 42.929 26.575
53.837 172.930 42.929 26.575
54.382 172.930 42.929 26.575
55.745 172.930 42.929 26.575
56.563 172.930 42.929 26.575
57.380 173.203 42.929 26.575
59.288 173.475 42.929 26.575
60.106 173.748 42.929 26.575
61.469 172.112 42.929 26.575
63.104 172.930 42.929 26.575
63.922 172.385 42.929 26.575
65.012 172.930 42.929 26.575
66.647 172.112 42.929 26.575
67.737 172.112 42.929 26.575
69.373 172.112 42.929 26.575
71.008 171.840 42.929 26.575
71.078 171.273 43.879 27.163
72.470 171.273 43.879 27.163
73.862 171.552 43.879 27.163
74.141 172.109 43.879 27.163
75.533 171.552 43.879 27.163
77.204 172.665 43.879 27.163
78.317 172.387 43.879 27.163
79.709 171.830 43.879 27.163
80.266 172.109 43.879 27.163
81.937 171.552 43.879 27.163
81.452 171.808 44.850 27.764
83.157 172.092 44.850 27.764
83.442 172.661 44.850 27.764
84.579 171.808 44.850 27.764
83.157 172.661 44.850 27.764
84.863 172.377 44.850 27.764
84.010 172.661 44.850 27.764
83.799 172.070 45.842 28.378
83.872 171.175 46.856 29.006
83.057 171.150 47.893 29.648
82.450 172.366 47.893 29.648
82.224 171.430 48.953 30.304
82.533 172.050 48.953 30.304
82.843 171.740 48.953 30.304
82.843 172.360 48.953 30.304
81.914 172.670 48.953 30.304
83.153 172.670 48.953 30.304
84.082 172.979 48.953 30.304
83.463 171.740 48.953 30.304
83.463 172.979 48.953 30.304
84.392 172.360 48.953 30.304
83.153 173.289 48.953 30.304
83.463 172.979 48.953 30.304
83.541 172.644 50.036 30.975
83.623 172.301 51.143 31.660
84.270 173.919 51.143 31.660
82.652 174.243 51.143 31.660
83.299 174.566 51.143 31.660
82.410 174.216 52.274 32.360
82.410 174.879 52.274 32.360
82.410 174.547 52.274 32.360
82.078 174.547 52.274 32.360
83.073 174.547 52.274 32.360
82.410 174.879 52.274 32.360
80.506 175.183 53.431 33.076
80.589 173.806 54.613 33.808
81.280 174.151 54.613 33.808
80.935 174.841 54.613 33.808
81.021 173.432 55.821 34.556
81.021 174.138 55.821 34.556
81.021 174.491 55.821 34.556
81.021 173.785 55.821 34.556
81.021 174.138 55.821 34.556
81.374 174.491 55.821 34.556
82.079 173.785 55.821 34.556
81.374 174.491 55.821 34.556
82.785 173.785 55.821 34.556
81.727 173.785 55.821 34.556
82.785 174.138 55.821 34.556
83.491 173.785 55.821 34.556
85.256 173.079 55.821 34.556
85.344 173.755 57.057 35.321
85.344 173.755 57.057 35.321
85.705 173.034 57.057 35.321
86.787 171.230 57.057 35.321
87.148 172.312 57.057 35.321
86.066 173.034 57.057 35.321
87.870 171.951 57.057 35.321
88.321 171.561 58.319 36.102
88.413 170.793 59.609 36.901
88.413 171.922 59.609 36.901
88.790 172.299 59.609 36.901
89.542 172.299 59.609 36.901
89.636 171.890 60.928 37.717
90.409 171.504 60.928 37.717
91.280 171.087 62.276 38.552
91.773 171.449 63.654 39.405
92.577 170.645 63.654 39.405
93.783 171.449 63.654 39.405
93.079 170.611 65.062 40.277
93.594 170.577 66.502 41.168
94.123 169.700 67.973 42.079
94.230 169.664 69.477 43.010
95.987 170.103 69.477 43.010
96.865 169.225 69.477 43.010
96.975 168.310 71.014 43.961
98.322 168.759 71.014 43.961
98.435 168.272 72.585 44.934
99.352 167.813 72.585 44.934
99.811 168.272 72.585 44.934
101.646 166.896 72.585 44.934
102.564 167.813 72.585 44.934
104.399 167.355 72.585 44.934
104.973 165.940 74.191 45.928
106.855 167.352 74.191 45.928
109.208 166.881 74.191 45.928
108.387 165.902 75.833 46.944
110.789 165.422 75.833 46.944
113.191 165.902 75.833 46.944
112.352 164.903 77.511 47.983
113.456 164.862 79.226 49.044
114.962 164.862 79.226 49.044
117.472 163.356 79.226 49.044
116.093 162.312 80.978 50.130
117.117 161.800 80.978 50.130
118.140 161.288 80.978 50.130
117.628 162.312 80.978 50.130
116.605 161.800 80.978 50.130
116.093 160.776 80.978 50.130
118.780 160.734 82.770 51.239
117.209 160.734 82.770 51.239
127.288 163.831 84.601 52.372
165.660 167.602 82.797 51.255
154.143 164.461 82.797 51.255
144.195 161.843 82.797 51.255
138.044 162.846 84.629 52.389
154.638 165.523 84.629 52.389
150.188 161.264 82.824 51.272
145.476 160.740 82.824 51.272
141.942 160.173 84.657 52.407
127.489 155.355 84.657 52.407
122.672 157.497 84.657 52.407
156.930 161.779 84.657 52.407
159.607 161.779 84.657 52.407
158.001 160.708 84.657 52.407
154.923 159.593 86.530 53.566
152.872 157.360 88.444 54.751
160.162 160.164 88.444 54.751
159.601 159.603 88.444 54.751
161.284 160.724 88.444 54.751
160.162 159.042 88.444 54.751
161.844 159.603 88.444 54.751
161.427 158.436 90.401 55.963
162.144 157.817 92.401 57.201
161.707 157.769 94.446 58.466
165.295 157.171 94.446 58.466
170.079 157.769 94.446 58.466
174.265 157.769 94.446 58.466
179.648 155.975 94.446 58.466
182.789 154.730 96.535 59.760
186.615 152.845 98.671 61.082
193.496 155.347 98.671 61.082
200.376 154.096 98.671 61.082
198.659 150.293 100.854 62.434
200.739 148.324 103.086 63.815
200.252 150.883 105.366 65.227
204.252 151.549 105.366 65.227
201.086 147.494 107.698 66.670
197.848 144.710 110.081 68.145
194.542 145.348 112.516 69.653
191.162 143.154 115.005 71.194
185.525 138.729 117.550 72.769
185.525 137.243 117.550 72.769
181.252 132.722 120.151 74.379
178.209 130.440 120.151 74.379
175.927 132.722 120.151 74.379
173.404 135.037 117.589 72.793
165.397 131.251 120.190 74.403
145.617 126.687 120.190 74.403
133.444 117.557 120.190 74.403
129.640 116.796 120.190 74.403
141.052 119.079 120.190 74.403
141.052 116.036 120.190 74.403
150.181 114.514 120.190 74.403
157.789 109.188 120.190 74.403
157.549 106.939 117.627 72.817
167.981 110.664 117.627 72.817
172.451 109.919 117.627 72.817
178.412 112.154 117.627 72.817
182.647 111.441 115.119 71.264
188.980 107.824 112.664 69.744
197.545 108.538 112.664 69.744
202.541 109.251 112.664 69.744
208.964 107.110 112.664 69.744
214.674 104.255 112.664 69.744
223.013 105.713 110.261 68.257
227.678 103.648 107.910 66.801
234.288 102.314 105.609 65.377
240.094 103.011 103.356 63.983
245.781 101.728 101.152 62.618
250.910 102.369 101.152 62.618
257.759 100.472 98.995 61.283
259.642 98.590 98.995 61.283
265.916 97.335 98.995 61.283
269.213 99.167 101.185 62.639
276.266 99.167 101.185 62.639
281.395 100.449 101.185 62.639
348.078 135.714 101.185 62.639
355.131 138.279 101.185 62.639
358.978 134.432 101.185 62.639
361.543 129.302 101.185 62.639
366.031 131.867 101.185 62.639
371.801 133.149 101.185 62.639
377.572 134.432 101.185 62.639
388.472 131.867 101.185 62.639
394.884 130.585 101.185 62.639
409.631 131.867 101.185 62.639
420.531 128.020 101.185 62.639
436.560 129.302 101.185 62.639
453.231 124.173 101.185 62.639
470.543 123.532 101.185 62.639
494.907 126.096 101.185 62.639
