143.000 125.000 30.000 54.000
143.000 125.327 30.000 54.000
143.000 125.655 30.000 54.000
143.000 125.655 30.000 54.000
143.000 125.655 30.000 54.000
143.327 125.982 30.000 54.000
143.655 126.637 30.000 54.000
143.327 126.637 30.000 54.000
143.655 126.637 30.000 54.000
143.000 126.637 30.000 54.000
143.327 126.637 30.000 54.000
143.655 126.965 30.000 54.000
143.000 126.965 30.000 54.000
143.000 126.965 30.000 54.000
143.000 125.655 30.000 54.000
142.673 124.673 30.000 54.000
141.358 123.093 30.664 55.195
141.358 123.093 30.664 55.195
140.349 122.818 31.342 56.416
140.343 123.558 32.036 57.664
140.687 124.316 32.744 58.940
139.968 124.021 33.469 60.244
140.332 124.751 33.469 60.244
140.327 122.990 34.209 61.577
140.321 123.054 34.966 62.939
139.552 123.505 35.740 64.332
137.986 123.573 36.531 65.755
137.582 122.846 37.339 67.210
137.168 121.287 38.165 68.697
137.578 121.774 39.009 70.217
137.997 122.274 39.872 71.770
138.868 123.579 39.872 71.770
138.427 122.350 40.755 73.358
137.531 122.429 41.656 74.981
137.986 122.429 41.656 74.981
137.986 123.339 41.656 74.981
137.531 123.794 41.656 74.981
136.166 123.339 41.656 74.981
135.256 124.703 41.656 74.981
132.527 125.158 41.656 74.981
131.606 126.868 40.768 73.382
131.596 126.760 39.899 71.818
130.715 127.526 39.048 70.286
128.588 125.398 39.048 70.286
126.026 123.595 38.215 68.787
127.269 122.240 37.400 67.320
129.707 124.181 36.603 65.885
131.297 125.284 35.822 64.480
135.589 124.503 35.822 64.480
137.532 124.410 35.058 63.105
141.347 126.613 34.310 61.759
145.466 126.238 34.310 61.759
149.952 126.148 33.579 60.442
149.576 128.992 32.863 59.153
147.415 131.776 32.162 57.891
146.362 132.127 32.162 57.891
144.958 130.021 32.162 57.891
141.448 132.829 32.162 57.891
140.045 134.935 32.162 57.891
137.939 138.795 32.162 57.891
137.939 139.146 32.162 57.891
138.290 139.848 32.162 57.891
140.396 140.550 32.162 57.891
141.097 139.146 32.162 57.891
140.391 137.453 32.873 59.172
140.391 134.941 32.873 59.172
139.314 132.071 32.873 59.172
137.879 132.071 32.873 59.172
135.008 129.559 32.873 59.172
134.286 125.675 33.601 60.481
135.381 120.239 34.344 61.820
136.873 110.567 35.104 63.187
138.779 99.545 35.881 64.585
140.735 89.418 36.675 66.014
139.935 85.018 36.675 66.014
136.330 81.488 37.486 67.475
130.587 81.561 38.315 68.968
121.817 85.320 38.315 68.968
112.211 94.091 38.315 68.968
100.093 108.363 39.163 70.494
95.818 122.896 39.163 70.494
97.101 135.720 39.163 70.494
102.658 149.398 39.163 70.494
109.491 157.595 40.030 72.053
120.860 166.777 40.030 72.053
131.791 172.462 40.030 72.053
144.909 176.397 40.030 72.053
154.091 177.709 40.030 72.053
159.338 175.085 40.030 72.053
159.775 170.713 40.030 72.053
157.152 160.218 40.030 72.053
153.217 154.971 40.030 72.053
150.156 145.352 40.030 72.053
147.532 136.169 40.030 72.053
143.160 130.048 40.030 72.053
135.716 122.071 39.176 70.517
131.014 118.224 39.176 70.517
124.592 116.839 38.341 69.013
117.492 118.509 38.341 69.013
112.054 123.422 37.523 67.541
111.635 127.420 36.723 66.101
114.426 131.725 35.940 64.691
117.564 132.509 35.940 64.691
122.653 132.807 35.173 63.312
129.177 133.866 34.423 61.962
134.438 132.645 33.689 60.640
138.104 130.445 33.689 60.640
143.964 128.891 32.971 59.347
147.186 127.371 32.268 58.082
150.353 124.814 31.579 56.843
150.345 121.279 30.906 55.631
152.024 120.523 30.247 54.444
150.040 118.468 29.602 53.283
148.099 117.174 29.602 53.283
144.540 115.556 29.602 53.283
138.717 117.498 29.602 53.283
134.187 119.762 29.602 53.283
133.217 122.674 29.602 53.283
133.864 125.909 29.602 53.283
133.540 128.498 29.602 53.283
135.154 131.143 30.257 54.462
135.813 132.132 30.257 54.462
137.130 129.167 30.257 54.462
139.436 126.861 30.257 54.462
138.448 125.214 30.257 54.462
137.460 124.555 30.257 54.462
135.483 122.249 30.257 54.462
133.836 120.273 30.257 54.462
133.500 116.901 29.612 53.301
134.147 116.901 29.612 53.301
133.824 117.548 29.612 53.301
132.530 117.871 29.612 53.301
132.206 116.901 29.612 53.301
133.169 115.851 28.980 52.164
130.959 117.114 28.980 52.164
131.275 114.589 28.980 52.164
129.696 113.010 28.980 52.164
130.328 115.220 28.980 52.164
130.321 117.355 28.362 51.052
130.011 117.355 28.362 51.052
129.392 117.664 28.362 51.052
129.701 117.045 28.362 51.052
131.250 118.904 28.362 51.052
131.870 120.453 28.362 51.052
132.490 121.692 28.362 51.052
133.412 123.475 27.757 49.963
133.708 125.518 27.165 48.898
132.227 125.518 27.165 48.898
129.859 125.814 27.165 48.898
128.674 126.702 27.165 48.898
127.187 125.447 26.586 47.855
123.125 123.996 26.586 47.855
126.313 123.757 27.174 48.914
123.944 121.092 27.174 48.914
124.240 104.512 27.174 48.914
125.420 105.155 27.775 49.996
122.685 105.763 27.775 49.996
120.861 113.057 27.775 49.996
122.381 114.881 27.775 49.996
124.204 114.577 27.775 49.996
123.285 114.806 27.183 48.930
124.469 114.510 27.183 48.930
125.950 113.621 27.183 48.930
127.726 115.990 27.183 48.930
127.726 119.839 27.183 48.930
129.503 123.984 27.183 48.930
129.503 127.537 27.183 48.930
128.318 129.610 27.183 48.930
127.726 131.386 27.183 48.930
127.726 134.051 27.183 48.930
128.312 136.645 26.603 47.886
127.441 139.837 26.603 47.886
126.861 141.288 26.603 47.886
125.410 140.708 26.603 47.886
123.665 141.919 27.192 48.946
122.777 144.584 27.192 48.946
122.480 146.657 27.192 48.946
125.737 149.321 27.192 48.946
132.547 140.735 27.192 48.946
136.692 138.070 27.192 48.946
139.061 141.623 27.192 48.946
143.798 138.959 27.192 48.946
147.647 139.551 27.192 48.946
148.239 142.808 27.192 48.946
146.759 144.288 27.192 48.946
145.570 143.154 27.794 50.029
145.266 142.546 27.794 50.029
144.962 144.066 27.794 50.029
147.697 142.546 27.794 50.029
148.302 141.385 28.409 51.135
149.231 140.146 28.409 51.135
150.780 142.624 28.409 51.135
153.878 141.695 28.409 51.135
158.215 139.836 28.409 51.135
159.760 138.341 29.037 52.267
164.521 133.633 29.680 53.423
168.399 132.072 30.336 54.605
171.381 133.397 30.336 54.605
177.338 135.968 29.689 53.441
182.514 136.938 29.689 53.441
188.014 139.527 29.689 53.441
194.478 145.273 29.056 52.301
196.376 153.137 28.437 51.186
196.686 156.235 28.437 51.186
194.517 161.811 28.437 51.186
196.066 159.952 28.437 51.186
197.615 161.811 28.437 51.186
201.333 160.262 28.437 51.186
202.262 158.403 28.437 51.186
201.333 150.968 28.437 51.186
199.159 139.559 29.066 52.318
195.665 128.441 29.066 52.318
196.300 121.770 29.066 52.318
195.348 116.053 29.066 52.318
195.344 109.121 29.709 53.476
206.020 106.209 29.709 53.476
186.927 87.823 30.366 54.659
184.607 84.841 30.366 54.659
181.293 85.835 30.366 54.659
174.327 87.081 29.719 53.493
161.386 86.110 29.719 53.493
145.533 84.493 29.719 53.493
131.938 75.681 29.085 52.353
111.287 77.325 29.728 53.511
89.927 84.690 29.094 52.370
73.405 85.063 29.738 53.528
64.347 58.857 29.738 53.528
56.253 60.530 30.396 54.713
64.532 57.274 31.068 55.923
63.510 62.422 31.756 57.161
64.899 66.933 31.756 57.161
65.588 71.854 32.458 58.425
68.783 78.242 32.458 58.425
71.267 84.631 32.458 58.425
76.590 88.534 32.458 58.425
78.716 89.663 33.177 59.718
70.010 116.868 33.177 59.718
75.805 118.956 32.469 58.444
79.354 119.311 32.469 58.444
81.483 118.956 32.469 58.444
84.322 120.731 32.469 58.444
91.065 123.570 32.469 58.444
96.389 128.539 32.469 58.444
97.809 131.023 32.469 58.444
99.228 138.121 32.469 58.444
105.262 135.282 32.469 58.444
108.101 132.797 32.469 58.444
110.585 131.733 32.469 58.444
116.610 129.517 31.777 57.198
126.327 124.311 31.777 57.198
125.278 121.797 31.099 55.978
124.592 120.019 30.436 54.785
122.935 121.014 30.436 54.785
121.271 119.610 29.787 53.616
124.526 116.680 29.787 53.616
123.216 114.973 29.152 52.473
122.257 112.039 28.530 51.354
121.626 110.092 27.922 50.259
123.145 111.916 27.922 50.259
124.361 110.700 27.922 50.259
126.178 110.324 27.326 49.187
127.662 109.955 26.743 48.138
128.239 108.715 26.173 47.111
130.243 108.715 26.173 47.111
132.247 108.429 26.173 47.111
132.816 107.907 26.752 48.154
132.809 109.005 26.182 47.127
133.665 109.056 26.761 48.170
132.496 110.225 26.761 48.170
134.833 111.686 26.761 48.170
133.080 113.731 26.761 48.170
133.080 111.394 26.761 48.170
133.665 109.641 26.761 48.170
131.620 109.056 26.761 48.170
132.492 107.355 27.353 49.235
134.870 106.688 26.770 48.185
136.324 105.741 26.199 47.158
134.606 105.168 26.199 47.158
133.175 104.596 26.199 47.158
120.003 96.058 26.778 48.201
128.469 107.966 26.207 47.173
126.465 114.551 26.207 47.173
123.602 117.127 26.207 47.173
122.743 117.700 26.207 47.173
123.030 120.849 26.207 47.173
124.171 125.193 26.787 48.217
125.340 130.744 26.787 48.217
127.677 132.790 26.787 48.217
130.891 135.419 26.787 48.217
133.520 137.756 26.787 48.217
135.857 138.048 26.787 48.217
137.902 136.588 26.787 48.217
137.610 132.790 26.787 48.217
136.734 133.374 26.787 48.217
135.565 134.542 26.787 48.217
132.936 132.790 26.787 48.217
125.048 141.554 26.787 48.217
121.250 144.184 26.787 48.217
118.036 146.521 26.787 48.217
117.744 147.982 26.787 48.217
117.451 150.027 26.787 48.217
115.991 152.656 26.787 48.217
116.575 154.701 26.787 48.217
118.614 157.553 26.216 47.189
120.331 159.843 26.216 47.189
121.759 158.462 26.796 48.233
123.505 161.314 26.225 47.204
123.212 160.672 25.665 46.198
123.486 160.323 25.118 45.212
123.761 158.951 25.118 45.212
124.310 157.578 25.118 45.212
124.028 160.805 24.582 44.248
126.715 154.627 24.582 44.248
130.738 151.069 24.058 43.305
133.622 152.582 23.545 42.381
134.902 152.627 24.066 43.319
148.828 143.168 24.066 43.319
151.981 140.015 24.066 43.319
154.345 140.803 24.066 43.319
156.185 142.380 24.066 43.319
155.922 147.109 24.066 43.319
156.185 147.372 24.066 43.319
158.806 149.148 23.553 42.395
160.347 149.918 23.553 42.395
160.343 146.367 24.074 43.333
161.394 146.892 24.074 43.333
162.965 144.727 23.561 42.409
162.447 145.028 24.082 43.347
161.659 146.079 24.082 43.347
155.875 136.141 24.615 44.306
158.830 131.306 24.615 44.306
160.173 131.843 24.615 44.306
160.173 142.051 24.615 44.306
161.516 140.439 24.615 44.306
160.979 143.125 24.615 44.306
160.442 142.857 24.615 44.306
159.636 142.588 24.615 44.306
153.726 145.543 24.615 44.306
148.085 143.931 24.615 44.306
145.399 140.170 24.615 44.306
142.444 138.290 24.615 44.306
139.220 136.141 24.615 44.306
136.534 133.723 24.615 44.306
135.191 130.231 24.615 44.306
133.579 127.545 24.615 44.306
134.110 125.868 24.090 43.361
132.796 122.715 24.090 43.361
134.898 120.613 24.090 43.361
133.322 119.037 24.090 43.361
131.477 117.660 23.576 42.437
133.783 116.828 23.073 41.532
131.770 116.518 22.581 40.646
129.300 117.012 22.581 40.646
127.317 117.199 22.100 39.779
133.346 115.028 22.100 39.779
132.376 116.899 21.628 38.931
131.195 116.608 21.167 38.101
133.046 119.154 21.167 38.101
131.658 119.848 21.167 38.101
133.509 117.071 21.167 38.101
131.889 122.393 21.167 38.101
133.277 124.706 21.167 38.101
134.203 128.177 21.167 38.101
133.503 132.517 20.716 37.288
133.499 135.036 21.174 38.113
133.037 138.043 21.174 38.113
133.731 141.051 21.174 38.113
133.499 144.059 21.174 38.113
131.414 145.951 21.643 38.957
130.943 147.128 21.643 38.957
130.238 145.716 21.643 38.957
129.057 145.520 22.121 39.818
127.124 144.115 22.611 40.699
127.865 143.621 22.611 40.699
127.124 144.856 22.611 40.699
126.877 145.844 22.611 40.699
127.371 147.821 22.611 40.699
126.383 149.797 22.611 40.699
129.342 152.702 22.129 39.832
131.271 154.390 22.129 39.832
135.612 144.502 22.129 39.832
136.814 144.061 22.618 40.713
137.552 143.364 23.119 41.614
138.058 141.846 23.119 41.614
142.864 136.787 23.119 41.614
138.564 135.523 23.119 41.614
123.388 138.305 23.119 41.614
131.229 136.281 23.119 41.614
129.458 133.499 23.119 41.614
129.205 135.017 23.119 41.614
128.194 135.776 23.119 41.614
127.175 138.749 22.626 40.726
126.187 142.208 22.626 40.726
125.693 148.631 22.626 40.726
121.987 152.584 22.626 40.726
127.917 154.066 22.626 40.726
135.328 155.055 22.626 40.726
141.258 155.302 22.626 40.726
147.187 151.102 22.626 40.726
152.375 145.913 22.626 40.726
151.634 154.560 22.626 40.726
150.890 152.628 23.126 41.627
150.131 147.822 23.126 41.627
144.566 143.016 23.126 41.627
143.049 137.198 23.126 41.627
138.243 134.922 23.126 41.627
133.178 136.377 22.633 40.739
127.248 138.354 22.633 40.739
121.319 128.471 22.633 40.739
125.025 123.036 22.633 40.739
127.495 121.307 22.633 40.739
124.774 122.833 23.134 41.641
126.545 124.603 23.134 41.641
127.810 121.062 23.134 41.641
120.980 127.385 23.134 41.641
125.786 128.144 23.134 41.641
134.133 126.627 23.134 41.641
142.986 124.603 23.134 41.641
151.586 121.315 23.134 41.641
158.163 118.785 23.134 41.641
163.727 119.797 23.134 41.641
168.786 119.038 23.134 41.641
173.333 118.471 22.640 40.753
176.544 117.235 22.640 40.753
179.509 115.753 22.640 40.753
182.721 115.259 22.640 40.753
185.435 114.314 23.141 41.654
189.226 115.624 23.653 42.576
192.073 114.847 23.653 42.576
191.038 108.894 23.653 42.576
188.450 111.741 23.653 42.576
186.638 121.835 23.653 42.576
186.120 128.047 23.653 42.576
186.890 128.760 23.149 41.668
193.461 129.963 22.655 40.780
190.990 130.951 22.655 40.780
190.743 128.975 22.655 40.780
189.508 126.998 22.655 40.780
186.290 125.457 22.172 39.910
184.602 123.286 22.172 39.910
190.390 123.286 22.172 39.910
188.220 124.251 22.172 39.910
183.392 120.915 22.663 40.793
175.234 119.374 22.179 39.923
154.488 122.935 21.706 39.072
152.353 124.121 21.706 39.072
152.827 126.256 21.706 39.072
152.347 128.096 21.244 38.238
148.414 131.567 21.244 38.238
149.566 133.132 20.791 37.423
153.432 134.724 20.791 37.423
157.071 133.132 20.791 37.423
155.479 132.449 20.791 37.423
155.934 129.947 20.791 37.423
155.479 129.265 20.791 37.423
155.479 126.308 20.791 37.423
157.526 122.441 20.791 37.423
157.066 118.746 20.347 36.625
156.844 114.093 20.347 36.625
157.066 114.537 20.347 36.625
158.395 115.423 20.347 36.625
156.844 119.633 20.347 36.625
155.290 122.994 20.797 37.435
157.337 126.633 20.797 37.435
158.246 131.182 20.797 37.435
157.337 133.002 20.797 37.435
161.431 131.182 20.797 37.435
161.203 131.865 20.797 37.435
164.842 132.547 20.797 37.435
166.662 134.139 20.797 37.435
167.799 138.688 20.797 37.435
167.799 140.053 20.797 37.435
