298.000 160.000 48.000 80.000
298.500 163.000 48.000 80.000
299.000 165.000 48.000 80.000
300.000 168.000 48.000 80.000
301.500 171.500 48.000 80.000
303.500 175.000 48.000 80.000
306.500 178.500 48.000 80.000
311.000 179.000 48.000 80.000
315.000 181.500 48.000 80.000
318.000 181.500 48.000 80.000
319.500 181.500 48.000 80.000
317.969 182.115 49.062 81.770
319.504 181.091 49.062 81.770
317.969 182.115 49.062 81.770
315.891 180.187 50.147 83.579
314.848 180.187 50.147 83.579
313.283 180.708 50.147 83.579
312.240 181.752 50.147 83.579
311.718 183.316 50.147 83.579
310.675 182.273 50.147 83.579
309.632 182.795 50.147 83.579
307.546 182.795 50.147 83.579
302.330 184.881 50.147 83.579
297.114 187.489 50.147 83.579
292.420 189.054 50.147 83.579
289.258 189.694 51.257 85.428
292.991 191.294 51.257 85.428
298.324 190.227 51.257 85.428
310.591 189.694 51.257 85.428
317.524 192.360 51.257 85.428
324.991 203.560 51.257 85.428
331.924 207.827 51.257 85.428
343.124 212.094 51.257 85.428
348.458 216.894 51.257 85.428
351.658 223.294 51.257 85.428
350.058 231.294 51.257 85.428
340.458 232.894 51.257 85.428
329.791 227.560 51.257 85.428
308.991 206.760 51.257 85.428
292.991 212.094 51.257 85.428
280.191 223.827 51.257 85.428
272.157 226.082 52.391 87.318
260.710 221.176 52.391 87.318
249.263 215.180 52.391 87.318
242.722 207.549 52.391 87.318
238.906 199.372 52.391 87.318
238.906 190.105 52.391 87.318
245.448 184.109 52.391 87.318
254.169 179.204 52.391 87.318
267.217 176.057 53.550 89.250
281.695 176.614 53.550 89.250
296.174 176.057 53.550 89.250
309.539 174.943 53.550 89.250
322.346 174.943 53.550 89.250
332.927 174.387 53.550 89.250
345.735 172.716 53.550 89.250
359.099 171.602 53.550 89.250
369.644 170.615 54.735 91.225
380.451 170.747 55.946 93.243
393.808 176.121 57.184 95.306
403.309 179.240 58.449 97.415
412.419 183.650 59.742 99.570
417.974 187.521 61.064 101.773
423.692 192.604 61.064 101.773
419.204 197.831 62.415 104.025
412.043 202.387 62.415 104.025
404.232 204.991 62.415 104.025
390.561 208.246 62.415 104.025
376.240 205.642 62.415 104.025
361.227 201.237 63.796 106.327
346.619 204.365 62.436 104.059
334.251 203.063 62.436 104.059
323.184 199.808 62.436 104.059
313.419 195.902 62.436 104.059
302.353 192.647 62.436 104.059
295.192 190.043 62.436 104.059
286.093 187.247 61.104 101.840
278.460 183.872 59.801 99.668
274.733 182.440 58.526 97.543
271.089 182.261 57.278 95.463
267.512 181.665 57.278 95.463
262.744 179.280 57.278 95.463
259.763 178.088 57.278 95.463
257.379 178.684 57.278 95.463
254.398 178.684 57.278 95.463
251.418 178.088 57.278 95.463
249.034 177.492 57.278 95.463
247.842 175.704 57.278 95.463
246.649 175.108 57.278 95.463
244.265 174.512 57.278 95.463
240.689 172.127 57.278 95.463
237.708 170.339 57.278 95.463
235.920 167.955 57.278 95.463
235.920 167.359 57.278 95.463
231.747 164.975 57.278 95.463
233.536 165.571 57.278 95.463
228.767 164.378 57.278 95.463
230.555 164.975 57.278 95.463
246.053 166.763 57.278 95.463
244.861 166.167 57.278 95.463
244.265 167.359 57.278 95.463
247.245 166.763 57.278 95.463
245.420 166.303 58.545 97.575
244.810 168.132 58.545 97.575
243.552 165.833 59.840 99.734
242.929 165.833 59.840 99.734
241.682 165.210 59.840 99.734
232.952 164.586 59.840 99.734
234.199 165.210 59.840 99.734
236.070 164.586 59.840 99.734
241.058 165.833 59.840 99.734
246.047 166.457 59.840 99.734
251.658 168.327 59.840 99.734
256.023 168.951 59.840 99.734
262.273 170.638 58.564 97.607
261.625 167.729 59.860 99.766
266.613 166.482 59.860 99.766
267.860 165.234 59.860 99.766
273.487 165.675 58.583 97.639
273.487 166.284 58.583 97.639
273.449 163.375 59.879 99.799
274.072 162.128 59.879 99.799
274.696 159.634 59.879 99.799
276.566 157.763 59.879 99.799
276.566 155.893 59.879 99.799
275.943 154.022 59.879 99.799
276.566 151.528 59.879 99.799
275.943 148.410 59.879 99.799
276.566 145.293 59.879 99.799
275.319 141.551 59.879 99.799
273.449 137.810 59.879 99.799
272.825 134.069 59.879 99.799
272.825 130.951 59.879 99.799
274.696 127.834 59.879 99.799
273.449 125.963 59.879 99.799
275.319 125.340 59.879 99.799
275.319 124.716 59.879 99.799
279.060 124.093 59.879 99.799
282.801 125.963 59.879 99.799
283.425 124.716 59.879 99.799
283.425 124.093 59.879 99.799
285.296 125.963 59.879 99.799
282.763 123.612 61.204 102.007
284.037 122.975 61.204 102.007
282.125 124.249 61.204 102.007
280.214 124.887 61.204 102.007
277.665 125.524 61.204 102.007
274.478 126.798 61.204 102.007
271.292 126.798 61.204 102.007
268.106 129.985 61.204 102.007
266.194 133.171 61.204 102.007
263.645 136.357 61.204 102.007
261.096 139.543 61.204 102.007
257.910 141.455 61.204 102.007
255.361 145.279 61.204 102.007
255.321 146.699 62.558 104.264
259.227 149.303 62.558 104.264
263.133 153.209 62.558 104.264
269.642 157.115 62.558 104.264
276.152 161.672 62.558 104.264
282.662 165.578 62.558 104.264
289.172 169.484 62.558 104.264
300.889 169.484 62.558 104.264
311.321 175.152 61.224 102.041
322.792 188.535 61.224 102.041
332.988 192.358 61.224 102.041
341.272 190.446 61.224 102.041
349.556 185.986 61.224 102.041
355.889 177.210 62.579 104.298
359.754 166.291 63.964 106.606
357.087 154.958 63.964 106.606
352.420 145.625 63.964 106.606
341.087 136.291 63.964 106.606
329.087 129.625 63.964 106.606
317.087 125.625 63.964 106.606
301.754 126.291 63.964 106.606
286.420 130.291 63.964 106.606
272.420 138.958 63.964 106.606
259.754 152.291 63.964 106.606
255.087 166.291 63.964 106.606
251.754 178.958 63.964 106.606
251.754 191.625 63.964 106.606
256.420 205.625 63.964 106.606
263.087 208.291 63.964 106.606
269.754 212.291 63.964 106.606
267.713 207.779 65.379 108.965
259.548 211.180 65.379 108.965
289.502 218.466 63.984 106.641
314.851 216.936 62.620 104.367
329.829 227.535 64.005 106.676
343.844 228.005 62.641 104.401
354.291 218.211 62.641 104.401
361.474 211.682 62.641 104.401
359.475 200.733 64.026 106.711
357.475 191.400 64.026 106.711
346.808 184.066 64.026 106.711
334.142 180.066 64.026 106.711
322.808 176.733 64.026 106.711
310.808 172.066 64.026 106.711
297.475 168.733 64.026 106.711
284.142 166.066 64.026 106.711
270.158 166.537 62.661 104.435
257.114 165.039 61.325 102.208
244.969 164.400 61.325 102.208
234.742 165.039 61.325 102.208
225.168 166.129 60.017 100.028
216.411 166.129 60.017 100.028
210.782 166.129 60.017 100.028
204.527 166.754 60.017 100.028
200.774 168.005 60.017 100.028
199.523 169.882 60.017 100.028
199.523 171.758 60.017 100.028
204.527 175.511 60.017 100.028
212.033 181.141 60.017 100.028
223.917 188.647 60.017 100.028
239.554 194.901 60.017 100.028
253.941 201.782 60.017 100.028
270.829 201.782 60.017 100.028
285.841 197.403 60.017 100.028
294.559 193.795 61.345 102.242
309.261 189.320 61.345 102.242
316.931 188.042 61.345 102.242
316.931 179.093 61.345 102.242
314.375 172.701 61.345 102.242
308.622 170.783 61.345 102.242
301.605 172.513 60.037 100.061
293.474 170.011 60.037 100.061
287.219 170.011 60.037 100.061
281.589 170.011 60.037 100.061
277.172 168.278 61.365 102.275
274.616 170.196 61.365 102.275
277.812 169.557 61.365 102.275
281.008 170.835 61.365 102.275
286.761 171.474 61.365 102.275
293.153 170.835 61.365 102.275
300.823 170.196 61.365 102.275
306.576 168.278 61.365 102.275
312.329 163.804 61.365 102.275
314.247 158.690 61.365 102.275
315.525 152.298 61.365 102.275
316.804 146.545 61.365 102.275
315.525 140.792 61.365 102.275
314.886 136.317 61.365 102.275
314.886 132.482 61.365 102.275
316.165 131.204 61.365 102.275
316.165 134.400 61.365 102.275
319.361 140.153 61.365 102.275
317.443 147.823 61.365 102.275
316.804 158.051 61.365 102.275
314.247 167.639 61.365 102.275
312.329 177.227 61.365 102.275
310.427 185.988 60.056 100.094
297.291 179.108 60.056 100.094
297.291 197.247 60.056 100.094
292.913 212.259 60.056 100.094
281.029 222.892 60.056 100.094
270.395 228.522 60.056 100.094
268.519 231.024 60.056 100.094
266.642 232.900 60.056 100.094
264.766 233.526 60.056 100.094
262.264 234.777 60.056 100.094
269.785 237.720 58.776 97.959
268.576 243.047 57.522 95.870
268.576 237.047 57.522 95.870
268.576 233.447 57.522 95.870
267.376 228.647 57.522 95.870
273.976 232.247 57.522 95.870
273.976 229.247 57.522 95.870
277.589 225.469 56.296 93.826
282.280 216.675 56.296 93.826
289.315 209.054 56.296 93.826
303.972 202.605 56.296 93.826
318.629 199.087 56.296 93.826
330.940 199.673 56.296 93.826
346.184 198.501 56.296 93.826
362.013 195.569 56.296 93.826
376.047 192.186 57.541 95.902
391.047 191.586 57.541 95.902
398.247 187.386 57.541 95.902
395.211 178.525 58.814 98.024
385.995 166.429 60.115 100.192
373.446 154.688 61.446 102.409
361.301 145.099 61.446 102.409
347.197 133.739 62.805 104.675
332.790 127.845 62.805 104.675
317.727 122.606 62.805 104.675
302.009 120.641 62.805 104.675
286.947 119.331 62.805 104.675
270.534 115.554 64.195 106.991
253.150 117.559 64.195 106.991
240.462 124.718 62.826 104.709
