51.000 47.000 25.000 62.000
47.982 40.629 25.000 62.000
35.241 37.276 25.000 62.000
32.224 42.976 25.000 62.000
38.259 38.953 25.000 62.000
30.882 39.624 25.000 62.000
32.894 39.959 25.000 62.000
36.918 41.971 25.000 62.000
42.618 40.629 25.000 62.000
40.606 34.929 25.000 62.000
44.294 33.253 25.000 62.000
46.976 33.924 25.000 62.000
62.400 37.276 25.000 62.000
67.765 33.924 25.000 62.000
66.424 31.241 25.000 62.000
84.923 29.885 25.553 63.372
99.253 32.614 25.553 63.372
92.088 26.473 25.553 63.372
84.241 25.791 25.553 63.372
90.041 24.767 25.553 63.372
87.312 25.108 25.553 63.372
83.559 28.179 25.553 63.372
86.288 32.614 25.553 63.372
91.805 38.054 26.118 64.774
77.496 43.290 26.118 64.774
75.053 40.497 26.118 64.774
82.731 29.329 26.118 64.774
80.288 22.697 26.118 64.774
73.656 16.415 26.118 64.774
63.186 14.321 26.118 64.774
65.629 16.415 26.118 64.774
75.053 21.301 26.118 64.774
83.778 24.792 26.118 64.774
91.456 26.886 26.118 64.774
105.766 24.442 26.118 64.774
118.740 25.122 26.696 66.207
115.171 23.338 26.696 66.207
112.317 20.840 26.696 66.207
129.151 24.033 27.287 67.672
139.727 28.409 27.287 67.672
147.386 31.327 27.287 67.672
151.461 29.484 27.891 69.169
153.696 30.229 27.891 69.169
150.343 29.112 27.891 69.169
153.323 26.131 27.891 69.169
152.578 29.857 27.891 69.169
126.127 33.210 27.891 69.169
107.127 33.582 27.891 69.169
104.211 29.464 28.508 70.699
103.828 33.670 28.508 70.699
106.887 22.582 28.508 70.699
108.417 11.876 28.508 70.699
108.799 11.493 28.508 70.699
113.837 17.211 29.139 72.264
118.909 17.992 29.139 72.264
122.031 26.966 29.139 72.264
111.886 27.747 29.139 72.264
111.105 30.868 29.139 72.264
102.521 28.917 29.139 72.264
102.911 22.284 29.139 72.264
124.050 16.022 29.783 73.862
134.399 16.420 29.783 73.862
129.622 21.992 29.783 73.862
131.612 29.157 29.783 73.862
127.234 35.128 29.783 73.862
128.428 37.118 29.783 73.862
131.612 45.079 29.783 73.862
140.369 55.826 29.783 73.862
137.185 60.602 29.783 73.862
122.457 59.806 29.783 73.862
126.438 48.263 29.783 73.862
121.263 49.457 29.783 73.862
110.983 53.018 30.442 75.497
100.858 40.356 31.116 77.167
96.701 46.175 31.116 77.167
106.262 52.826 31.116 77.167
115.823 63.218 31.116 77.167
123.305 69.038 31.116 77.167
133.281 64.881 31.116 77.167
146.239 68.184 31.804 78.874
136.453 60.100 31.804 78.874
139.431 55.845 31.804 78.874
153.898 53.292 31.804 78.874
161.131 49.037 31.804 78.874
168.365 51.165 31.804 78.874
179.002 51.165 31.804 78.874
180.278 55.420 31.804 78.874
176.874 52.441 31.804 78.874
177.300 55.420 31.804 78.874
174.747 49.037 31.804 78.874
133.049 54.569 31.804 78.874
121.986 40.528 31.804 78.874
126.740 36.251 32.508 80.619
130.134 38.417 31.815 78.900
133.112 33.311 31.815 78.900
129.708 30.758 31.815 78.900
130.633 37.544 32.519 80.646
114.874 34.486 31.825 78.926
109.841 30.634 32.529 80.672
138.135 47.176 32.529 80.672
141.258 41.495 33.249 82.457
144.374 31.258 33.249 82.457
132.878 26.340 33.985 84.282
131.514 12.693 33.985 84.282
161.992 18.151 33.985 84.282
151.892 6.313 33.260 82.484
150.111 6.758 33.260 82.484
147.441 8.983 33.260 82.484
148.776 19.221 33.260 82.484
166.212 33.441 33.996 84.309
171.671 36.626 33.996 84.309
169.475 35.693 34.748 86.175
165.293 38.481 34.748 86.175
140.199 38.481 34.748 86.175
130.440 38.481 34.748 86.175
120.216 44.523 34.748 86.175
117.044 40.781 35.517 88.081
119.416 38.883 35.517 88.081
119.416 45.526 35.517 88.081
124.636 41.730 35.517 88.081
135.075 41.730 35.517 88.081
142.274 41.230 36.302 90.030
140.329 40.744 36.302 90.030
136.925 39.285 36.302 90.030
136.925 24.697 36.302 90.030
139.843 16.916 36.302 90.030
163.184 16.430 36.302 90.030
167.159 15.920 37.106 92.022
170.632 23.858 37.106 92.022
167.159 29.811 37.106 92.022
163.586 24.839 36.314 90.059
162.127 30.188 36.314 90.059
165.045 33.106 36.314 90.059
161.239 26.274 37.118 92.052
141.892 25.282 37.118 92.052
124.033 20.321 37.118 92.052
123.537 10.399 37.118 92.052
117.980 17.830 36.326 90.089
122.258 18.791 35.552 88.168
131.311 25.461 35.552 88.168
