144.000 63.000 57.000 89.000
144.571 63.000 57.000 89.000
144.571 63.000 57.000 89.000
144.571 63.000 57.000 89.000
144.571 63.000 57.000 89.000
144.571 63.000 57.000 89.000
144.571 63.000 57.000 89.000
144.571 63.000 57.000 89.000
144.571 63.000 57.000 89.000
144.571 63.000 57.000 89.000
144.571 63.000 57.000 89.000
144.571 63.000 57.000 89.000
144.571 63.000 57.000 89.000
144.571 63.000 57.000 89.000
144.571 63.000 57.000 89.000
144.571 63.000 57.000 89.000
144.571 63.000 57.000 89.000
144.571 63.000 57.000 89.000
144.571 63.000 57.000 89.000
144.571 63.000 57.000 89.000
144.571 63.000 57.000 89.000
144.571 63.000 57.000 89.000
144.571 63.000 57.000 89.000
144.571 63.000 57.000 89.000
144.571 63.000 57.000 89.000
144.571 63.000 57.000 89.000
144.571 63.000 57.000 89.000
144.571 63.000 57.000 89.000
144.571 63.000 57.000 89.000
144.571 63.000 57.000 89.000
144.571 63.000 57.000 89.000
145.141 63.000 57.000 89.000
145.141 63.000 57.000 89.000
145.141 63.000 57.000 89.000
145.141 63.000 57.000 89.000
146.320 62.808 55.784 87.102
145.761 62.249 55.784 87.102
146.914 63.178 54.595 85.245
146.367 62.631 54.595 85.245
146.367 62.631 54.595 85.245
146.914 62.084 54.595 85.245
146.367 62.084 54.595 85.245
146.367 61.537 54.595 85.245
146.914 60.442 54.595 85.245
146.914 59.348 54.595 85.245
146.914 60.442 54.595 85.245
146.914 58.801 54.595 85.245
145.855 58.616 53.431 83.427
146.391 57.010 53.431 83.427
146.960 55.759 52.291 81.648
146.960 56.806 52.291 81.648
146.960 57.329 52.291 81.648
147.484 57.853 52.291 81.648
146.437 58.376 52.291 81.648
146.437 58.376 52.291 81.648
146.437 58.900 52.291 81.648
146.437 59.423 52.291 81.648
146.960 59.947 52.291 81.648
147.484 59.947 52.291 81.648
148.007 59.947 52.291 81.648
148.531 60.470 52.291 81.648
148.007 60.470 52.291 81.648
147.952 61.138 53.448 83.454
148.488 60.602 53.448 83.454
149.558 62.208 53.448 83.454
150.038 62.891 54.631 85.300
150.585 60.156 54.631 85.300
148.396 62.344 54.631 85.300
148.944 62.891 54.631 85.300
148.979 58.330 53.466 83.481
150.050 59.936 53.466 83.481
148.979 61.006 53.466 83.481
149.514 61.006 53.466 83.481
147.908 60.471 53.466 83.481
148.979 60.471 53.466 83.481
147.908 60.471 53.466 83.481
148.979 60.471 53.466 83.481
147.908 60.471 53.466 83.481
148.979 60.471 53.466 83.481
147.852 62.224 54.649 85.328
147.852 62.771 54.649 85.328
148.399 60.583 54.649 85.328
148.399 61.677 54.649 85.328
148.399 62.224 54.649 85.328
148.946 63.318 54.649 85.328
148.399 63.318 54.649 85.328
148.946 64.412 54.649 85.328
148.399 62.224 54.649 85.328
149.493 62.771 54.649 85.328
148.946 61.130 54.649 85.328
148.399 61.677 54.649 85.328
148.399 60.583 54.649 85.328
148.946 60.583 54.649 85.328
147.305 59.489 54.649 85.328
148.946 60.036 54.649 85.328
148.399 60.583 54.649 85.328
149.436 60.186 55.858 87.216
148.910 59.434 54.666 85.356
150.004 60.528 54.666 85.356
150.004 59.981 54.666 85.356
150.551 61.075 54.666 85.356
150.551 60.528 54.666 85.356
150.551 59.981 54.666 85.356
151.098 60.528 54.666 85.356
148.363 58.886 54.666 85.356
150.004 60.528 54.666 85.356
150.004 59.981 54.666 85.356
147.305 58.155 53.501 83.536
148.910 60.297 53.501 83.536
149.981 59.761 53.501 83.536
149.481 58.511 52.360 81.755
151.057 57.985 52.360 81.755
149.481 58.511 52.360 81.755
151.057 58.511 52.360 81.755
150.006 59.562 52.360 81.755
150.532 60.613 52.360 81.755
151.583 61.138 52.360 81.755
153.192 59.908 51.243 80.011
153.706 60.422 51.243 80.011
152.165 59.394 51.243 80.011
152.165 60.422 51.243 80.011
152.165 59.908 51.243 80.011
150.110 59.908 51.243 80.011
152.197 59.734 50.150 78.305
148.182 61.240 50.150 78.305
149.688 62.244 50.150 78.305
149.133 62.883 51.260 80.038
153.756 63.911 51.260 80.038
157.299 67.135 52.394 81.808
162.028 68.712 52.394 81.808
165.181 71.339 52.394 81.808
167.809 71.864 52.394 81.808
170.436 72.915 52.394 81.808
172.538 74.492 52.394 81.808
173.064 74.492 52.394 81.808
173.064 74.492 52.394 81.808
173.064 74.492 52.394 81.808
173.064 74.492 52.394 81.808
173.064 74.492 52.394 81.808
173.064 74.492 52.394 81.808
172.538 74.492 52.394 81.808
172.538 75.543 52.394 81.808
172.538 76.594 52.394 81.808
173.064 76.068 52.394 81.808
172.013 77.119 52.394 81.808
172.538 78.170 52.394 81.808
173.064 79.221 52.394 81.808
172.538 79.221 52.394 81.808
173.064 79.747 52.394 81.808
173.064 80.272 52.394 81.808
173.064 79.221 52.394 81.808
173.064 80.272 52.394 81.808
173.064 80.272 52.394 81.808
173.064 80.272 52.394 81.808
173.064 80.272 52.394 81.808
173.064 79.747 52.394 81.808
173.064 80.798 52.394 81.808
173.064 80.272 52.394 81.808
173.064 79.747 52.394 81.808
173.064 80.798 52.394 81.808
173.064 80.272 52.394 81.808
173.064 79.747 52.394 81.808
173.064 80.798 52.394 81.808
173.064 80.272 52.394 81.808
173.064 79.747 52.394 81.808
173.064 80.798 52.394 81.808
173.064 80.272 52.394 81.808
173.064 79.747 52.394 81.808
173.064 80.798 52.394 81.808
173.064 80.272 52.394 81.808
173.064 79.747 52.394 81.808
173.064 80.798 52.394 81.808
172.538 79.747 52.394 81.808
172.538 80.272 52.394 81.808
173.064 79.747 52.394 81.808
173.064 80.798 52.394 81.808
173.064 79.747 52.394 81.808
172.538 80.272 52.394 81.808
172.538 79.221 52.394 81.808
172.538 79.221 52.394 81.808
173.064 79.747 52.394 81.808
173.064 80.272 52.394 81.808
173.064 79.221 52.394 81.808
173.064 79.747 52.394 81.808
173.064 80.272 52.394 81.808
173.064 79.221 52.394 81.808
172.538 80.272 52.394 81.808
172.538 79.221 52.394 81.808
173.010 78.316 53.553 83.618
174.621 79.928 53.553 83.618
175.696 81.003 53.553 83.618
176.770 81.003 53.553 83.618
177.308 81.003 53.553 83.618
178.382 81.540 53.553 83.618
179.457 81.540 53.553 83.618
180.531 82.077 53.553 83.618
181.606 82.614 53.553 83.618
182.088 80.615 54.738 85.468
183.186 80.615 54.738 85.468
183.735 80.615 54.738 85.468
184.284 81.164 54.738 85.468
184.833 81.713 54.738 85.468
184.284 81.164 54.738 85.468
184.833 81.713 54.738 85.468
184.284 81.713 54.738 85.468
184.833 80.615 54.738 85.468
185.382 81.713 54.738 85.468
186.480 81.713 54.738 85.468
188.127 82.262 54.738 85.468
190.872 84.458 54.738 85.468
194.166 85.007 54.738 85.468
198.009 86.654 54.738 85.468
201.852 87.203 54.738 85.468
204.598 88.301 54.738 85.468
207.343 88.301 54.738 85.468
208.990 89.399 54.738 85.468
210.637 90.497 54.738 85.468
212.284 91.595 54.738 85.468
213.931 92.144 54.738 85.468
213.931 93.242 54.738 85.468
213.931 92.693 54.738 85.468
213.874 92.297 55.949 87.359
214.996 93.418 55.949 87.359
216.678 94.540 55.949 87.359
216.678 94.540 55.949 87.359
216.678 92.858 55.949 87.359
217.239 90.614 55.949 87.359
218.361 88.932 55.949 87.359
219.482 85.567 55.949 87.359
220.604 83.885 55.949 87.359
220.604 84.446 55.949 87.359
220.604 85.007 55.949 87.359
219.985 82.358 57.187 89.292
219.412 83.503 57.187 89.292
218.840 84.075 57.187 89.292
215.977 82.930 57.187 89.292
211.397 82.930 57.187 89.292
207.961 82.358 57.187 89.292
202.236 82.930 57.187 89.292
197.655 82.358 57.187 89.292
193.075 82.358 57.187 89.292
187.922 82.358 57.187 89.292
183.914 81.213 57.187 89.292
180.479 81.213 57.187 89.292
179.944 82.165 55.968 87.388
176.018 81.043 55.968 87.388
174.897 79.922 55.968 87.388
171.532 79.361 55.968 87.388
169.885 80.853 54.774 85.524
170.435 80.853 54.774 85.524
167.175 81.216 53.606 83.701
167.713 80.679 53.606 83.701
168.250 81.754 53.606 83.701
167.713 81.754 53.606 83.701
168.250 81.754 53.606 83.701
167.713 81.754 53.606 83.701
168.250 81.754 53.606 83.701
168.250 82.828 53.606 83.701
170.399 83.365 53.606 83.701
173.622 83.365 53.606 83.701
176.309 84.440 53.606 83.701
179.532 86.052 53.606 83.701
183.830 87.663 53.606 83.701
188.128 88.738 53.606 83.701
192.371 88.349 54.792 85.553
197.312 89.996 54.792 85.553
201.155 90.545 54.792 85.553
203.843 90.148 56.004 87.445
206.086 89.026 56.004 87.445
207.208 90.148 56.004 87.445
207.149 89.181 57.243 89.380
207.723 90.904 57.243 89.380
206.574 89.181 57.243 89.380
206.000 90.904 57.243 89.380
203.127 89.181 57.243 89.380
198.531 89.755 57.243 89.380
192.212 88.032 57.243 89.380
188.765 88.032 57.243 89.380
183.594 86.308 57.243 89.380
178.998 86.308 57.243 89.380
176.125 85.733 57.243 89.380
172.104 84.010 57.243 89.380
168.693 84.388 56.023 87.474
168.132 83.828 56.023 87.474
169.290 84.760 54.828 85.609
169.290 85.309 54.828 85.609
169.290 85.858 54.828 85.609
169.290 85.309 54.828 85.609
169.839 85.858 54.828 85.609
170.388 85.309 54.828 85.609
171.486 86.407 54.828 85.609
173.133 86.407 54.828 85.609
174.780 86.956 54.828 85.609
178.623 88.055 54.828 85.609
182.466 89.153 54.828 85.609
186.310 89.702 54.828 85.609
190.153 90.251 54.828 85.609
193.996 91.898 54.828 85.609
198.388 92.447 54.828 85.609
198.879 90.951 56.041 87.503
200.001 90.951 56.041 87.503
201.683 91.511 56.041 87.503
202.805 92.633 56.041 87.503
203.927 92.633 56.041 87.503
204.487 92.633 56.041 87.503
203.927 92.633 56.041 87.503
204.487 90.951 56.041 87.503
204.487 90.390 56.041 87.503
204.487 89.829 56.041 87.503
204.487 88.147 56.041 87.503
204.487 88.707 56.041 87.503
204.487 89.268 56.041 87.503
204.487 87.586 56.041 87.503
204.487 88.707 56.041 87.503
204.487 88.707 56.041 87.503
204.487 88.707 56.041 87.503
204.487 88.707 56.041 87.503
204.487 88.707 56.041 87.503
204.487 88.707 56.041 87.503
204.487 88.707 56.041 87.503
204.487 88.707 56.041 87.503
204.487 88.707 56.041 87.503
204.487 88.707 56.041 87.503
204.487 88.707 56.041 87.503
204.487 88.707 56.041 87.503
204.487 88.707 56.041 87.503
204.487 88.707 56.041 87.503
