205.000 151.000 17.000 50.000
203.725 149.980 17.000 50.000
202.961 148.961 17.000 50.000
202.196 148.706 17.000 50.000
200.412 148.451 17.000 50.000
199.647 148.961 17.000 50.000
198.373 148.196 17.000 50.000
195.569 147.431 17.000 50.000
194.294 147.176 17.000 50.000
193.275 146.667 17.000 50.000
190.725 145.137 17.000 50.000
190.471 144.627 17.000 50.000
188.176 143.098 17.000 50.000
187.157 143.353 17.000 50.000
185.118 142.588 17.000 50.000
183.588 141.314 17.000 50.000
183.843 142.588 17.000 50.000
183.078 141.059 17.000 50.000
181.804 141.314 17.000 50.000
182.059 141.314 17.000 50.000
179.765 139.784 17.000 50.000
179.510 138.000 17.000 50.000
178.490 137.490 17.000 50.000
177.725 138.255 17.000 50.000
177.216 137.490 17.000 50.000
175.686 138.255 17.000 50.000
175.176 136.725 17.000 50.000
173.647 135.706 17.000 50.000
173.137 135.451 17.000 50.000
171.353 134.686 17.000 50.000
169.824 132.647 17.000 50.000
170.333 132.137 17.000 50.000
167.784 130.353 17.000 50.000
168.039 129.333 17.000 50.000
166.255 128.314 17.000 50.000
164.792 126.231 17.376 51.106
165.314 125.710 17.376 51.106
165.053 126.231 17.376 51.106
164.532 125.970 17.376 51.106
162.967 124.927 17.376 51.106
163.228 123.884 17.376 51.106
161.731 121.493 17.761 52.237
159.668 118.782 18.154 53.393
160.759 119.327 18.154 53.393
161.576 117.692 18.154 53.393
161.304 118.782 18.154 53.393
160.213 120.145 18.154 53.393
158.033 122.053 18.154 53.393
156.670 120.690 18.154 53.393
157.215 120.417 18.154 53.393
154.762 119.600 18.154 53.393
153.400 120.145 18.154 53.393
150.947 117.419 18.154 53.393
149.311 114.966 18.154 53.393
148.766 115.784 18.154 53.393
148.960 114.991 17.766 52.254
147.360 116.591 17.766 52.254
146.483 115.548 17.388 51.140
145.179 116.069 17.388 51.140
143.353 116.591 17.388 51.140
141.006 114.765 17.388 51.140
139.366 114.268 17.017 50.049
138.082 114.524 17.017 50.049
136.979 113.517 16.654 48.982
136.226 114.270 16.654 48.982
135.222 113.266 16.654 48.982
133.214 114.521 16.654 48.982
131.886 115.294 16.299 47.937
129.925 113.088 16.299 47.937
127.964 110.882 16.299 47.937
125.758 110.882 16.299 47.937
126.494 109.902 16.299 47.937
125.023 108.186 16.299 47.937
123.062 106.961 16.299 47.937
121.592 106.716 16.299 47.937
121.837 105.980 16.299 47.937
119.141 105.735 16.299 47.937
117.670 104.755 16.299 47.937
116.935 103.774 16.299 47.937
114.974 103.529 16.299 47.937
113.749 102.549 16.299 47.937
112.768 101.814 16.299 47.937
112.278 101.814 16.299 47.937
110.246 102.325 15.951 46.915
108.571 102.564 15.951 46.915
106.658 100.890 15.951 46.915
104.505 101.607 15.951 46.915
103.309 100.172 15.951 46.915
102.352 100.411 15.951 46.915
100.199 98.497 15.951 46.915
98.524 97.541 15.951 46.915
96.850 97.780 15.951 46.915
95.175 97.062 15.951 46.915
93.979 96.584 15.951 46.915
92.236 97.802 15.611 45.915
91.765 98.272 15.611 45.915
88.942 96.625 15.611 45.915
88.236 96.625 15.611 45.915
84.873 95.938 15.278 44.935
85.102 96.397 15.278 44.935
83.430 96.188 14.952 43.977
81.851 96.413 14.952 43.977
81.400 95.962 14.952 43.977
80.047 96.639 14.952 43.977
78.628 95.304 14.633 43.039
77.530 95.963 14.633 43.039
75.490 94.884 14.321 42.122
73.549 95.100 14.321 42.122
72.039 92.727 14.321 42.122
70.098 92.727 14.321 42.122
68.588 92.296 14.321 42.122
67.447 92.961 14.016 41.223
65.349 93.171 14.016 41.223
64.090 93.381 14.016 41.223
62.621 93.590 14.016 41.223
61.153 92.122 14.016 41.223
59.684 92.332 14.016 41.223
58.845 91.492 14.016 41.223
58.216 90.443 14.016 41.223
56.537 90.653 14.016 41.223
