561.000 311.000 22.000 51.000
557.894 310.718 22.000 51.000
553.941 312.129 22.000 51.000
551.682 312.976 22.000 51.000
546.318 314.106 22.000 51.000
541.518 314.671 22.000 51.000
538.129 316.082 22.000 51.000
533.329 316.082 22.000 51.000
529.376 316.365 22.000 51.000
527.118 316.082 22.000 51.000
522.035 315.800 22.000 51.000
519.494 317.494 22.000 51.000
516.671 317.494 22.000 51.000
510.176 317.494 22.000 51.000
506.788 316.647 22.000 51.000
504.247 316.365 22.000 51.000
502.271 315.800 22.000 51.000
498.600 316.082 22.000 51.000
496.624 315.800 22.000 51.000
493.235 317.494 22.000 51.000
489.847 318.906 22.000 51.000
487.024 319.471 22.000 51.000
482.506 319.188 22.000 51.000
477.141 319.188 22.000 51.000
475.729 319.471 22.000 51.000
472.341 319.753 22.000 51.000
470.082 320.035 22.000 51.000
468.388 318.906 22.000 51.000
464.435 320.035 22.000 51.000
458.506 317.494 22.000 51.000
456.004 317.777 22.487 52.128
450.278 316.912 22.984 53.282
449.984 316.324 22.984 53.282
448.514 315.736 22.984 53.282
447.631 315.736 22.984 53.282
444.396 315.147 22.984 53.282
441.455 314.559 22.984 53.282
438.759 314.539 22.494 52.145
435.876 316.557 22.494 52.145
434.435 317.710 22.494 52.145
431.841 319.151 22.494 52.145
426.941 319.151 22.494 52.145
424.924 319.439 22.494 52.145
421.465 319.727 22.494 52.145
419.159 320.016 22.494 52.145
417.141 319.727 22.494 52.145
414.259 321.457 22.494 52.145
411.665 322.898 22.494 52.145
409.359 323.186 22.494 52.145
406.765 324.051 22.494 52.145
399.559 324.916 22.494 52.145
397.829 326.357 22.494 52.145
394.082 326.068 22.494 52.145
390.335 326.933 22.494 52.145
388.606 327.221 22.494 52.145
385.435 328.374 22.494 52.145
381.976 330.104 22.494 52.145
379.094 330.104 22.494 52.145
373.041 329.816 22.494 52.145
369.871 331.545 22.494 52.145
367.565 331.545 22.494 52.145
364.971 331.545 22.494 52.145
358.629 332.121 22.494 52.145
356.324 331.545 22.494 52.145
354.306 332.986 22.494 52.145
351.424 332.986 22.494 52.145
348.253 332.986 22.494 52.145
341.624 332.410 22.494 52.145
338.453 331.545 22.494 52.145
336.147 330.968 22.494 52.145
333.265 329.527 22.494 52.145
329.518 331.545 22.494 52.145
327.788 330.968 22.494 52.145
323.176 330.392 22.494 52.145
317.124 332.698 22.494 52.145
314.818 332.410 22.494 52.145
309.341 331.833 22.494 52.145
307.324 331.833 22.494 52.145
305.882 331.257 22.494 52.145
302.712 330.104 22.494 52.145
300.357 329.507 22.014 51.033
298.381 330.354 22.014 51.033
295.275 330.072 22.014 51.033
291.887 328.942 22.014 51.033
289.910 330.072 22.014 51.033
286.522 327.813 22.014 51.033
283.134 327.813 22.014 51.033
281.722 326.683 22.014 51.033
278.616 326.119 22.014 51.033
275.510 325.554 22.014 51.033
274.099 326.119 22.014 51.033
272.122 326.683 22.014 51.033
269.016 327.530 22.014 51.033
267.040 328.377 22.014 51.033
262.522 330.072 22.014 51.033
257.157 329.789 22.014 51.033
255.463 330.072 22.014 51.033
252.075 329.507 22.014 51.033
248.122 329.224 22.014 51.033
246.146 328.660 22.014 51.033
242.757 329.789 22.014 51.033
238.805 328.942 22.014 51.033
236.828 329.789 22.014 51.033
232.593 328.660 22.014 51.033
228.075 327.530 22.014 51.033
226.381 327.530 22.014 51.033
223.557 326.966 22.014 51.033
219.040 327.813 22.014 51.033
217.346 328.095 22.014 51.033
215.087 327.813 22.014 51.033
211.416 328.942 22.014 51.033
209.157 329.224 22.014 51.033
204.075 328.377 22.014 51.033
199.557 328.660 22.014 51.033
197.299 328.377 22.014 51.033
194.475 328.660 22.014 51.033
189.110 328.377 22.014 51.033
186.569 327.248 22.014 51.033
184.028 326.401 22.014 51.033
180.922 326.119 22.014 51.033
178.663 324.989 22.014 51.033
174.993 324.424 22.014 51.033
172.122 324.122 21.545 49.945
171.292 323.845 21.545 49.945
167.975 326.057 21.545 49.945
162.722 325.227 21.545 49.945
159.680 326.886 21.545 49.945
155.810 327.992 21.545 49.945
152.769 327.716 21.545 49.945
151.110 326.610 21.545 49.945
146.686 325.504 21.545 49.945
141.986 327.716 21.545 49.945
140.880 328.545 21.545 49.945
138.116 327.992 21.545 49.945
135.075 329.651 21.545 49.945
133.139 327.716 21.545 49.945
130.375 325.504 21.545 49.945
124.292 324.951 21.545 49.945
120.145 324.122 21.545 49.945
116.828 322.186 21.545 49.945
113.786 321.910 21.545 49.945
111.022 324.398 21.545 49.945
107.980 323.292 21.545 49.945
104.063 326.036 21.086 48.880
101.628 324.413 21.086 48.880
98.110 322.789 21.086 48.880
94.593 324.413 21.086 48.880
92.969 322.789 21.086 48.880
89.993 324.142 21.086 48.880
85.393 321.978 21.086 48.880
83.498 323.872 21.086 48.880
81.604 324.413 21.086 48.880
79.169 324.684 21.086 48.880
77.004 323.601 21.086 48.880
72.088 321.416 20.636 47.838
69.706 320.358 20.636 47.838
67.543 316.897 20.196 46.818
65.429 316.361 19.765 45.819
61.922 318.131 20.202 46.833
60.111 318.389 20.202 46.833
59.032 314.748 19.772 45.834
57.767 316.265 19.772 45.834
56.502 314.748 19.772 45.834
53.720 316.012 19.772 45.834
50.938 316.012 19.772 45.834
49.420 316.518 19.772 45.834
54.985 322.842 19.772 45.834
54.479 323.601 19.772 45.834
52.708 323.095 19.772 45.834
50.685 322.083 19.772 45.834
48.948 321.829 20.209 46.848
48.207 322.346 20.656 47.885
46.655 321.287 21.113 48.944
48.279 322.910 21.113 48.944
35.020 317.228 21.113 48.944
33.396 317.228 21.113 48.944
33.667 318.851 21.113 48.944
33.433 318.581 21.580 50.027
33.433 317.751 21.580 50.027
33.710 319.134 21.580 50.027
33.986 318.304 21.580 50.027
34.816 319.134 21.580 50.027
35.645 318.581 21.580 50.027
34.539 318.857 21.580 50.027
35.645 319.963 21.580 50.027
36.198 319.963 21.580 50.027
35.959 319.133 22.058 51.134
34.830 318.851 22.058 51.134
33.418 319.415 22.058 51.134
33.983 319.133 22.058 51.134
32.006 318.568 22.058 51.134
32.571 319.415 22.058 51.134
30.633 317.720 22.546 52.265
31.498 318.297 22.546 52.265
31.498 318.297 22.546 52.265
31.498 318.585 22.546 52.265
30.633 317.432 22.546 52.265
32.362 317.720 22.546 52.265
32.362 318.585 22.546 52.265
33.227 318.585 22.546 52.265
34.668 318.297 22.546 52.265
34.092 318.297 22.546 52.265
34.380 318.585 22.546 52.265
33.515 318.009 22.546 52.265
33.804 318.009 22.546 52.265
33.804 318.009 22.546 52.265
32.939 317.432 22.546 52.265
31.537 315.989 23.045 53.422
31.831 316.283 23.045 53.422
32.713 316.577 23.045 53.422
32.713 315.989 23.045 53.422
33.301 316.283 23.045 53.422
33.340 315.986 23.554 54.604
31.227 315.081 23.554 54.604
32.435 315.684 23.554 54.604
33.642 316.288 23.554 54.604
31.831 315.684 23.554 54.604
32.736 316.288 23.554 54.604
33.038 315.986 23.554 54.604
30.664 314.477 24.076 55.812
31.896 315.092 24.076 55.812
32.819 314.784 24.076 55.812
30.972 314.169 24.076 55.812
32.511 314.784 24.076 55.812
32.819 314.477 24.076 55.812
33.435 314.784 24.076 55.812
31.896 314.169 24.076 55.812
33.127 314.477 24.076 55.812
33.743 314.784 24.076 55.812
31.280 314.169 24.076 55.812
33.127 314.784 24.076 55.812
33.743 314.784 24.076 55.812
31.588 314.784 24.076 55.812
33.127 315.092 24.076 55.812
30.706 314.167 24.608 57.047
32.600 314.167 24.608 57.047
33.231 313.851 24.608 57.047
31.021 313.851 24.608 57.047
32.600 313.851 24.608 57.047
34.810 314.167 24.608 57.047
36.388 314.167 24.608 57.047
38.326 314.167 25.153 58.309
39.933 314.810 25.153 58.309
38.690 314.808 25.709 59.599
40.338 314.479 25.709 59.599
38.032 313.491 25.709 59.599
39.020 313.820 25.709 59.599
39.394 313.490 26.278 60.917
38.383 314.165 26.278 60.917
38.045 313.828 26.278 60.917
38.383 313.828 26.278 60.917
38.720 313.828 26.278 60.917
39.057 313.828 26.278 60.917
37.708 313.490 26.278 60.917
36.022 312.816 26.278 60.917
33.661 311.804 26.278 60.917
29.951 311.130 26.278 60.917
30.963 311.467 26.278 60.917
27.871 311.779 25.718 59.618
29.188 311.120 25.718 59.618
30.176 311.120 25.718 59.618
31.494 311.450 25.718 59.618
29.188 309.473 25.718 59.618
30.780 311.097 25.169 58.347
32.335 312.041 24.633 57.103
30.441 310.778 24.633 57.103
31.388 311.409 24.633 57.103
33.913 312.041 24.633 57.103
34.229 311.409 24.633 57.103
31.388 311.725 24.633 57.103
33.913 312.357 24.633 57.103
41.217 313.935 25.178 58.366
44.433 315.221 25.178 58.366
43.147 315.221 25.178 58.366
41.217 314.578 25.178 58.366
38.323 314.899 25.178 58.366
39.931 315.221 25.178 58.366
40.896 316.186 25.178 58.366
41.260 316.183 25.735 59.657
40.601 314.207 25.735 59.657
40.601 315.195 25.735 59.657
39.613 316.183 25.735 59.657
37.966 316.842 25.735 59.657
36.648 317.501 25.735 59.657
33.354 317.830 25.735 59.657
30.060 318.818 25.735 59.657
31.048 319.148 25.735 59.657
33.025 320.465 25.735 59.657
29.072 319.148 25.735 59.657
31.707 320.795 25.735 59.657
28.358 320.772 25.186 58.385
29.966 321.737 25.186 58.385
32.807 323.002 24.649 57.140
35.964 321.108 24.649 57.140
34.701 322.055 24.649 57.140
32.491 321.108 24.649 57.140
27.756 320.161 24.649 57.140
27.125 320.161 24.649 57.140
26.809 319.846 24.649 57.140
27.756 320.793 24.649 57.140
25.546 320.161 24.649 57.140
27.125 320.161 24.649 57.140
27.756 319.530 24.649 57.140
29.334 319.530 24.649 57.140
31.544 319.846 24.649 57.140
32.176 319.214 24.649 57.140
33.438 319.530 24.649 57.140
30.640 315.425 25.194 58.404
31.611 314.131 25.194 58.404
35.170 314.778 25.194 58.404
33.876 315.425 25.194 58.404
30.317 316.396 25.194 58.404
27.728 317.366 25.194 58.404
27.728 317.690 25.194 58.404
26.758 318.661 25.194 58.404
26.758 320.602 25.194 58.404
26.758 324.484 25.194 58.404
13.115 307.313 24.657 57.159
11.852 305.734 24.657 57.159
11.168 307.291 24.131 55.940
10.548 307.910 24.131 55.940
9.309 308.220 24.131 55.940
8.422 307.911 24.665 57.178
7.791 306.648 24.665 57.178
7.791 307.280 24.665 57.178
7.738 308.205 24.139 55.958
7.686 308.802 23.624 54.765
7.938 309.990 23.120 53.597
8.184 310.857 22.627 52.454
8.475 311.728 22.627 52.454
8.184 312.308 22.627 52.454
9.345 312.598 22.627 52.454
7.604 314.049 22.627 52.454
6.733 314.049 22.627 52.454
5.573 325.367 22.627 52.454
5.032 317.242 23.128 53.615
4.736 315.465 23.128 53.615
5.920 314.281 23.128 53.615
5.624 312.801 23.128 53.615
5.575 311.004 22.635 52.471
4.124 313.035 22.635 52.471
6.736 311.294 22.635 52.471
5.236 310.692 22.152 51.352
3.197 311.809 21.680 50.257
-0.469 313.458 21.217 49.185
0.076 311.005 21.217 49.185
-1.606 310.712 20.765 48.137
