176.000 75.000 47.000 102.000
174.847 77.882 47.000 102.000
174.271 81.918 47.000 102.000
171.965 83.647 47.000 102.000
171.965 85.953 47.000 102.000
172.541 88.259 47.000 102.000
169.659 90.565 47.000 102.000
169.659 91.141 47.000 102.000
165.624 88.835 47.000 102.000
162.165 84.800 47.000 102.000
156.976 78.459 47.000 102.000
154.094 79.035 47.000 102.000
150.059 77.882 47.000 102.000
146.657 77.330 48.040 104.257
142.525 73.789 48.040 104.257
140.164 71.428 48.040 104.257
137.804 67.887 48.040 104.257
136.623 64.346 48.040 104.257
134.853 61.395 48.040 104.257
133.672 61.395 48.040 104.257
133.082 60.805 48.040 104.257
132.492 61.985 48.040 104.257
133.672 65.527 48.040 104.257
134.262 69.658 48.040 104.257
133.082 73.199 48.040 104.257
133.672 75.560 48.040 104.257
134.262 77.330 48.040 104.257
134.262 74.379 48.040 104.257
134.853 67.887 48.040 104.257
135.443 60.805 48.040 104.257
134.853 53.132 48.040 104.257
135.443 49.591 48.040 104.257
137.213 47.821 48.040 104.257
140.164 47.230 48.040 104.257
141.935 40.738 48.040 104.257
144.296 38.378 48.040 104.257
143.706 39.558 48.040 104.257
146.657 41.919 48.040 104.257
147.837 46.050 48.040 104.257
148.427 50.181 48.040 104.257
146.657 54.903 48.040 104.257
145.476 60.215 48.040 104.257
143.115 72.609 48.040 104.257
142.525 77.330 48.040 104.257
140.755 79.101 48.040 104.257
138.984 75.560 48.040 104.257
134.853 72.019 48.040 104.257
134.262 69.068 48.040 104.257
131.902 67.297 48.040 104.257
130.721 66.117 48.040 104.257
127.180 67.887 48.040 104.257
124.229 69.658 48.040 104.257
121.278 72.609 48.040 104.257
120.688 73.199 48.040 104.257
122.458 73.789 48.040 104.257
121.278 73.789 48.040 104.257
123.639 73.199 48.040 104.257
126.590 69.658 48.040 104.257
131.902 69.658 48.040 104.257
133.672 70.838 48.040 104.257
135.443 72.609 48.040 104.257
138.394 68.478 48.040 104.257
146.066 62.576 48.040 104.257
148.427 59.034 48.040 104.257
151.378 54.903 48.040 104.257
153.207 51.389 49.103 106.563
156.276 47.802 50.189 108.921
157.568 47.829 51.300 111.331
158.259 45.968 52.435 113.794
160.832 47.897 52.435 113.794
162.181 44.066 53.595 116.312
166.779 46.036 53.595 116.312
168.157 41.465 54.780 118.885
170.847 42.810 54.780 118.885
174.882 43.483 54.780 118.885
177.572 45.500 54.780 118.885
178.245 48.191 54.780 118.885
178.245 52.226 54.780 118.885
176.900 58.279 54.780 118.885
176.227 60.297 54.780 118.885
176.900 62.314 54.780 118.885
175.555 57.606 54.780 118.885
173.537 51.553 54.780 118.885
176.900 53.571 54.780 118.885
176.227 49.536 54.780 118.885
178.918 52.226 54.780 118.885
178.918 50.208 54.780 118.885
177.639 46.203 55.993 121.516
175.580 43.458 55.993 121.516
174.961 40.741 57.231 124.204
178.471 39.337 57.231 124.204
177.769 41.443 57.231 124.204
176.365 41.443 57.231 124.204
174.961 40.741 57.231 124.204
172.153 40.741 57.231 124.204
172.153 41.443 57.231 124.204
171.451 41.443 57.231 124.204
172.855 42.847 57.231 124.204
172.855 46.357 57.231 124.204
170.047 49.867 57.231 124.204
170.047 52.674 57.231 124.204
167.941 54.780 57.231 124.204
167.239 57.588 57.231 124.204
164.431 56.886 57.231 124.204
163.027 55.482 57.231 124.204
158.816 52.674 57.231 124.204
151.796 44.953 57.231 124.204
147.584 41.443 57.231 124.204
144.075 37.231 57.231 124.204
141.969 35.827 57.231 124.204
137.757 35.125 57.231 124.204
136.353 36.529 57.231 124.204
134.949 36.529 57.231 124.204
134.247 38.635 57.231 124.204
135.651 45.655 57.231 124.204
137.055 51.270 57.231 124.204
137.055 57.588 57.231 124.204
137.757 58.992 57.231 124.204
137.757 53.376 57.231 124.204
137.055 45.655 57.231 124.204
137.757 37.933 57.231 124.204
139.863 30.914 57.231 124.204
144.075 24.596 57.231 124.204
146.882 18.278 57.231 124.204
148.286 9.855 57.231 124.204
148.988 10.557 57.231 124.204
146.180 11.961 57.231 124.204
147.584 14.067 57.231 124.204
146.180 18.278 57.231 124.204
144.776 21.788 57.231 124.204
149.690 28.106 57.231 124.204
147.584 38.635 57.231 124.204
147.584 44.251 57.231 124.204
145.478 49.165 57.231 124.204
141.969 59.694 57.231 124.204
137.757 59.694 57.231 124.204
138.459 56.886 57.231 124.204
137.757 56.886 57.231 124.204
139.161 51.972 57.231 124.204
139.161 53.376 57.231 124.204
140.565 55.482 57.231 124.204
141.969 55.482 57.231 124.204
143.373 57.588 57.231 124.204
144.776 59.694 57.231 124.204
147.584 61.800 57.231 124.204
148.286 62.502 57.231 124.204
153.200 61.098 57.231 124.204
154.604 59.694 57.231 124.204
156.008 58.290 57.231 124.204
157.412 57.588 57.231 124.204
160.922 51.972 57.231 124.204
162.326 53.376 57.231 124.204
162.394 52.002 58.498 126.952
162.465 50.598 59.792 129.761
166.865 43.265 59.792 129.761
170.532 43.998 59.792 129.761
172.732 38.131 59.792 129.761
174.198 35.198 59.792 129.761
175.003 28.629 61.115 132.632
175.076 28.660 62.467 135.566
176.610 30.960 62.467 135.566
176.685 26.394 63.849 138.566
179.815 27.176 63.849 138.566
181.455 24.078 65.262 141.632
183.055 24.878 65.262 141.632
184.655 27.278 65.262 141.632
182.255 31.278 65.262 141.632
183.855 35.278 65.262 141.632
183.055 40.878 65.262 141.632
181.455 45.678 65.262 141.632
179.855 48.878 65.262 141.632
179.055 51.278 65.262 141.632
177.455 47.278 65.262 141.632
176.655 40.878 65.262 141.632
177.455 36.078 65.262 141.632
177.455 38.478 65.262 141.632
177.455 40.078 65.262 141.632
176.655 36.078 65.262 141.632
174.255 32.878 65.262 141.632
175.855 34.478 65.262 141.632
174.255 36.078 65.262 141.632
175.855 36.878 65.262 141.632
177.455 32.878 65.262 141.632
175.055 33.678 65.262 141.632
178.255 32.078 65.262 141.632
175.055 32.878 65.262 141.632
177.455 32.878 65.262 141.632
175.055 34.478 65.262 141.632
178.255 36.078 65.262 141.632
175.855 40.078 65.262 141.632
175.055 46.478 65.262 141.632
175.055 49.678 65.262 141.632
171.855 52.878 65.262 141.632
171.855 51.278 65.262 141.632
164.655 44.878 65.262 141.632
161.455 41.678 65.262 141.632
156.655 37.678 65.262 141.632
152.655 32.878 65.262 141.632
145.455 27.278 65.262 141.632
142.255 25.678 65.262 141.632
141.455 26.478 65.262 141.632
139.055 27.278 65.262 141.632
138.151 35.988 63.870 138.611
136.479 41.388 62.508 135.655
136.479 46.755 62.508 135.655
137.246 52.121 62.508 135.655
138.013 58.255 62.508 135.655
139.546 51.355 62.508 135.655
141.079 42.155 62.508 135.655
141.846 35.255 62.508 135.655
145.679 26.821 62.508 135.655
148.746 23.755 62.508 135.655
152.579 16.855 62.508 135.655
154.113 9.188 62.508 135.655
154.879 8.421 62.508 135.655
154.113 8.421 62.508 135.655
153.346 9.955 62.508 135.655
155.646 13.021 62.508 135.655
154.879 20.688 62.508 135.655
152.579 26.821 62.508 135.655
151.813 32.955 62.508 135.655
149.513 38.321 62.508 135.655
145.679 52.888 62.508 135.655
142.613 58.255 62.508 135.655
139.546 56.721 62.508 135.655
