150.000 53.000 40.000 148.000
147.871 57.969 40.000 148.000
145.741 58.678 40.000 148.000
143.612 58.678 40.000 148.000
141.482 61.518 40.000 148.000
140.063 62.937 40.000 148.000
137.933 65.776 40.000 148.000
135.094 67.906 40.000 148.000
132.965 70.745 40.000 148.000
131.545 72.165 40.000 148.000
128.706 71.455 40.000 148.000
127.286 73.584 40.000 148.000
126.576 74.294 40.000 148.000
124.447 72.165 40.000 148.000
125.867 74.294 40.000 148.000
123.737 72.165 40.000 148.000
124.447 73.584 40.000 148.000
124.447 72.165 40.000 148.000
123.737 71.455 40.000 148.000
122.318 71.455 40.000 148.000
122.318 71.455 40.000 148.000
120.898 70.745 40.000 148.000
120.188 70.745 40.000 148.000
120.188 71.455 40.000 148.000
120.188 73.584 40.000 148.000
120.898 74.294 40.000 148.000
121.608 75.004 40.000 148.000
122.318 73.584 40.000 148.000
123.737 72.875 40.000 148.000
124.447 72.875 40.000 148.000
127.286 74.294 40.000 148.000
127.996 72.875 40.000 148.000
130.125 71.455 40.000 148.000
131.545 70.035 40.000 148.000
132.255 69.325 40.000 148.000
134.384 67.906 40.000 148.000
137.224 67.196 40.000 148.000
140.063 74.294 40.000 148.000
142.192 77.133 40.000 148.000
142.902 72.875 40.000 148.000
142.902 69.325 40.000 148.000
144.322 70.035 40.000 148.000
146.451 67.906 40.000 148.000
148.580 68.616 40.000 148.000
150.000 67.906 40.000 148.000
152.839 68.616 40.000 148.000
154.969 67.906 40.000 148.000
157.098 68.616 40.000 148.000
159.937 70.035 40.000 148.000
162.776 72.165 40.000 148.000
164.906 75.004 40.000 148.000
167.035 76.424 40.000 148.000
169.165 75.714 40.000 148.000
171.294 73.584 40.000 148.000
172.004 74.294 40.000 148.000
172.714 71.455 40.000 148.000
172.714 70.745 40.000 148.000
173.424 67.906 40.000 148.000
174.133 65.776 40.000 148.000
174.843 65.067 40.000 148.000
174.843 64.357 40.000 148.000
174.843 65.067 40.000 148.000
175.553 64.357 40.000 148.000
175.553 66.486 40.000 148.000
175.553 67.906 40.000 148.000
174.843 69.325 40.000 148.000
175.553 70.745 40.000 148.000
174.133 70.745 40.000 148.000
174.843 69.325 40.000 148.000
174.133 70.745 40.000 148.000
172.714 69.325 40.000 148.000
171.294 67.906 40.000 148.000
170.584 64.357 40.000 148.000
167.745 62.937 40.000 148.000
166.325 61.518 40.000 148.000
164.196 58.678 40.000 148.000
162.067 55.129 40.000 148.000
160.647 55.839 40.000 148.000
157.808 55.839 40.000 148.000
156.388 57.259 40.000 148.000
154.969 60.098 40.000 148.000
152.129 60.808 40.000 148.000
150.710 61.518 40.000 148.000
147.871 63.647 40.000 148.000
145.031 66.486 40.000 148.000
142.902 70.035 40.000 148.000
140.063 71.455 40.000 148.000
137.933 72.165 40.000 148.000
135.804 73.584 40.000 148.000
133.675 73.584 40.000 148.000
131.545 74.294 40.000 148.000
130.125 75.714 40.000 148.000
129.416 72.875 40.000 148.000
129.416 73.584 40.000 148.000
128.706 72.875 40.000 148.000
127.286 72.165 40.000 148.000
126.576 72.165 40.000 148.000
125.157 71.455 40.000 148.000
123.737 70.745 40.000 148.000
122.318 70.745 40.000 148.000
121.608 70.035 40.000 148.000
120.898 70.745 40.000 148.000
122.318 72.165 40.000 148.000
123.027 72.875 40.000 148.000
124.447 72.875 40.000 148.000
125.867 70.035 40.000 148.000
126.576 70.745 40.000 148.000
127.286 70.745 40.000 148.000
130.125 70.745 40.000 148.000
131.545 70.745 40.000 148.000
132.255 69.325 40.000 148.000
134.384 70.035 40.000 148.000
136.514 68.616 40.000 148.000
137.224 65.067 40.000 148.000
140.063 66.486 40.000 148.000
140.773 62.227 40.000 148.000
141.482 64.357 40.000 148.000
142.902 66.486 40.000 148.000
143.612 70.035 40.000 148.000
145.031 72.165 40.000 148.000
147.161 75.004 40.000 148.000
149.290 78.553 40.000 148.000
150.710 81.392 40.000 148.000
151.420 82.102 40.000 148.000
152.839 80.682 40.000 148.000
153.549 78.553 40.000 148.000
152.839 77.843 40.000 148.000
154.259 80.682 40.000 148.000
156.388 81.392 40.000 148.000
159.227 82.102 40.000 148.000
159.937 78.553 40.000 148.000
160.647 78.553 40.000 148.000
159.227 79.263 40.000 148.000
158.518 77.133 40.000 148.000
158.518 75.004 40.000 148.000
159.937 72.875 40.000 148.000
162.776 70.035 40.000 148.000
163.486 68.616 40.000 148.000
164.906 64.357 40.000 148.000
164.196 62.227 40.000 148.000
164.906 60.808 40.000 148.000
164.196 58.678 40.000 148.000
164.196 57.969 40.000 148.000
164.196 57.969 40.000 148.000
164.196 57.969 40.000 148.000
164.196 56.549 40.000 148.000
164.196 55.129 40.000 148.000
164.196 57.969 40.000 148.000
164.196 55.839 40.000 148.000
164.196 56.549 40.000 148.000
