83.000 200.000 35.000 131.000
83.625 200.000 35.000 131.000
85.502 198.749 35.000 131.000
88.242 197.300 35.774 133.898
94.634 199.857 35.774 133.898
99.352 198.375 36.566 136.861
104.576 199.681 36.566 136.861
108.494 199.028 36.566 136.861
112.411 199.028 36.566 136.861
112.660 198.167 37.375 139.889
117.340 200.842 37.375 139.889
118.009 199.505 37.375 139.889
121.352 199.505 37.375 139.889
122.689 200.173 37.375 139.889
126.701 200.842 37.375 139.889
129.375 200.842 37.375 139.889
134.056 200.842 37.375 139.889
138.067 200.173 37.375 139.889
143.416 199.505 37.375 139.889
147.428 198.167 37.375 139.889
149.434 198.836 37.375 139.889
153.446 199.505 37.375 139.889
155.452 198.167 37.375 139.889
158.795 198.836 37.375 139.889
163.874 198.990 36.578 136.906
164.527 197.684 36.578 136.906
170.403 196.378 36.578 136.906
173.916 194.864 37.387 139.935
176.591 194.864 37.387 139.935
178.597 193.527 37.387 139.935
180.858 191.310 38.214 143.031
182.905 191.310 38.214 143.031
186.316 191.992 38.214 143.031
188.363 191.310 38.214 143.031
191.093 191.310 38.214 143.031
195.869 190.628 38.214 143.031
199.281 190.628 38.214 143.031
204.058 191.310 38.214 143.031
206.364 186.316 39.060 146.195
213.345 187.014 39.060 146.195
220.325 186.316 39.060 146.195
223.117 185.618 39.060 146.195
229.399 183.524 39.060 146.195
237.078 184.920 39.060 146.195
239.870 185.618 39.060 146.195
243.360 186.316 39.060 146.195
247.965 188.573 38.227 143.078
253.424 188.573 38.227 143.078
257.518 189.938 38.227 143.078
262.294 188.573 38.227 143.078
266.389 185.843 38.227 143.078
270.208 186.687 37.412 140.027
274.888 187.355 37.412 140.027
281.973 190.854 36.614 137.040
285.248 189.544 36.614 137.040
289.177 190.199 36.614 137.040
300.311 192.164 36.614 137.040
302.275 192.164 36.614 137.040
308.560 194.280 35.833 134.118
312.407 194.280 35.833 134.118
316.895 193.639 35.833 134.118
320.101 194.921 35.833 134.118
323.552 189.591 36.626 137.085
326.421 184.800 37.436 140.118
330.433 187.474 37.436 140.118
336.451 183.462 37.436 140.118
338.456 191.486 37.436 140.118
343.805 189.480 37.436 140.118
347.817 192.155 37.436 140.118
353.166 191.486 37.436 140.118
357.432 189.267 38.264 143.219
358.378 188.367 39.111 146.387
365.378 185.567 39.111 146.387
369.845 181.848 39.976 149.626
373.840 192.008 39.124 146.435
379.707 187.588 39.990 149.675
380.849 190.615 39.137 146.483
385.049 187.115 39.137 146.483
392.049 187.815 39.137 146.483
396.249 186.415 39.137 146.483
402.967 192.177 38.302 143.359
407.072 194.230 38.302 143.359
397.492 193.546 38.302 143.359
401.174 188.538 39.150 146.531
404.674 186.438 39.150 146.531
405.641 189.017 40.016 149.773
394.906 186.870 40.016 149.773
389.180 186.870 40.016 149.773
383.882 191.330 39.162 146.579
383.882 195.530 39.162 146.579
384.582 199.730 39.162 146.579
382.748 195.308 40.029 149.822
377.296 192.220 40.915 153.137
373.639 190.757 40.915 153.137
376.269 190.927 40.042 149.872
371.975 196.652 40.042 149.872
369.828 195.937 40.042 149.872
365.534 196.652 40.042 149.872
364.103 195.937 40.042 149.872
362.228 192.132 40.928 153.187
367.784 195.228 40.055 149.921
367.784 198.091 40.055 149.921
367.496 196.826 39.201 146.724
367.496 201.026 39.201 146.724
366.096 199.626 39.201 146.724
368.896 203.826 39.201 146.724
367.496 201.726 39.201 146.724
370.996 204.526 39.201 146.724
370.296 205.926 39.201 146.724
370.996 206.626 39.201 146.724
369.596 205.226 39.201 146.724
370.996 204.526 39.201 146.724
371.696 203.826 39.201 146.724
372.814 208.191 38.365 143.595
370.478 209.036 37.547 140.532
372.745 206.811 38.378 143.642
373.431 206.811 38.378 143.642
372.745 205.438 38.378 143.642
372.745 207.497 38.378 143.642
373.431 210.242 38.378 143.642
373.431 210.928 38.378 143.642
375.065 209.339 39.227 146.820
375.333 208.417 40.095 150.068
377.760 204.604 40.982 153.388
381.427 205.337 40.982 153.388
386.560 203.870 40.982 153.388
392.427 203.137 40.982 153.388
398.293 202.404 40.982 153.388
404.160 203.137 40.982 153.388
412.664 208.439 40.108 150.117
420.558 207.004 40.108 150.117
429.170 208.439 40.108 150.117
444.514 203.190 40.995 153.439
451.394 202.226 41.902 156.834
458.884 202.226 41.902 156.834
465.911 196.746 42.829 160.303
473.849 190.385 43.777 163.850
472.284 195.079 43.777 163.850
478.543 195.861 43.777 163.850
476.978 196.644 43.777 163.850
484.802 194.296 43.777 163.850
482.753 196.396 44.745 167.475
490.753 197.196 44.745 167.475
496.658 196.943 45.735 171.181
500.746 197.761 45.735 171.181
506.470 199.396 45.735 171.181
512.505 200.773 46.747 174.968
515.509 195.121 45.750 171.237
517.456 187.503 46.763 175.026
517.456 188.338 46.763 175.026
519.962 190.844 46.763 175.026
519.445 191.414 47.797 178.898
518.590 191.414 47.797 178.898
514.315 191.414 47.797 178.898
506.621 191.414 47.797 178.898
498.072 191.414 47.797 178.898
491.233 189.704 47.797 178.898
484.048 184.772 46.778 175.083
476.194 188.310 45.780 171.349
471.288 188.310 45.780 171.349
463.600 190.954 44.804 167.695
457.678 195.142 43.849 164.119
455.325 193.574 43.849 164.119
457.361 194.539 42.914 160.619
451.994 194.539 42.914 160.619
449.694 194.539 42.914 160.619
449.694 193.773 42.914 160.619
450.461 189.939 42.914 160.619
450.461 189.173 42.914 160.619
451.228 189.939 42.914 160.619
447.394 189.939 42.914 160.619
445.094 190.706 42.914 160.619
444.328 189.173 42.914 160.619
447.394 188.406 42.914 160.619
445.094 188.406 42.914 160.619
444.328 187.639 42.914 160.619
448.161 186.873 42.914 160.619
442.794 186.873 42.914 160.619
436.661 184.573 42.914 160.619
435.128 189.939 42.914 160.619
430.985 197.785 41.998 157.194
426.479 191.778 41.998 157.194
420.919 187.446 41.103 153.842
423.125 183.769 41.103 153.842
425.331 181.563 41.103 153.842
427.975 186.145 40.226 150.561
441.203 183.760 41.116 153.892
440.748 178.381 42.026 157.297
412.497 174.388 42.956 160.777
409.880 183.020 42.040 157.349
406.125 180.767 42.040 157.349
402.819 180.943 41.143 153.993
399.142 178.737 41.143 153.993
394.730 177.266 41.143 153.993
392.805 177.033 42.053 157.400
389.050 171.776 42.053 157.400
384.544 177.784 42.053 157.400
387.996 187.723 41.157 154.044
379.908 183.312 41.157 154.044
379.908 183.312 41.157 154.044
377.702 184.047 41.157 154.044
373.729 187.895 40.279 150.758
373.010 187.895 40.279 150.758
373.729 185.736 40.279 150.758
371.570 184.297 40.279 150.758
369.121 190.222 39.420 147.544
367.714 190.222 39.420 147.544
370.246 191.092 38.579 144.397
372.037 199.533 37.757 141.318
373.386 198.184 37.757 141.318
369.339 197.510 37.757 141.318
366.641 196.161 37.757 141.318
364.346 196.319 36.951 138.304
362.363 194.997 36.951 138.304
361.042 193.675 36.951 138.304
358.399 193.015 36.951 138.304
357.738 194.336 36.951 138.304
359.060 194.997 36.951 138.304
358.399 194.336 36.951 138.304
358.399 193.675 36.951 138.304
353.112 193.015 36.951 138.304
349.809 193.015 36.951 138.304
349.148 192.354 36.951 138.304
348.487 189.711 36.951 138.304
340.810 188.841 37.769 141.364
339.461 189.516 37.769 141.364
336.763 190.190 37.769 141.364
332.041 191.540 37.769 141.364
330.692 190.190 37.769 141.364
328.251 189.301 38.605 144.492
325.490 189.301 38.605 144.492
322.729 185.850 38.605 144.492
321.349 186.540 38.605 144.492
317.898 185.850 38.605 144.492
318.588 187.231 38.605 144.492
320.658 187.921 38.605 144.492
317.898 186.540 38.605 144.492
319.968 185.850 38.605 144.492
316.517 185.160 38.605 144.492
311.686 183.089 38.605 144.492
313.066 182.399 38.605 144.492
312.098 181.869 37.781 141.410
309.399 180.520 37.781 141.410
308.050 181.195 37.781 141.410
304.003 178.497 37.781 141.410
301.305 177.148 37.781 141.410
297.258 177.148 37.781 141.410
293.211 177.822 37.781 141.410
288.490 179.171 37.781 141.410
283.768 180.520 37.781 141.410
277.698 182.544 37.781 141.410
274.325 180.520 37.781 141.410
