141.000 73.000 27.000 34.000
141.000 73.000 27.000 34.000
141.000 73.000 27.000 34.000
141.239 73.000 27.000 34.000
141.718 73.000 27.000 34.000
142.675 73.000 27.000 34.000
142.914 73.000 27.000 34.000
143.631 73.000 27.000 34.000
143.871 73.000 27.000 34.000
144.349 72.761 27.000 34.000
145.067 72.522 27.000 34.000
145.067 72.282 27.000 34.000
145.306 73.000 27.000 34.000
146.024 72.761 27.000 34.000
146.263 72.522 27.000 34.000
146.980 72.043 27.000 34.000
147.878 72.624 27.597 34.752
147.818 71.749 28.208 35.521
148.007 71.105 28.832 36.307
149.230 71.731 29.470 37.110
151.838 71.470 29.470 37.110
151.055 70.949 29.470 37.110
153.402 71.470 29.470 37.110
153.663 71.210 29.470 37.110
156.010 71.992 29.470 37.110
158.096 71.731 29.470 37.110
158.879 71.470 29.470 37.110
160.183 71.210 29.470 37.110
162.583 71.605 28.842 36.319
162.583 71.862 28.842 36.319
165.666 71.092 28.842 36.319
165.409 71.348 28.842 36.319
168.234 71.092 28.842 36.319
168.748 71.348 28.842 36.319
169.775 71.092 28.842 36.319
170.546 70.835 28.842 36.319
172.601 71.092 28.842 36.319
172.344 70.835 28.842 36.319
174.399 71.092 28.842 36.319
174.913 70.835 28.842 36.319
175.683 70.835 28.842 36.319
175.477 70.965 28.226 35.544
176.481 70.463 28.226 35.544
176.230 70.463 28.226 35.544
177.485 70.463 28.226 35.544
176.481 70.463 28.226 35.544
175.979 70.463 28.226 35.544
176.230 70.714 28.226 35.544
175.728 70.965 28.226 35.544
174.473 70.714 28.226 35.544
172.465 71.467 28.226 35.544
171.963 71.216 28.226 35.544
171.210 71.216 28.226 35.544
170.206 70.965 28.226 35.544
169.202 70.463 28.226 35.544
167.195 70.965 28.226 35.544
164.936 70.463 28.226 35.544
162.175 71.216 28.226 35.544
160.669 70.965 28.226 35.544
158.661 70.965 28.226 35.544
153.893 70.965 28.226 35.544
152.638 70.965 28.226 35.544
150.630 70.965 28.226 35.544
147.808 70.572 28.851 36.331
146.524 71.342 28.851 36.331
146.524 71.086 28.851 36.331
144.469 71.086 28.851 36.331
142.671 71.342 28.851 36.331
140.102 71.856 28.851 36.331
139.075 72.113 28.851 36.331
136.249 72.370 28.851 36.331
136.249 72.627 28.851 36.331
133.937 73.140 28.851 36.331
131.882 72.627 28.851 36.331
129.827 73.140 28.851 36.331
127.773 72.884 28.851 36.331
125.975 72.884 28.851 36.331
124.176 72.884 28.851 36.331
122.635 73.140 28.851 36.331
120.324 73.654 28.851 36.331
118.269 74.425 28.851 36.331
118.782 74.425 28.851 36.331
116.727 74.682 28.851 36.331
115.957 75.195 28.851 36.331
115.443 75.452 28.851 36.331
115.186 75.966 28.851 36.331
113.388 76.480 28.851 36.331
113.388 77.507 28.851 36.331
112.104 78.535 28.851 36.331
111.785 78.390 29.489 37.135
109.420 79.178 29.489 37.135
110.208 78.915 29.489 37.135
109.357 79.555 30.142 37.956
109.088 79.824 30.142 37.956
108.282 80.361 30.142 37.956
108.819 79.824 30.142 37.956
109.088 80.630 30.142 37.956
107.745 80.361 30.142 37.956
108.282 80.092 30.142 37.956
108.551 80.092 30.142 37.956
109.088 79.555 30.142 37.956
108.819 80.092 30.142 37.956
109.357 79.824 30.142 37.956
109.625 80.361 30.142 37.956
110.162 79.824 30.142 37.956
110.431 80.361 30.142 37.956
111.237 79.824 30.142 37.956
112.043 80.630 30.142 37.956
112.849 80.898 30.142 37.956
114.998 81.167 30.142 37.956
116.610 80.092 30.142 37.956
117.415 79.824 30.142 37.956
118.490 79.824 30.142 37.956
120.370 79.824 30.142 37.956
121.982 79.555 30.142 37.956
123.862 79.018 30.142 37.956
127.623 78.749 30.142 37.956
128.966 78.212 30.142 37.956
130.041 77.406 30.142 37.956
131.384 77.675 30.142 37.956
135.951 77.406 30.142 37.956
135.682 77.138 30.142 37.956
136.757 76.600 30.142 37.956
138.100 77.138 30.142 37.956
138.906 76.332 30.142 37.956
140.249 76.600 30.142 37.956
141.055 75.794 30.142 37.956
142.129 74.989 30.142 37.956
143.472 74.451 30.142 37.956
145.084 73.645 30.142 37.956
146.696 73.377 30.142 37.956
147.502 73.108 30.142 37.956
147.770 72.840 30.142 37.956
148.576 74.451 30.142 37.956
148.845 73.914 30.142 37.956
149.382 74.451 30.142 37.956
149.651 73.914 30.142 37.956
150.457 75.257 30.142 37.956
151.262 74.451 30.142 37.956
152.337 74.989 30.142 37.956
153.680 76.332 30.142 37.956
155.613 75.930 29.499 37.147
154.562 75.142 29.499 37.147
154.300 75.930 29.499 37.147
154.037 75.668 29.499 37.147
153.774 77.507 29.499 37.147
153.511 77.244 29.499 37.147
156.191 78.166 28.870 36.355
155.985 79.067 28.254 35.579
155.734 79.820 28.254 35.579
155.483 80.573 28.254 35.579
155.232 81.326 28.254 35.579
157.792 81.705 27.652 34.821
157.056 81.705 27.652 34.821
156.811 82.441 27.652 34.821
156.566 83.911 27.652 34.821
156.321 84.156 27.652 34.821
156.321 85.627 27.652 34.821
156.566 86.117 27.652 34.821
157.056 87.588 27.652 34.821
157.792 89.303 27.652 34.821
157.547 88.323 27.652 34.821
157.547 90.039 27.652 34.821
157.547 89.303 27.652 34.821
157.792 90.774 27.652 34.821
157.792 89.794 27.652 34.821
158.037 90.774 27.652 34.821
158.282 90.039 27.652 34.821
157.547 91.019 27.652 34.821
157.302 90.039 27.652 34.821
156.811 89.548 27.652 34.821
157.302 90.774 27.652 34.821
156.566 89.548 27.652 34.821
156.321 89.303 27.652 34.821
156.076 88.568 27.652 34.821
156.076 88.078 27.652 34.821
155.586 86.852 27.652 34.821
154.606 86.362 27.652 34.821
153.380 85.872 27.652 34.821
152.400 84.647 27.652 34.821
151.419 83.421 27.652 34.821
150.929 83.911 27.652 34.821
150.194 82.686 27.652 34.821
148.968 81.705 27.652 34.821
149.704 80.725 27.652 34.821
148.723 79.745 27.652 34.821
149.213 79.499 27.652 34.821
147.743 80.480 27.652 34.821
148.172 78.869 28.264 35.591
148.110 77.221 28.889 36.379
147.020 76.048 29.528 37.183
146.758 75.522 29.528 37.183
146.232 77.098 29.528 37.183
146.758 75.785 29.528 37.183
145.707 76.836 29.528 37.183
146.758 75.785 29.528 37.183
146.168 75.111 30.181 38.006
146.437 74.305 30.181 38.006
146.705 73.768 30.181 38.006
146.974 75.111 30.181 38.006
145.362 74.305 30.181 38.006
145.900 73.499 30.181 38.006
146.168 73.499 30.181 38.006
146.168 74.036 30.181 38.006
146.168 73.230 30.181 38.006
145.631 73.230 30.181 38.006
145.900 72.962 30.181 38.006
146.168 74.305 30.181 38.006
145.094 73.499 30.181 38.006
144.825 73.230 30.181 38.006
144.019 73.768 30.181 38.006
143.213 74.305 30.181 38.006
142.676 74.573 30.181 38.006
142.139 75.648 30.181 38.006
139.721 76.185 30.181 38.006
139.721 76.185 30.181 38.006
137.572 76.991 30.181 38.006
135.423 78.066 30.181 38.006
133.005 77.797 30.181 38.006
130.051 78.334 30.181 38.006
126.290 78.066 30.181 38.006
126.290 78.066 30.181 38.006
122.798 78.066 30.181 38.006
119.843 78.603 30.181 38.006
117.694 79.409 30.181 38.006
115.007 79.409 30.181 38.006
112.052 79.677 30.181 38.006
110.172 80.483 30.181 38.006
109.098 80.483 30.181 38.006
107.217 79.946 30.181 38.006
104.531 79.140 30.181 38.006
105.337 78.871 30.181 38.006
103.456 79.409 30.181 38.006
102.854 78.182 30.849 38.847
101.481 77.359 30.849 38.847
100.658 77.908 30.849 38.847
100.591 78.302 31.532 39.706
99.750 77.741 31.532 39.706
99.681 78.143 32.229 40.585
99.395 78.715 32.229 40.585
98.250 78.429 32.229 40.585
98.823 78.429 32.229 40.585
98.823 78.429 32.229 40.585
98.823 78.715 32.229 40.585
98.823 79.288 32.229 40.585
98.823 79.002 32.229 40.585
98.823 80.147 32.229 40.585
98.823 80.719 32.229 40.585
99.395 80.719 32.229 40.585
99.395 81.292 32.229 40.585
100.254 82.151 32.229 40.585
101.113 83.009 32.229 40.585
101.685 83.582 32.229 40.585
101.399 83.582 32.229 40.585
101.113 83.868 32.229 40.585
101.399 84.441 32.229 40.585
100.254 84.155 32.229 40.585
99.968 84.727 32.229 40.585
98.536 84.441 32.229 40.585
96.819 84.155 32.229 40.585
93.155 84.301 31.542 39.719
93.771 83.883 30.869 38.872
92.124 84.432 30.869 38.872
89.983 84.023 30.211 38.043
88.371 83.755 30.211 38.043
86.759 84.561 30.211 38.043
85.147 84.023 30.211 38.043
82.246 83.623 29.567 37.232
80.144 84.411 29.567 37.232
77.517 83.886 29.567 37.232
72.524 83.623 29.567 37.232
72.262 84.674 29.567 37.232
69.161 84.546 28.936 36.438
66.593 85.059 28.936 36.438
62.740 84.546 28.936 36.438
59.657 85.059 28.936 36.438
56.318 84.546 28.936 36.438
53.750 84.802 28.936 36.438
50.153 84.032 28.936 36.438
47.328 84.289 28.936 36.438
42.191 84.546 28.936 36.438
41.677 85.059 28.936 36.438
38.851 84.546 28.936 36.438
36.540 85.059 28.936 36.438
33.971 84.546 28.936 36.438
32.173 85.059 28.936 36.438
30.375 84.546 28.936 36.438
28.577 85.316 28.936 36.438
25.751 85.059 28.936 36.438
24.210 84.802 28.936 36.438
21.128 84.802 28.936 36.438
21.128 84.546 28.936 36.438
19.330 85.573 28.936 36.438
18.046 85.316 28.936 36.438
16.248 84.802 28.936 36.438
15.220 84.032 28.936 36.438
14.193 84.546 28.936 36.438
12.908 85.059 28.936 36.438
11.624 83.775 28.936 36.438
10.597 84.802 28.936 36.438
9.569 83.261 28.936 36.438
9.569 84.032 28.936 36.438
9.055 83.004 28.936 36.438
9.312 83.261 28.936 36.438
9.312 83.775 28.936 36.438
9.055 84.032 28.936 36.438
8.799 83.004 28.936 36.438
8.542 83.004 28.936 36.438
8.285 83.004 28.936 36.438
9.055 83.004 28.936 36.438
9.055 82.748 28.936 36.438
9.055 83.775 28.936 36.438
9.312 83.518 28.936 36.438
9.569 83.004 28.936 36.438
9.312 82.491 28.936 36.438
10.083 83.261 28.936 36.438
10.597 83.004 28.936 36.438
10.853 82.748 28.936 36.438
11.624 84.032 28.936 36.438
12.395 83.261 28.936 36.438
16.248 84.289 28.936 36.438
16.248 84.546 28.936 36.438
17.789 85.316 28.936 36.438
19.587 85.573 28.936 36.438
21.899 86.601 28.936 36.438
25.238 87.885 28.936 36.438
28.577 88.399 28.936 36.438
31.197 90.585 28.319 35.661
35.464 93.346 28.319 35.661
38.727 95.103 28.319 35.661
46.005 99.369 28.319 35.661
46.507 99.620 28.319 35.661
49.770 102.632 28.319 35.661
53.284 105.393 28.319 35.661
57.048 107.652 28.319 35.661
59.809 110.413 28.319 35.661
62.319 112.671 28.319 35.661
65.833 114.428 28.319 35.661
67.589 117.189 28.319 35.661
70.099 119.197 28.319 35.661
74.617 122.962 28.319 35.661
74.366 122.711 28.319 35.661
76.374 124.718 28.319 35.661
78.382 126.475 28.319 35.661
80.389 128.483 28.319 35.661
82.146 129.989 28.319 35.661
85.158 130.491 28.319 35.661
85.911 132.499 28.319 35.661
87.668 133.503 28.319 35.661
88.672 134.507 28.319 35.661
91.935 135.762 28.319 35.661
91.684 135.260 28.319 35.661
92.938 136.515 28.319 35.661
94.695 136.766 28.319 35.661
95.448 136.766 28.319 35.661
96.703 137.267 28.319 35.661
98.711 138.020 28.319 35.661
99.213 139.024 28.319 35.661
101.974 139.024 28.319 35.661
102.225 140.279 28.319 35.661
105.237 141.534 28.319 35.661
104.986 142.036 28.319 35.661
106.742 141.032 28.319 35.661
106.993 141.283 28.319 35.661
108.499 140.530 28.319 35.661
108.499 139.777 28.319 35.661
109.252 138.271 28.319 35.661
110.507 137.016 28.319 35.661
110.507 135.260 28.319 35.661
110.758 134.005 28.319 35.661
111.762 131.244 28.319 35.661
112.264 130.491 28.319 35.661
113.017 129.738 28.319 35.661
113.519 128.483 28.319 35.661
114.272 127.479 28.319 35.661
115.276 126.726 28.319 35.661
116.280 125.471 28.319 35.661
117.284 124.969 28.319 35.661
118.287 123.715 28.319 35.661
119.040 122.711 28.319 35.661
120.295 121.205 28.319 35.661
120.484 120.559 28.946 36.450
120.934 119.899 29.586 37.257
121.133 118.436 30.241 38.081
121.670 118.973 30.241 38.081
122.476 117.630 30.241 38.081
122.744 118.167 30.241 38.081
123.013 116.556 30.241 38.081
121.401 117.093 30.241 38.081
122.207 115.212 30.241 38.081
122.476 115.212 30.241 38.081
122.744 115.212 30.241 38.081
123.282 114.407 30.241 38.081
121.670 114.407 30.241 38.081
123.013 113.332 30.241 38.081
124.087 113.869 30.241 38.081
125.162 113.063 30.241 38.081
126.236 111.989 30.241 38.081
127.311 111.452 30.241 38.081
128.386 111.452 30.241 38.081
132.952 110.914 30.241 38.081
131.340 110.646 30.241 38.081
134.027 109.303 30.241 38.081
136.444 107.960 30.241 38.081
141.011 107.154 30.241 38.081
142.825 105.927 30.910 38.923
147.767 105.103 30.910 38.923
149.688 103.730 30.910 38.923
155.178 104.279 30.910 38.923
158.198 103.456 30.910 38.923
163.414 101.260 30.910 38.923
163.414 99.613 30.910 38.923
165.061 98.515 30.910 38.923
167.531 97.417 30.910 38.923
170.276 96.044 30.910 38.923
172.473 94.672 30.910 38.923
174.669 95.495 30.910 38.923
176.316 93.848 30.910 38.923
177.414 94.397 30.910 38.923
178.237 92.476 30.910 38.923
178.512 90.554 30.910 38.923
179.061 91.652 30.910 38.923
178.567 92.342 30.251 38.093
179.373 90.461 30.251 38.093
178.567 91.536 30.251 38.093
177.815 90.061 29.606 37.281
176.764 91.112 29.606 37.281
175.450 89.273 29.606 37.281
175.976 90.324 29.606 37.281
173.874 91.901 29.606 37.281
170.721 89.273 29.606 37.281
170.721 90.324 29.606 37.281
168.882 89.273 29.606 37.281
168.093 89.799 29.606 37.281
166.780 90.061 29.606 37.281
165.729 90.061 29.606 37.281
164.940 88.748 29.606 37.281
165.466 89.536 29.606 37.281
165.991 89.010 29.606 37.281
165.466 87.697 29.606 37.281
167.568 88.485 29.606 37.281
167.831 88.748 29.606 37.281
168.672 87.043 28.974 36.486
169.956 86.273 28.974 36.486
172.268 87.043 28.974 36.486
174.323 84.731 28.974 36.486
176.891 85.502 28.974 36.486
178.689 83.447 28.974 36.486
182.285 83.704 28.974 36.486
186.395 81.906 28.974 36.486
192.046 80.108 28.974 36.486
192.560 80.879 28.974 36.486
194.358 81.135 28.974 36.486
198.468 79.337 28.974 36.486
201.293 80.108 28.974 36.486
204.633 78.310 28.974 36.486
206.944 79.081 28.974 36.486
209.513 79.594 28.974 36.486
211.054 81.135 28.974 36.486
213.366 83.704 28.974 36.486
218.246 85.759 28.974 36.486
219.017 84.475 28.974 36.486
220.558 83.704 28.974 36.486
222.099 82.933 28.974 36.486
224.668 81.906 28.974 36.486
226.723 80.879 28.974 36.486
229.291 79.851 28.974 36.486
232.631 79.081 28.974 36.486
234.429 78.567 28.974 36.486
238.025 79.594 28.974 36.486
241.621 77.539 28.974 36.486
241.364 77.026 28.974 36.486
243.419 75.741 28.974 36.486
244.960 75.228 28.974 36.486
245.987 73.686 28.974 36.486
247.272 73.430 28.974 36.486
248.813 72.402 28.974 36.486
249.327 71.888 28.974 36.486
250.611 71.118 28.974 36.486
250.097 71.118 28.974 36.486
250.611 71.118 28.974 36.486
249.840 71.118 28.974 36.486
249.840 71.118 28.974 36.486
248.813 71.118 28.974 36.486
248.042 71.375 28.974 36.486
247.015 72.145 28.974 36.486
245.987 72.402 28.974 36.486
244.446 72.916 28.974 36.486
243.676 73.943 28.974 36.486
241.364 73.686 28.974 36.486
239.309 76.255 28.974 36.486
239.052 75.741 28.974 36.486
237.768 76.769 28.974 36.486
235.970 76.255 28.974 36.486
234.685 75.998 28.974 36.486
232.631 77.796 28.974 36.486
231.089 77.539 28.974 36.486
229.805 79.081 28.974 36.486
227.750 78.824 28.974 36.486
226.209 78.567 28.974 36.486
223.127 80.622 28.974 36.486
222.870 80.365 28.974 36.486
221.072 80.108 28.974 36.486
219.274 80.365 28.974 36.486
217.476 81.135 28.974 36.486
215.934 81.392 28.974 36.486
213.880 81.135 28.974 36.486
211.825 81.135 28.974 36.486
210.283 81.392 28.974 36.486
209.256 81.392 28.974 36.486
206.687 80.879 28.974 36.486
205.403 80.108 28.974 36.486
205.146 79.851 28.974 36.486
203.862 79.594 28.974 36.486
203.400 80.240 28.356 35.708
202.647 80.240 28.356 35.708
202.647 80.240 28.356 35.708
201.894 79.989 28.356 35.708
202.396 79.738 28.356 35.708
201.392 79.236 28.356 35.708
201.894 79.236 28.356 35.708
202.396 79.236 28.356 35.708
201.392 79.236 28.356 35.708
202.145 78.985 28.356 35.708
203.400 78.734 28.356 35.708
202.647 78.232 28.356 35.708
203.902 77.981 28.356 35.708
204.958 78.362 27.752 34.946
205.995 78.735 27.160 34.201
206.236 78.976 27.160 34.201
207.683 78.494 27.160 34.201
206.959 78.494 27.160 34.201
208.165 78.735 27.160 34.201
208.889 78.976 27.160 34.201
209.612 78.011 27.160 34.201
209.853 78.011 27.160 34.201
210.577 78.011 27.160 34.201
