129.000 80.000 64.000 78.000
129.000 81.676 64.000 78.000
124.529 83.353 64.000 78.000
121.176 85.029 64.000 78.000
121.176 85.588 64.000 78.000
117.824 87.265 64.000 78.000
118.941 88.382 64.000 78.000
118.382 88.382 64.000 78.000
118.382 90.618 64.000 78.000
117.265 91.735 64.000 78.000
117.265 92.294 64.000 78.000
116.147 93.971 64.000 78.000
118.941 95.647 64.000 78.000
120.468 93.108 65.416 79.726
121.039 94.249 65.416 79.726
120.468 93.108 65.416 79.726
122.180 94.819 65.416 79.726
122.180 94.819 65.416 79.726
118.186 98.243 65.416 79.726
118.186 102.808 65.416 79.726
119.327 106.231 65.416 79.726
116.474 108.514 65.416 79.726
113.621 111.937 65.416 79.726
109.627 110.225 65.416 79.726
108.486 107.943 65.416 79.726
110.198 106.802 65.416 79.726
106.774 105.090 65.416 79.726
109.627 100.525 65.416 79.726
112.480 98.243 65.416 79.726
115.333 94.819 65.416 79.726
118.757 91.967 65.416 79.726
122.180 97.672 65.416 79.726
124.463 96.531 65.416 79.726
125.033 95.390 65.416 79.726
127.886 94.819 65.416 79.726
125.604 93.108 65.416 79.726
125.033 91.396 65.416 79.726
122.751 90.255 65.416 79.726
119.327 87.972 65.416 79.726
115.904 90.825 65.416 79.726
112.480 94.249 65.416 79.726
107.916 97.672 65.416 79.726
103.921 100.525 65.416 79.726
101.068 102.237 65.416 79.726
97.074 101.096 65.416 79.726
92.510 102.808 65.416 79.726
90.798 101.667 65.416 79.726
87.374 99.955 65.416 79.726
87.945 96.531 65.416 79.726
91.368 93.678 65.416 79.726
93.651 95.961 65.416 79.726
97.201 99.093 64.021 78.026
99.995 100.770 64.021 78.026
104.466 105.799 64.021 78.026
108.937 109.152 64.021 78.026
114.525 108.034 64.021 78.026
117.319 105.240 64.021 78.026
124.584 103.005 64.021 78.026
131.290 100.211 64.021 78.026
135.201 97.417 64.021 78.026
138.554 98.534 64.021 78.026
141.348 98.534 64.021 78.026
141.907 100.770 64.021 78.026
139.113 101.887 64.021 78.026
134.642 102.446 64.021 78.026
130.172 97.975 64.021 78.026
127.378 95.181 64.021 78.026
125.142 97.417 64.021 78.026
122.348 97.975 64.021 78.026
120.672 99.652 64.021 78.026
122.348 101.887 64.021 78.026
121.231 98.534 64.021 78.026
119.554 96.858 64.021 78.026
117.878 94.064 64.021 78.026
116.201 93.505 64.021 78.026
113.966 95.181 64.021 78.026
113.817 90.965 65.437 79.752
110.964 101.806 65.437 79.752
110.393 99.524 65.437 79.752
111.534 97.242 65.437 79.752
112.675 94.389 65.437 79.752
115.528 91.536 65.437 79.752
120.093 94.389 65.437 79.752
126.370 96.671 65.437 79.752
130.934 97.242 65.437 79.752
132.075 100.665 65.437 79.752
133.217 105.230 65.437 79.752
134.928 100.665 65.437 79.752
136.070 101.236 65.437 79.752
137.211 97.242 65.437 79.752
137.781 92.677 65.437 79.752
138.922 86.971 65.437 79.752
138.352 85.259 65.437 79.752
134.928 81.836 65.437 79.752
130.934 77.271 65.437 79.752
149.764 90.395 65.437 79.752
154.328 100.665 65.437 79.752
154.899 105.230 65.437 79.752
155.470 108.653 65.437 79.752
158.450 106.651 64.042 78.051
157.456 104.130 62.676 76.387
155.389 101.115 61.340 74.758
154.437 98.701 60.032 73.163
152.983 97.910 58.751 71.603
150.936 95.863 58.751 71.603
146.330 93.304 58.751 71.603
144.910 96.627 57.499 70.076
144.408 96.125 57.499 70.076
143.906 98.634 57.499 70.076
143.270 99.867 58.771 71.627
143.270 95.243 58.771 71.627
140.187 99.867 58.771 71.627
138.132 98.840 58.771 71.627
138.132 96.785 58.771 71.627
138.646 93.189 58.771 71.627
136.077 91.134 58.771 71.627
141.215 88.565 58.771 71.627
144.811 81.887 58.771 71.627
149.948 86.510 58.771 71.627
153.143 99.603 57.517 70.099
153.645 103.117 57.517 70.099
155.653 101.109 57.517 70.099
157.159 102.113 57.517 70.099
156.657 101.109 57.517 70.099
153.143 102.113 57.517 70.099
151.135 98.097 57.517 70.099
150.633 97.094 57.517 70.099
148.124 98.599 57.517 70.099
145.614 100.105 57.517 70.099
143.717 102.861 56.291 68.604
142.247 105.802 56.291 68.604
140.396 108.004 55.090 67.141
137.033 106.563 55.090 67.141
132.229 103.680 55.090 67.141
129.218 102.457 56.309 68.627
126.265 100.489 56.309 68.627
122.197 100.221 57.555 70.145
122.197 96.708 57.555 70.145
119.185 97.210 57.555 70.145
118.181 95.704 57.555 70.145
117.679 98.716 57.555 70.145
118.181 99.720 57.555 70.145
121.193 98.716 57.555 70.145
125.209 98.214 57.555 70.145
129.726 97.210 57.555 70.145
133.105 97.940 58.828 71.697
138.243 97.940 58.828 71.697
142.352 99.995 58.828 71.697
147.490 98.967 58.828 71.697
148.003 99.481 58.828 71.697
149.545 102.049 58.828 71.697
149.545 106.159 58.828 71.697
148.003 108.728 58.828 71.697
145.949 111.810 58.828 71.697
146.976 113.865 58.828 71.697
145.435 114.379 58.828 71.697
142.866 112.838 58.828 71.697
137.215 110.269 58.828 71.697
137.215 107.187 58.828 71.697
132.078 103.077 58.828 71.697
129.509 105.132 58.828 71.697
125.913 109.242 58.828 71.697
122.317 109.755 58.828 71.697
120.262 112.324 58.828 71.697
117.694 109.755 58.828 71.697
115.639 111.296 58.828 71.697
113.960 110.503 60.130 73.284
110.282 108.927 60.130 73.284
108.180 105.248 60.130 73.284
108.180 108.401 60.130 73.284
106.078 105.774 60.130 73.284
102.925 99.468 60.130 73.284
