306.000 5.000 95.000 65.000
309.137 19.431 95.000 65.000
314.784 42.647 95.000 65.000
321.686 69.627 95.000 65.000
326.078 104.137 95.000 65.000
329.216 136.765 95.000 65.000
329.216 153.706 95.000 65.000
322.941 147.431 95.000 65.000
317.922 125.471 95.000 65.000
312.902 99.745 95.000 65.000
303.490 75.275 95.000 65.000
277.523 53.379 92.974 63.614
251.746 43.560 92.974 63.614
234.562 35.581 92.974 63.614
217.378 30.672 92.974 63.614
208.172 30.672 92.974 63.614
203.876 37.422 92.974 63.614
204.489 49.083 92.974 63.614
211.240 69.336 92.974 63.614
219.833 92.044 92.974 63.614
229.652 115.979 92.974 63.614
243.154 133.777 92.974 63.614
253.587 136.232 92.974 63.614
260.338 113.524 92.974 63.614
275.682 82.838 92.974 63.614
286.729 61.358 92.974 63.614
282.433 44.787 92.974 63.614
265.862 30.058 92.974 63.614
247.450 22.693 92.974 63.614
238.858 18.397 92.974 63.614
233.948 15.942 92.974 63.614
236.403 19.624 92.974 63.614
242.540 31.899 92.974 63.614
257.884 50.311 92.974 63.614
274.454 71.177 92.974 63.614
297.162 95.726 92.974 63.614
326.621 127.026 92.974 63.614
351.170 157.713 92.974 63.614
371.423 176.124 92.974 63.614
391.062 182.875 92.974 63.614
411.315 169.987 92.974 63.614
426.658 149.734 92.974 63.614
426.044 131.322 92.974 63.614
403.336 116.593 92.974 63.614
368.354 110.456 92.974 63.614
345.646 106.773 92.974 63.614
333.986 100.022 92.974 63.614
324.166 96.340 92.974 63.614
315.574 94.499 92.974 63.614
312.505 93.885 92.974 63.614
313.119 99.409 92.974 63.614
319.870 109.842 92.974 63.614
333.986 127.026 92.974 63.614
337.668 142.983 92.974 63.614
337.054 147.893 92.974 63.614
345.646 154.644 92.974 63.614
353.011 142.983 92.974 63.614
369.582 120.275 92.974 63.614
381.856 101.250 92.974 63.614
391.062 77.315 92.974 63.614
389.221 52.152 92.974 63.614
373.264 28.217 92.974 63.614
353.625 11.646 92.974 63.614
344.419 3.668 92.974 63.614
342.578 1.213 92.974 63.614
340.736 -0.628 92.974 63.614
337.668 1.826 92.974 63.614
337.054 7.964 92.974 63.614
340.736 20.238 92.974 63.614
348.715 37.422 92.974 63.614
361.603 57.675 92.974 63.614
