177.000 51.000 21.000 129.000
177.551 52.102 21.000 129.000
177.551 52.102 21.000 129.000
177.551 52.102 21.000 129.000
177.551 52.102 21.000 129.000
177.000 51.551 21.000 129.000
177.000 51.000 21.000 129.000
177.000 51.000 21.000 129.000
176.449 50.449 21.000 129.000
176.449 50.449 21.000 129.000
176.449 50.449 21.000 129.000
175.898 49.898 21.000 129.000
174.796 48.245 21.000 129.000
174.245 48.245 21.000 129.000
174.245 47.143 21.000 129.000
173.694 46.592 21.000 129.000
172.592 44.388 21.000 129.000
172.041 44.939 21.000 129.000
172.041 42.735 21.000 129.000
172.041 42.184 21.000 129.000
171.490 41.633 21.000 129.000
171.490 39.429 21.000 129.000
170.388 38.878 21.000 129.000
169.286 36.675 21.000 129.000
168.735 35.022 21.000 129.000
166.299 31.391 21.465 131.854
165.174 28.577 21.465 131.854
164.611 27.451 21.465 131.854
163.485 24.075 21.465 131.854
162.923 21.824 21.465 131.854
162.923 20.698 21.465 131.854
161.797 17.885 21.465 131.854
160.672 17.885 21.465 131.854
160.338 16.477 21.007 129.042
159.787 13.171 21.007 129.042
159.787 9.865 21.007 129.042
158.134 7.110 21.007 129.042
157.583 6.008 21.007 129.042
155.930 2.151 21.007 129.042
154.828 1.049 21.007 129.042
154.277 -2.256 21.007 129.042
154.277 -5.011 21.007 129.042
153.726 -7.215 21.007 129.042
152.624 -9.970 21.007 129.042
152.073 -12.725 21.007 129.042
150.971 -14.378 21.007 129.042
150.420 -17.684 21.007 129.042
150.971 -19.337 21.007 129.042
150.420 -22.092 21.007 129.042
150.420 -23.745 21.007 129.042
149.869 -25.949 21.007 129.042
149.318 -28.153 21.007 129.042
148.767 -29.805 21.007 129.042
148.216 -32.009 21.007 129.042
148.216 -33.662 21.007 129.042
148.216 -35.315 21.007 129.042
147.665 -37.519 21.007 129.042
147.665 -39.723 21.007 129.042
147.114 -39.723 21.007 129.042
147.114 -41.376 21.007 129.042
147.114 -43.580 21.007 129.042
147.114 -43.580 21.007 129.042
146.563 -44.131 21.007 129.042
145.134 -44.959 20.559 126.290
146.752 -44.420 20.559 126.290
145.673 -44.420 20.559 126.290
144.056 -44.959 20.559 126.290
143.736 -43.073 20.120 123.597
142.681 -43.601 20.120 123.597
143.423 -41.228 19.691 120.962
143.939 -43.806 19.691 120.962
143.423 -42.775 19.691 120.962
144.752 -44.629 20.127 123.638
143.170 -42.519 20.127 123.638
143.697 -42.519 20.127 123.638
142.642 -40.937 20.127 123.638
141.587 -40.409 20.127 123.638
142.420 -40.194 20.572 126.373
142.420 -38.577 20.572 126.373
141.880 -37.498 20.572 126.373
140.263 -35.881 20.572 126.373
139.724 -34.263 20.572 126.373
139.184 -32.106 20.572 126.373
138.645 -29.949 20.572 126.373
138.106 -27.793 20.572 126.373
137.028 -25.096 20.572 126.373
136.488 -23.479 20.572 126.373
135.410 -20.783 20.572 126.373
135.410 -18.626 20.572 126.373
134.331 -15.391 20.572 126.373
133.253 -12.694 20.572 126.373
132.175 -9.459 20.572 126.373
131.096 -6.224 20.572 126.373
130.557 -3.528 20.572 126.373
130.018 -0.832 20.572 126.373
130.018 1.325 20.572 126.373
129.479 4.021 20.572 126.373
130.329 4.780 21.028 129.169
130.329 7.535 21.028 129.169
127.023 10.290 21.028 129.169
123.718 14.147 21.028 129.169
123.167 16.902 21.028 129.169
123.167 18.555 21.028 129.169
123.167 20.208 21.028 129.169
120.963 23.513 21.028 129.169
118.208 25.717 21.028 129.169
117.657 27.370 21.028 129.169
116.004 29.574 21.028 129.169
117.106 30.676 21.028 129.169
116.004 31.778 21.028 129.169
114.351 33.431 21.028 129.169
112.147 35.084 21.028 129.169
111.045 37.288 21.028 129.169
109.392 38.390 21.028 129.169
108.841 40.043 21.028 129.169
107.188 40.594 21.028 129.169
106.637 41.145 21.028 129.169
104.984 42.247 21.028 129.169
106.637 42.798 21.028 129.169
104.433 42.798 21.028 129.169
103.882 43.349 21.028 129.169
103.331 43.900 21.028 129.169
102.229 44.451 21.028 129.169
101.127 43.900 21.028 129.169
100.576 44.451 21.028 129.169
98.923 43.900 21.028 129.169
98.372 44.451 21.028 129.169
97.271 43.900 21.028 129.169
95.618 44.451 21.028 129.169
93.414 44.451 21.028 129.169
93.965 43.349 21.028 129.169
92.863 43.900 21.028 129.169
91.210 43.900 21.028 129.169
90.426 41.369 21.493 132.027
89.861 40.804 21.493 132.027
89.861 40.804 21.493 132.027
89.297 40.239 21.493 132.027
87.603 39.110 21.493 132.027
86.473 38.545 21.493 132.027
85.909 37.981 21.493 132.027
85.909 37.981 21.493 132.027
84.779 37.416 21.493 132.027
84.214 35.722 21.493 132.027
83.085 35.722 21.493 132.027
82.520 35.157 21.493 132.027
80.826 32.898 21.493 132.027
80.826 32.898 21.493 132.027
79.697 31.769 21.493 132.027
79.132 30.075 21.493 132.027
78.003 28.945 21.493 132.027
77.438 28.381 21.493 132.027
75.744 26.686 21.493 132.027
75.179 26.122 21.493 132.027
75.179 24.428 21.493 132.027
74.050 22.733 21.493 132.027
72.920 22.169 21.493 132.027
72.356 19.910 21.493 132.027
70.661 18.781 21.493 132.027
69.532 17.651 21.493 132.027
68.967 15.957 21.493 132.027
67.838 14.263 21.493 132.027
66.709 12.004 21.493 132.027
66.144 9.745 21.493 132.027
65.579 8.616 21.493 132.027
63.885 6.357 21.493 132.027
62.756 4.098 21.493 132.027
61.061 1.839 21.493 132.027
59.932 0.145 21.493 132.027
58.803 -2.678 21.493 132.027
57.109 -4.937 21.493 132.027
56.544 -8.325 21.493 132.027
55.414 -10.584 21.493 132.027
53.720 -13.972 21.493 132.027
52.026 -17.361 21.493 132.027
50.897 -19.619 21.493 132.027
49.767 -23.008 21.493 132.027
48.638 -27.525 21.493 132.027
46.944 -30.349 21.493 132.027
45.814 -33.737 21.493 132.027
44.685 -38.255 21.493 132.027
42.991 -41.643 21.493 132.027
41.861 -46.161 21.493 132.027
39.038 -47.855 21.493 132.027
36.779 -51.808 21.493 132.027
35.650 -54.631 21.493 132.027
33.620 -55.482 21.034 129.212
31.640 -53.003 20.586 126.456
29.484 -20.650 20.586 126.456
29.484 -21.728 20.586 126.456
27.866 -24.963 20.586 126.456
27.007 -26.850 20.147 123.759
26.692 -31.354 19.717 121.120
24.622 -34.978 19.717 121.120
26.903 -38.863 19.297 118.537
24.073 -42.658 18.885 116.009
19.608 5.462 18.885 116.009
18.616 0.997 18.885 116.009
19.314 -2.727 18.483 113.536
19.026 -7.328 18.088 111.114
18.270 -16.108 17.703 108.745
17.806 -18.431 17.703 108.745
17.341 -22.614 17.703 108.745
17.806 -19.825 17.703 108.745
19.200 -24.937 17.703 108.745
18.735 -32.372 17.703 108.745
16.135 1.317 17.325 106.426
14.501 -1.643 16.956 104.156
14.056 -6.984 16.956 104.156
13.165 -16.776 16.956 104.156
12.011 -21.007 16.594 101.935
9.834 -25.795 16.594 101.935
12.011 -30.148 16.594 101.935
9.141 -32.108 16.240 99.761
10.843 -35.512 16.240 99.761
8.290 -35.937 16.240 99.761
