139.000 112.000 51.000 36.000
139.341 114.047 51.000 36.000
139.682 115.753 51.000 36.000
140.365 116.776 51.000 36.000
140.024 118.141 51.000 36.000
139.682 119.506 51.000 36.000
139.682 119.506 51.000 36.000
139.682 119.847 51.000 36.000
139.682 120.188 51.000 36.000
139.682 120.529 51.000 36.000
139.682 120.188 51.000 36.000
139.682 120.529 51.000 36.000
137.976 119.847 51.000 36.000
137.976 119.847 51.000 36.000
137.976 119.847 51.000 36.000
137.635 119.506 51.000 36.000
137.294 118.824 51.000 36.000
136.953 118.482 51.000 36.000
137.294 118.141 51.000 36.000
136.953 117.459 51.000 36.000
137.294 117.118 51.000 36.000
136.953 116.435 51.000 36.000
137.294 115.753 51.000 36.000
136.953 115.071 51.000 36.000
137.635 114.388 51.000 36.000
137.635 114.047 51.000 36.000
137.976 113.365 51.000 36.000
138.659 113.024 51.000 36.000
139.000 112.341 51.000 36.000
139.000 112.000 51.000 36.000
139.341 110.976 51.000 36.000
140.365 110.635 51.000 36.000
141.047 109.953 51.000 36.000
141.388 109.953 51.000 36.000
142.071 109.953 51.000 36.000
142.412 109.953 51.000 36.000
143.776 109.612 51.000 36.000
146.847 108.588 51.000 36.000
148.553 107.906 51.000 36.000
150.259 107.565 51.000 36.000
152.988 107.565 51.000 36.000
157.082 107.224 51.000 36.000
158.788 107.906 51.000 36.000
162.541 108.588 51.000 36.000
164.929 109.271 51.000 36.000
167.659 111.318 51.000 36.000
168.118 111.602 52.128 36.797
169.863 111.951 52.128 36.797
171.259 111.951 52.128 36.797
173.702 111.253 52.128 36.797
175.099 108.810 52.128 36.797
178.240 107.763 52.128 36.797
180.683 106.017 52.128 36.797
182.079 104.970 52.128 36.797
182.549 103.167 53.282 37.611
183.620 101.740 53.282 37.611
184.334 100.312 53.282 37.611
185.047 99.599 53.282 37.611
185.761 99.599 53.282 37.611
187.189 99.599 53.282 37.611
187.545 99.955 53.282 37.611
188.616 99.955 53.282 37.611
189.330 100.312 53.282 37.611
189.330 101.026 53.282 37.611
189.687 101.383 53.282 37.611
189.687 102.097 53.282 37.611
189.330 102.454 53.282 37.611
188.973 102.810 53.282 37.611
188.973 102.810 53.282 37.611
188.973 102.810 53.282 37.611
188.616 102.810 53.282 37.611
188.973 102.810 53.282 37.611
188.259 102.810 53.282 37.611
187.902 102.810 53.282 37.611
186.832 102.454 53.282 37.611
186.832 102.810 53.282 37.611
185.761 102.810 53.282 37.611
185.047 102.810 53.282 37.611
183.620 102.810 53.282 37.611
183.263 102.454 53.282 37.611
182.192 102.810 53.282 37.611
181.122 102.097 53.282 37.611
179.694 101.740 53.282 37.611
179.338 101.383 53.282 37.611
177.910 101.383 53.282 37.611
176.126 101.383 53.282 37.611
175.412 101.383 53.282 37.611
174.698 101.026 53.282 37.611
173.985 99.955 53.282 37.611
171.843 99.599 53.282 37.611
171.843 100.312 53.282 37.611
171.130 100.669 53.282 37.611
170.416 101.383 53.282 37.611
170.059 101.383 53.282 37.611
169.345 101.740 53.282 37.611
169.345 101.740 53.282 37.611
169.345 102.454 53.282 37.611
169.702 104.595 53.282 37.611
170.416 105.308 53.282 37.611
170.416 105.665 53.282 37.611
170.059 105.665 53.282 37.611
169.345 105.308 53.282 37.611
169.345 104.238 53.282 37.611
168.275 103.167 53.282 37.611
167.204 102.810 53.282 37.611
166.134 102.454 53.282 37.611
165.420 103.167 53.282 37.611
165.063 103.167 53.282 37.611
164.349 103.524 53.282 37.611
164.706 103.881 53.282 37.611
164.706 103.524 53.282 37.611
165.063 104.595 53.282 37.611
163.992 105.308 53.282 37.611
163.992 105.308 53.282 37.611
163.636 104.952 53.282 37.611
163.992 104.238 53.282 37.611
162.922 103.524 53.282 37.611
162.922 103.167 53.282 37.611
162.922 102.454 53.282 37.611
162.922 102.097 53.282 37.611
162.922 101.026 53.282 37.611
162.922 99.955 53.282 37.611
162.922 98.885 53.282 37.611
162.922 97.457 53.282 37.611
162.565 96.387 53.282 37.611
163.279 94.959 53.282 37.611
162.565 93.532 53.282 37.611
162.922 92.818 53.282 37.611
162.208 91.034 53.282 37.611
162.565 89.963 53.282 37.611
163.279 88.893 53.282 37.611
163.279 88.179 53.282 37.611
163.636 87.465 53.282 37.611
164.349 86.752 53.282 37.611
164.349 85.324 53.282 37.611
163.992 84.610 53.282 37.611
163.992 84.254 53.282 37.611
164.349 83.540 53.282 37.611
164.706 83.183 53.282 37.611
165.063 82.469 53.282 37.611
164.706 82.112 53.282 37.611
165.420 81.399 53.282 37.611
165.777 81.042 53.282 37.611
166.134 80.328 53.282 37.611
165.420 79.971 53.282 37.611
165.777 79.257 53.282 37.611
166.134 78.901 53.282 37.611
165.420 78.901 53.282 37.611
165.777 78.544 53.282 37.611
165.777 78.901 53.282 37.611
165.777 78.187 53.282 37.611
165.420 78.187 53.282 37.611
165.063 77.830 53.282 37.611
165.063 77.116 53.282 37.611
165.063 76.403 53.282 37.611
165.420 76.403 53.282 37.611
166.134 76.403 53.282 37.611
166.134 76.046 53.282 37.611
166.491 76.046 53.282 37.611
167.561 75.689 53.282 37.611
167.204 76.403 53.282 37.611
166.847 75.689 53.282 37.611
167.561 76.759 53.282 37.611
167.561 75.332 53.282 37.611
167.561 75.332 53.282 37.611
167.561 75.332 53.282 37.611
167.561 75.332 53.282 37.611
167.561 75.332 53.282 37.611
167.561 75.332 53.282 37.611
167.561 75.332 53.282 37.611
167.561 75.332 53.282 37.611
167.204 77.830 53.282 37.611
167.204 77.830 53.282 37.611
167.204 77.830 53.282 37.611
167.204 77.830 53.282 37.611
167.204 77.830 53.282 37.611
166.847 80.685 53.282 37.611
167.204 82.112 53.282 37.611
166.134 82.112 53.282 37.611
166.491 82.826 53.282 37.611
166.847 82.469 53.282 37.611
167.918 84.610 53.282 37.611
166.258 84.908 54.461 38.443
167.352 85.637 54.461 38.443
166.623 86.367 54.461 38.443
167.352 87.461 54.461 38.443
167.352 88.555 54.461 38.443
167.717 90.014 54.461 38.443
168.446 91.837 54.461 38.443
168.081 92.932 54.461 38.443
168.811 94.390 54.461 38.443
169.176 95.120 54.461 38.443
169.540 96.943 54.461 38.443
169.176 98.037 54.461 38.443
169.905 99.132 54.461 38.443
169.905 99.861 54.461 38.443
170.270 100.226 54.461 38.443
168.573 100.530 55.666 39.293
169.318 101.275 55.666 39.293
169.318 101.647 55.666 39.293
169.318 102.765 55.666 39.293
169.318 103.883 55.666 39.293
169.691 103.883 55.666 39.293
168.946 105.000 55.666 39.293
168.330 105.683 56.897 40.163
168.710 107.585 56.897 40.163
169.471 108.346 56.897 40.163
169.471 110.248 56.897 40.163
169.851 110.628 56.897 40.163
170.232 111.009 56.897 40.163
169.851 112.150 56.897 40.163
170.232 113.672 56.897 40.163
169.851 114.052 56.897 40.163
168.842 114.749 58.156 41.051
167.810 115.071 59.443 41.960
167.810 116.663 59.443 41.960
167.810 118.654 59.443 41.960
167.810 120.246 59.443 41.960
167.810 121.440 59.443 41.960
167.810 123.430 59.443 41.960
167.810 125.022 59.443 41.960
167.810 125.818 59.443 41.960
167.810 127.808 59.443 41.960
166.356 127.344 60.758 42.888
166.356 127.344 60.758 42.888
165.950 128.156 60.758 42.888
166.356 128.562 60.758 42.888
165.545 129.374 60.758 42.888
165.950 129.780 60.758 42.888
166.356 130.997 60.758 42.888
165.545 131.403 60.758 42.888
165.950 131.403 60.758 42.888
166.356 131.403 60.758 42.888
165.545 131.809 60.758 42.888
165.950 132.215 60.758 42.888
166.356 131.809 60.758 42.888
165.950 132.215 60.758 42.888
166.356 131.403 60.758 42.888
165.545 130.997 60.758 42.888
165.545 130.591 60.758 42.888
165.545 129.374 60.758 42.888
165.545 128.156 60.758 42.888
165.139 126.127 60.758 42.888
164.733 123.691 60.758 42.888
165.139 122.068 60.758 42.888
164.733 118.821 60.758 42.888
165.139 118.009 60.758 42.888
164.327 116.385 60.758 42.888
164.733 114.356 60.758 42.888
165.139 113.138 60.758 42.888
165.139 111.515 60.758 42.888
165.139 110.703 60.758 42.888
165.545 110.297 60.758 42.888
165.950 109.485 60.758 42.888
165.950 109.080 60.758 42.888
165.950 108.268 60.758 42.888
165.545 107.862 60.758 42.888
164.327 107.862 60.758 42.888
163.515 107.050 60.758 42.888
162.703 107.050 60.758 42.888
162.298 106.644 60.758 42.888
161.080 105.833 60.758 42.888
161.486 104.615 60.758 42.888
161.080 103.397 60.758 42.888
161.892 102.180 60.758 42.888
162.703 100.962 60.758 42.888
163.515 100.556 60.758 42.888
163.921 99.338 60.758 42.888
164.733 98.121 60.758 42.888
164.733 96.497 60.758 42.888
165.545 96.091 60.758 42.888
166.356 94.874 60.758 42.888
165.139 94.874 60.758 42.888
166.762 94.874 60.758 42.888
168.386 94.468 60.758 42.888
167.980 94.062 60.758 42.888
170.009 94.062 60.758 42.888
170.009 94.062 60.758 42.888
171.227 93.656 60.758 42.888
169.198 93.656 60.758 42.888
171.633 93.656 60.758 42.888
171.633 93.656 60.758 42.888
172.445 93.656 60.758 42.888
170.821 93.656 60.758 42.888
172.850 93.656 60.758 42.888
171.227 93.656 60.758 42.888
172.445 93.250 60.758 42.888
170.821 93.250 60.758 42.888
173.256 93.250 60.758 42.888
170.821 92.844 60.758 42.888
173.256 93.656 60.758 42.888
170.821 93.656 60.758 42.888
173.256 93.656 60.758 42.888
170.821 93.656 60.758 42.888
172.850 94.062 60.758 42.888
170.415 94.062 60.758 42.888
171.227 94.062 60.758 42.888
169.198 94.468 60.758 42.888
170.821 94.874 60.758 42.888
169.603 95.685 60.758 42.888
170.415 95.685 60.758 42.888
168.792 96.091 60.758 42.888
170.009 95.280 60.758 42.888
170.415 95.280 60.758 42.888
167.980 95.280 60.758 42.888
169.603 95.280 60.758 42.888
169.603 94.468 60.758 42.888
168.792 94.468 60.758 42.888
169.198 94.468 60.758 42.888
168.792 93.656 60.758 42.888
169.603 93.656 60.758 42.888
170.009 93.656 60.758 42.888
170.415 93.656 60.758 42.888
169.198 93.250 60.758 42.888
169.603 92.844 60.758 42.888
169.603 93.250 60.758 42.888
169.603 93.250 60.758 42.888
169.603 92.844 60.758 42.888
169.603 93.250 60.758 42.888
169.603 92.844 60.758 42.888
170.009 93.250 60.758 42.888
170.821 92.438 60.758 42.888
171.227 92.438 60.758 42.888
171.227 92.033 60.758 42.888
171.633 92.033 60.758 42.888
172.445 91.627 60.758 42.888
172.850 90.815 60.758 42.888
173.662 90.409 60.758 42.888
173.662 90.003 60.758 42.888
174.068 90.815 60.758 42.888
174.474 90.409 60.758 42.888
174.068 90.003 60.758 42.888
174.474 90.815 60.758 42.888
174.474 90.409 60.758 42.888
174.880 90.409 60.758 42.888
175.692 90.815 60.758 42.888
176.098 91.221 60.758 42.888
176.503 90.815 60.758 42.888
176.503 91.627 60.758 42.888
176.909 91.627 60.758 42.888
177.315 91.627 60.758 42.888
176.909 91.221 60.758 42.888
177.315 90.815 60.758 42.888
176.909 91.627 60.758 42.888
176.909 91.627 60.758 42.888
176.909 91.627 60.758 42.888
176.503 92.033 60.758 42.888
175.692 92.438 60.758 42.888
175.692 92.438 60.758 42.888
175.692 92.438 60.758 42.888
175.692 92.844 60.758 42.888
176.098 93.656 60.758 42.888
176.503 93.656 60.758 42.888
176.098 94.062 60.758 42.888
176.503 93.656 60.758 42.888
176.098 94.062 60.758 42.888
176.909 93.656 60.758 42.888
176.909 94.062 60.758 42.888
177.315 93.656 60.758 42.888
177.721 93.656 60.758 42.888
178.533 93.656 60.758 42.888
178.939 93.656 60.758 42.888
179.345 93.250 60.758 42.888
178.939 92.844 60.758 42.888
179.750 92.844 60.758 42.888
180.156 92.844 60.758 42.888
179.750 93.250 60.758 42.888
180.562 92.438 60.758 42.888
180.968 92.438 60.758 42.888
181.780 92.438 60.758 42.888
182.186 92.438 60.758 42.888
181.780 92.033 60.758 42.888
182.592 92.438 60.758 42.888
182.998 92.033 60.758 42.888
183.403 92.033 60.758 42.888
183.403 92.438 60.758 42.888
183.809 92.033 60.758 42.888
184.621 92.438 60.758 42.888
184.621 92.033 60.758 42.888
185.027 92.844 60.758 42.888
185.433 92.844 60.758 42.888
185.433 92.844 60.758 42.888
185.433 92.844 60.758 42.888
185.433 93.250 60.758 42.888
185.839 92.844 60.758 42.888
186.650 93.250 60.758 42.888
186.650 93.250 60.758 42.888
186.650 93.250 60.758 42.888
187.056 93.656 60.758 42.888
187.462 94.062 60.758 42.888
187.056 94.062 60.758 42.888
187.868 93.656 60.758 42.888
187.868 94.062 60.758 42.888
187.868 94.062 60.758 42.888
188.274 94.062 60.758 42.888
187.868 94.062 60.758 42.888
188.680 94.468 60.758 42.888
188.680 94.874 60.758 42.888
188.680 95.280 60.758 42.888
188.680 94.874 60.758 42.888
188.680 94.874 60.758 42.888
188.680 95.280 60.758 42.888
189.086 94.874 60.758 42.888
189.492 95.280 60.758 42.888
189.086 95.280 60.758 42.888
189.898 95.280 60.758 42.888
189.898 94.874 60.758 42.888
189.492 95.280 60.758 42.888
189.086 94.874 60.758 42.888
189.492 95.280 60.758 42.888
189.086 95.280 60.758 42.888
189.492 94.874 60.758 42.888
189.086 95.280 60.758 42.888
189.898 94.874 60.758 42.888
189.492 95.280 60.758 42.888
189.492 94.874 60.758 42.888
189.086 95.280 60.758 42.888
189.898 95.280 60.758 42.888
189.898 94.874 60.758 42.888
189.898 95.280 60.758 42.888
190.303 94.874 60.758 42.888
189.898 95.280 60.758 42.888
190.303 94.874 60.758 42.888
189.898 94.874 60.758 42.888
190.303 94.874 60.758 42.888
189.898 94.874 60.758 42.888
190.303 94.874 60.758 42.888
189.898 94.874 60.758 42.888
190.709 94.874 60.758 42.888
190.709 94.874 60.758 42.888
190.709 94.874 60.758 42.888
191.115 95.280 60.758 42.888
191.927 94.874 60.758 42.888
192.333 95.280 60.758 42.888
192.333 95.280 60.758 42.888
192.333 95.280 60.758 42.888
192.333 95.280 60.758 42.888
191.927 95.280 60.758 42.888
191.927 94.874 60.758 42.888
191.521 94.874 60.758 42.888
190.303 94.874 60.758 42.888
189.492 94.468 60.758 42.888
188.680 94.062 60.758 42.888
187.868 93.656 60.758 42.888
187.056 94.062 60.758 42.888
186.245 93.656 60.758 42.888
185.027 94.062 60.758 42.888
185.027 93.656 60.758 42.888
184.621 94.468 60.758 42.888
183.809 94.468 60.758 42.888
183.403 94.874 60.758 42.888
182.592 95.280 60.758 42.888
182.186 94.874 60.758 42.888
181.374 95.280 60.758 42.888
180.968 94.874 60.758 42.888
180.968 95.280 60.758 42.888
180.562 94.874 60.758 42.888
180.156 95.280 60.758 42.888
179.750 95.280 60.758 42.888
179.750 95.280 60.758 42.888
179.750 95.280 60.758 42.888
179.750 95.280 60.758 42.888
179.750 95.280 60.758 42.888
179.750 95.280 60.758 42.888
179.750 95.280 60.758 42.888
179.750 95.280 60.758 42.888
179.750 95.280 60.758 42.888
180.156 95.685 60.758 42.888
180.156 96.091 60.758 42.888
180.562 95.685 60.758 42.888
181.374 96.091 60.758 42.888
181.780 95.685 60.758 42.888
182.592 96.091 60.758 42.888
183.403 96.091 60.758 42.888
184.215 96.091 60.758 42.888
184.621 96.091 60.758 42.888
185.433 96.091 60.758 42.888
185.839 96.091 60.758 42.888
186.650 96.497 60.758 42.888
187.056 96.903 60.758 42.888
187.868 97.309 60.758 42.888
188.680 96.903 60.758 42.888
189.086 97.309 60.758 42.888
190.303 96.903 60.758 42.888
190.709 97.309 60.758 42.888
191.927 96.903 60.758 42.888
193.145 97.309 60.758 42.888
193.550 96.903 60.758 42.888
195.174 97.309 60.758 42.888
195.986 96.903 60.758 42.888
197.609 96.903 60.758 42.888
198.015 96.497 60.758 42.888
200.045 96.091 60.758 42.888
201.262 95.280 60.758 42.888
201.668 95.685 60.758 42.888
202.886 95.685 60.758 42.888
203.292 95.685 60.758 42.888
200.590 95.211 62.102 43.837
202.253 95.211 62.102 43.837
201.421 95.211 62.102 43.837
199.487 94.310 63.476 44.807
200.338 94.736 63.476 44.807
199.062 95.161 63.476 44.807
197.360 94.736 63.476 44.807
196.509 95.161 63.476 44.807
195.233 94.310 63.476 44.807
193.531 93.885 63.476 44.807
192.254 93.885 63.476 44.807
190.552 93.885 63.476 44.807
189.701 93.459 63.476 44.807
188.850 93.034 63.476 44.807
186.723 93.034 63.476 44.807
186.723 93.034 63.476 44.807
185.872 92.608 63.476 44.807
183.744 92.183 63.476 44.807
184.170 91.332 63.476 44.807
183.319 91.332 63.476 44.807
183.319 90.906 63.476 44.807
182.893 91.332 63.476 44.807
182.468 90.906 63.476 44.807
183.319 91.757 63.476 44.807
182.893 91.332 63.476 44.807
182.042 91.332 63.476 44.807
182.042 90.906 63.476 44.807
181.617 91.757 63.476 44.807
181.617 90.906 63.476 44.807
180.766 90.481 63.476 44.807
179.489 89.205 63.476 44.807
179.915 87.928 63.476 44.807
178.638 87.503 63.476 44.807
179.489 85.801 63.476 44.807
178.638 84.524 63.476 44.807
179.064 83.673 63.476 44.807
177.362 82.822 63.476 44.807
178.213 82.397 63.476 44.807
177.787 81.971 63.476 44.807
177.362 81.971 63.476 44.807
178.213 81.971 63.476 44.807
177.787 81.971 63.476 44.807
177.362 81.546 63.476 44.807
178.638 81.120 63.476 44.807
178.638 80.269 63.476 44.807
179.064 79.844 63.476 44.807
177.787 79.418 63.476 44.807
178.213 78.567 63.476 44.807
178.638 78.142 63.476 44.807
179.064 77.716 63.476 44.807
178.213 78.142 63.476 44.807
178.638 77.716 63.476 44.807
179.489 78.567 63.476 44.807
178.638 78.567 63.476 44.807
179.489 79.418 63.476 44.807
179.064 80.695 63.476 44.807
179.064 82.397 63.476 44.807
178.638 82.822 63.476 44.807
179.489 84.950 63.476 44.807
179.064 85.801 63.476 44.807
178.213 87.077 63.476 44.807
178.638 88.779 63.476 44.807
179.064 90.055 63.476 44.807
177.787 92.183 63.476 44.807
177.362 93.034 63.476 44.807
177.787 96.012 63.476 44.807
176.936 97.289 63.476 44.807
176.936 98.565 63.476 44.807
176.511 100.267 63.476 44.807
176.936 101.118 63.476 44.807
175.660 102.820 63.476 44.807
176.511 104.948 63.476 44.807
175.234 106.650 63.476 44.807
174.384 108.777 63.476 44.807
173.958 111.330 63.476 44.807
172.682 113.457 63.476 44.807
173.107 116.436 63.476 44.807
171.831 118.138 63.476 44.807
170.554 119.840 63.476 44.807
170.980 123.244 63.476 44.807
169.703 123.669 63.476 44.807
169.703 125.371 63.476 44.807
168.427 126.222 63.476 44.807
167.150 126.648 63.476 44.807
165.874 127.073 63.476 44.807
164.597 127.073 63.476 44.807
164.597 126.648 63.476 44.807
164.172 125.797 63.476 44.807
162.895 124.946 63.476 44.807
161.619 124.520 63.476 44.807
161.193 123.244 63.476 44.807
159.917 121.967 63.476 44.807
159.491 121.967 63.476 44.807
159.917 121.542 63.476 44.807
159.491 120.265 63.476 44.807
159.917 118.989 63.476 44.807
159.491 118.989 63.476 44.807
160.768 119.840 63.476 44.807
160.768 121.116 63.476 44.807
161.193 121.542 63.476 44.807
161.193 120.691 63.476 44.807
160.768 118.563 63.476 44.807
159.491 115.585 63.476 44.807
157.789 113.032 63.476 44.807
153.534 111.755 63.476 44.807
151.407 111.330 63.476 44.807
149.705 111.330 63.476 44.807
150.131 112.181 63.476 44.807
150.131 113.457 63.476 44.807
151.407 114.734 63.476 44.807
153.109 116.436 63.476 44.807
154.385 117.712 63.476 44.807
156.087 118.563 63.476 44.807
156.087 118.563 63.476 44.807
156.513 117.287 63.476 44.807
156.513 115.159 63.476 44.807
155.662 112.606 63.476 44.807
155.236 110.479 63.476 44.807
153.534 107.926 63.476 44.807
152.258 107.075 63.476 44.807
150.982 106.650 63.476 44.807
150.131 105.373 63.476 44.807
149.705 104.522 63.476 44.807
149.280 104.097 63.476 44.807
148.429 104.522 63.476 44.807
148.429 104.948 63.476 44.807
148.429 105.373 63.476 44.807
147.578 104.522 63.476 44.807
147.152 103.246 63.476 44.807
145.876 101.544 63.476 44.807
143.897 99.346 64.881 45.798
143.030 97.613 64.881 45.798
142.313 96.239 66.316 46.811
143.642 95.796 66.316 46.811
144.085 96.239 66.316 46.811
143.795 95.722 67.783 47.847
143.795 97.986 67.783 47.847
143.795 98.892 67.783 47.847
143.795 98.892 67.783 47.847
143.795 98.439 67.783 47.847
143.342 97.080 67.783 47.847
141.530 95.269 67.783 47.847
140.624 93.910 67.783 47.847
139.265 92.551 67.783 47.847
138.359 91.645 67.783 47.847
138.359 91.645 67.783 47.847
139.265 92.098 67.783 47.847
140.171 93.910 67.783 47.847
140.624 97.533 67.783 47.847
140.624 98.892 67.783 47.847
140.624 100.251 67.783 47.847
139.874 98.816 69.283 48.906
139.874 99.741 69.283 48.906
139.874 99.741 69.283 48.906
138.486 99.741 69.283 48.906
138.486 98.353 69.283 48.906
137.560 96.039 69.283 48.906
136.172 95.577 69.283 48.906
135.247 95.114 69.283 48.906
136.172 95.114 69.283 48.906
137.560 96.039 69.283 48.906
139.411 97.428 69.283 48.906
141.725 97.890 69.283 48.906
144.039 99.279 69.283 48.906
144.502 99.741 69.283 48.906
144.502 100.667 69.283 48.906
144.039 101.130 69.283 48.906
142.188 99.741 69.283 48.906
140.800 98.816 69.283 48.906
139.411 97.890 69.283 48.906
136.635 97.890 69.283 48.906
133.859 98.353 69.283 48.906
131.082 99.741 69.283 48.906
130.157 102.981 69.283 48.906
130.619 104.832 69.283 48.906
131.545 105.294 69.283 48.906
132.933 105.294 69.283 48.906
132.933 105.757 69.283 48.906
131.545 106.220 69.283 48.906
130.619 105.757 69.283 48.906
130.619 105.294 69.283 48.906
132.008 104.369 69.283 48.906
133.859 103.443 69.283 48.906
135.710 103.443 69.283 48.906
138.023 103.906 69.283 48.906
139.411 104.832 69.283 48.906
141.262 104.369 69.283 48.906
142.347 102.902 70.816 49.988
144.720 102.902 70.816 49.988
146.143 102.428 70.816 49.988
144.720 102.902 70.816 49.988
142.821 101.953 70.816 49.988
139.500 101.479 70.816 49.988
135.704 101.953 70.816 49.988
133.331 102.902 70.816 49.988
131.908 105.275 70.816 49.988
132.857 108.122 70.816 49.988
133.331 109.071 70.816 49.988
132.382 110.020 70.816 49.988
130.959 110.494 70.816 49.988
130.484 111.443 70.816 49.988
127.637 111.918 70.816 49.988
126.688 112.392 70.816 49.988
126.688 113.341 70.816 49.988
126.688 112.867 70.816 49.988
127.637 111.918 70.816 49.988
128.112 110.969 70.816 49.988
127.163 110.020 70.816 49.988
126.214 108.596 70.816 49.988
124.790 106.698 70.816 49.988
122.892 104.800 70.816 49.988
119.571 102.902 70.816 49.988
115.300 101.004 70.816 49.988
110.080 99.106 70.816 49.988
105.335 97.683 70.816 49.988
100.116 96.259 70.816 49.988
96.794 95.310 70.816 49.988
95.845 94.836 70.816 49.988
95.845 93.412 70.816 49.988
96.320 93.412 70.816 49.988
96.320 92.938 70.816 49.988
95.371 92.463 70.816 49.988
93.947 92.938 70.816 49.988
92.998 92.463 70.816 49.988
92.523 92.463 70.816 49.988
92.523 92.463 70.816 49.988
93.472 92.463 70.816 49.988
93.947 92.463 70.816 49.988
93.164 91.910 72.383 51.094
93.164 92.879 72.383 51.094
93.648 92.879 72.383 51.094
93.164 92.394 72.383 51.094
90.742 92.879 72.383 51.094
88.320 91.910 72.383 51.094
84.446 92.394 72.383 51.094
80.087 92.394 72.383 51.094
74.760 91.910 72.383 51.094
71.854 90.941 72.383 51.094
70.401 91.426 72.383 51.094
72.338 91.910 72.383 51.094
75.728 92.394 72.383 51.094
84.446 95.300 72.383 51.094
92.679 97.722 72.383 51.094
99.460 99.659 72.383 51.094
102.850 100.628 72.383 51.094
101.881 101.112 72.383 51.094
99.460 101.596 72.383 51.094
96.069 100.628 72.383 51.094
93.648 99.659 72.383 51.094
94.132 98.690 72.383 51.094
93.331 97.641 73.984 52.224
94.814 99.123 73.984 52.224
97.779 100.111 73.984 52.224
101.237 100.606 73.984 52.224
102.395 100.028 75.621 53.380
105.431 100.534 75.621 53.380
108.466 100.028 75.621 53.380
112.007 100.534 75.621 53.380
116.560 100.534 75.621 53.380
121.113 101.546 75.621 53.380
127.184 102.557 75.621 53.380
130.725 103.063 75.621 53.380
131.737 103.063 75.621 53.380
130.394 101.967 77.294 54.561
130.394 101.449 77.294 54.561
130.912 101.449 77.294 54.561
133.500 101.449 77.294 54.561
138.159 100.931 77.294 54.561
145.406 99.379 77.294 54.561
153.171 99.379 77.294 54.561
161.453 99.896 77.294 54.561
165.076 100.414 77.294 54.561
169.218 101.449 77.294 54.561
173.359 102.484 77.294 54.561
176.982 103.520 77.294 54.561
182.159 104.555 77.294 54.561
187.335 105.590 77.294 54.561
191.994 106.626 77.294 54.561
193.727 106.540 79.004 55.768
197.963 107.069 79.004 55.768
202.198 107.599 79.004 55.768
206.963 107.069 79.004 55.768
208.206 105.923 80.752 57.002
213.077 105.382 80.752 57.002
216.865 104.840 80.752 57.002
219.030 104.299 80.752 57.002
221.736 104.299 80.752 57.002
223.359 104.299 80.752 57.002
225.524 104.299 80.752 57.002
226.606 104.840 80.752 57.002
224.089 103.127 82.539 58.263
221.517 101.930 84.365 59.552
222.082 101.365 84.365 59.552
223.212 101.365 84.365 59.552
222.647 101.365 84.365 59.552
221.517 101.365 84.365 59.552
222.647 101.365 84.365 59.552
220.953 101.930 84.365 59.552
220.388 102.495 84.365 59.552
217.565 102.495 84.365 59.552
213.612 101.930 84.365 59.552
209.094 101.365 84.365 59.552
206.270 100.236 84.365 59.552
204.012 99.106 84.365 59.552
202.882 98.542 84.365 59.552
203.447 100.236 84.365 59.552
201.188 101.365 84.365 59.552
199.494 103.059 84.365 59.552
195.541 103.059 84.365 59.552
191.023 102.495 84.365 59.552
186.506 101.930 84.365 59.552
180.294 100.801 84.365 59.552
174.647 99.671 84.365 59.552
168.435 98.542 84.365 59.552
165.047 97.977 84.365 59.552
162.223 97.412 84.365 59.552
158.835 97.412 84.365 59.552
154.317 97.412 84.365 59.552
149.235 96.848 84.365 59.552
144.717 96.283 84.365 59.552
140.765 96.283 84.365 59.552
137.941 96.283 84.365 59.552
135.117 96.283 84.365 59.552
132.294 96.283 84.365 59.552
129.470 96.283 84.365 59.552
126.082 96.283 84.365 59.552
123.823 96.848 84.365 59.552
121.565 96.848 84.365 59.552
119.870 97.977 84.365 59.552
118.176 99.106 84.365 59.552
117.047 100.801 84.365 59.552
114.788 101.365 84.365 59.552
112.529 102.495 84.365 59.552
110.270 103.059 84.365 59.552
109.141 101.930 84.365 59.552
107.447 100.801 84.365 59.552
104.623 99.671 84.365 59.552
102.365 100.236 84.365 59.552
100.670 100.801 84.365 59.552
100.106 100.801 84.365 59.552
100.106 99.671 84.365 59.552
100.670 99.106 84.365 59.552
101.235 97.977 84.365 59.552
102.365 97.412 84.365 59.552
102.929 97.977 84.365 59.552
103.494 100.236 84.365 59.552
103.494 105.318 84.365 59.552
103.494 109.271 84.365 59.552
102.365 112.095 84.365 59.552
101.800 113.789 84.365 59.552
101.235 113.789 84.365 59.552
100.670 112.659 84.365 59.552
100.106 110.401 84.365 59.552
99.737 102.401 86.232 60.869
99.737 96.059 86.232 60.869
100.890 91.448 86.232 60.869
100.890 86.259 86.232 60.869
102.043 83.377 86.232 60.869
103.772 81.648 86.232 60.869
105.502 81.648 86.232 60.869
108.384 83.377 86.232 60.869
110.690 87.989 86.232 60.869
112.419 94.330 86.232 60.869
111.843 100.095 86.232 60.869
111.267 105.859 86.232 60.869
111.267 110.471 86.232 60.869
110.690 110.471 86.232 60.869
109.537 109.895 86.232 60.869
108.961 108.165 86.232 60.869
107.430 104.033 88.139 62.216
107.430 101.672 88.139 62.216
105.275 98.033 90.090 63.593
103.676 91.310 92.083 65.000
104.292 87.616 92.083 65.000
104.292 82.075 92.083 65.000
104.908 79.612 92.083 65.000
106.755 77.765 92.083 65.000
107.370 78.996 92.083 65.000
109.217 82.690 92.083 65.000
111.680 88.847 92.083 65.000
115.374 95.004 92.083 65.000
117.837 98.083 92.083 65.000
120.300 99.314 92.083 65.000
121.531 98.698 92.083 65.000
122.147 96.235 92.083 65.000
122.147 93.157 92.083 65.000
122.147 89.463 92.083 65.000
122.147 86.385 92.083 65.000
122.147 83.306 92.083 65.000
119.897 80.124 94.120 66.438
119.267 78.865 94.120 66.438
119.267 77.607 94.120 66.438
119.267 76.348 94.120 66.438
117.597 73.095 96.203 67.908
116.954 70.523 96.203 67.908
116.954 68.593 96.203 67.908
116.954 67.307 96.203 67.908
116.954 69.236 96.203 67.908
117.176 69.771 98.331 69.410
118.493 75.042 98.331 69.410
119.811 82.289 98.331 69.410
121.129 90.195 98.331 69.410
121.787 94.807 98.331 69.410
123.105 96.783 98.331 69.410
119.382 96.015 100.507 70.946
119.382 95.343 100.507 70.946
119.382 93.325 100.507 70.946
119.382 90.635 100.507 70.946
120.055 85.927 100.507 70.946
120.055 82.564 100.507 70.946
118.943 77.744 102.730 72.515
119.631 73.615 102.730 72.515
120.559 69.371 105.003 74.120
120.559 67.266 105.003 74.120
120.559 67.967 105.003 74.120
120.559 71.477 105.003 74.120
121.261 79.199 105.003 74.120
121.261 89.026 105.003 74.120
119.857 100.258 105.003 74.120
116.590 110.669 107.326 75.760
117.307 119.281 107.326 75.760
118.025 118.563 107.326 75.760
113.250 112.702 109.701 77.436
109.103 103.778 112.128 79.149
109.103 98.521 112.128 79.149
109.103 88.008 112.128 79.149
109.854 79.747 112.128 79.149
109.854 73.739 112.128 79.149
110.605 69.984 112.128 79.149
111.356 67.731 112.128 79.149
108.613 66.856 114.609 80.900
108.613 72.222 114.609 80.900
103.512 78.994 117.145 82.690
99.079 89.060 119.737 84.520
98.277 101.089 119.737 84.520
96.673 110.713 119.737 84.520
96.673 117.930 119.737 84.520
96.673 116.326 119.737 84.520
95.069 112.317 119.737 84.520
93.465 101.891 119.737 84.520
91.059 90.664 119.737 84.520
88.131 79.303 122.386 86.390
85.957 70.151 125.093 88.301
84.283 65.128 125.093 88.301
82.608 64.291 125.093 88.301
79.550 64.988 127.861 90.255
78.695 73.537 127.861 90.255
76.130 84.651 127.861 90.255
74.716 94.766 130.690 92.252
75.590 106.135 130.690 92.252
72.395 105.989 133.582 94.293
71.501 104.201 133.582 94.293
70.607 97.942 133.582 94.293
70.607 85.424 133.582 94.293
70.024 70.969 136.537 96.379
71.851 61.832 136.537 96.379
73.679 53.608 136.537 96.379
73.679 47.212 136.537 96.379
73.679 44.471 136.537 96.379
71.851 42.644 136.537 96.379
70.937 44.471 136.537 96.379
69.110 50.867 136.537 96.379
69.110 61.832 136.537 96.379
66.369 73.710 136.537 96.379
63.628 85.589 136.537 96.379
62.714 97.467 136.537 96.379
61.800 104.777 136.537 96.379
61.800 105.691 136.537 96.379
59.973 102.036 136.537 96.379
59.059 92.899 136.537 96.379
59.973 82.848 136.537 96.379
57.548 68.989 139.558 98.512
58.482 58.723 139.558 98.512
57.871 50.166 142.646 100.691
59.781 44.437 142.646 100.691
59.781 42.527 142.646 100.691
58.826 44.437 142.646 100.691
58.826 53.031 142.646 100.691
55.338 63.376 145.802 102.919
55.338 78.999 145.802 102.919
54.362 93.646 145.802 102.919
53.385 107.317 145.802 102.919
48.843 115.943 149.028 105.196
46.847 115.943 149.028 105.196
43.202 109.789 152.325 107.523
44.222 99.593 152.325 107.523
46.261 87.358 152.325 107.523
49.320 75.123 152.325 107.523
52.379 62.887 152.325 107.523
54.418 54.730 152.325 107.523
56.457 50.652 152.325 107.523
58.496 49.632 152.325 107.523
53.752 49.463 155.695 109.902
55.835 59.874 155.695 109.902
54.112 69.070 159.140 112.334
54.112 82.911 159.140 112.334
51.983 95.688 159.140 112.334
48.093 106.157 162.661 114.819
48.093 114.863 162.661 114.819
47.005 109.422 162.661 114.819
48.093 97.451 162.661 114.819
47.382 79.857 166.260 117.360
47.766 62.994 169.938 119.956
51.178 51.622 169.938 119.956
52.315 40.249 169.938 119.956
52.315 32.289 169.938 119.956
53.453 28.877 169.938 119.956
52.315 30.014 169.938 119.956
51.178 39.112 169.938 119.956
50.041 50.485 169.938 119.956
50.041 64.132 169.938 119.956
44.749 75.314 173.698 122.610
42.424 85.779 173.698 122.610
41.261 86.942 173.698 122.610
40.098 83.454 173.698 122.610
40.098 72.989 173.698 122.610
41.261 61.361 173.698 122.610
43.586 47.409 173.698 122.610
44.749 34.618 173.698 122.610
47.075 25.316 173.698 122.610
48.237 18.340 173.698 122.610
49.400 16.014 173.698 122.610
48.237 17.177 173.698 122.610
47.075 24.154 173.698 122.610
47.075 35.781 173.698 122.610
47.075 50.897 173.698 122.610
47.075 66.012 173.698 122.610
42.828 79.772 177.541 125.323
40.451 94.031 177.541 125.323
38.487 98.585 181.469 128.096
35.266 94.741 185.484 130.930
36.507 86.053 185.484 130.930
40.230 68.676 185.484 130.930
41.472 59.988 185.484 130.930
42.713 48.817 185.484 130.930
43.954 41.370 185.484 130.930
42.713 36.406 185.484 130.930
45.195 35.164 185.484 130.930
45.195 40.129 185.484 130.930
45.195 51.300 185.484 130.930
45.195 64.953 185.484 130.930
43.954 77.364 185.484 130.930
41.472 87.294 185.484 130.930
39.420 84.604 189.588 133.827
36.054 78.049 193.783 136.788
36.054 67.681 193.783 136.788
37.350 57.312 193.783 136.788
37.350 49.536 193.783 136.788
38.646 41.759 193.783 136.788
39.942 35.279 193.783 136.788
41.238 35.279 193.783 136.788
41.238 40.463 193.783 136.788
43.304 58.771 189.650 133.871
40.767 73.994 189.650 133.871
34.863 89.005 193.846 136.833
33.567 95.486 193.846 136.833
30.975 91.597 193.846 136.833
33.567 78.637 193.846 136.833
34.863 65.676 193.846 136.833
38.751 52.715 193.846 136.833
43.936 38.458 193.846 136.833
47.824 26.794 193.846 136.833
53.779 21.772 189.712 133.915
57.071 19.394 185.667 131.059
62.780 22.035 181.707 128.264
61.564 24.466 181.707 128.264
67.149 37.991 177.832 125.529
67.855 48.851 174.040 122.852
69.019 54.674 174.040 122.852
72.040 60.643 170.329 120.232
76.134 61.925 166.696 117.668
80.143 59.832 163.141 115.159
81.235 48.911 163.141 115.159
87.343 42.494 159.662 112.703
88.412 31.807 159.662 112.703
93.320 26.597 156.257 110.299
95.410 21.372 156.257 110.299
100.212 23.593 152.925 107.947
103.890 31.909 149.664 105.645
102.888 39.924 149.664 105.645
105.485 56.080 146.472 103.392
103.525 68.825 146.472 103.392
102.544 81.571 146.472 103.392
102.544 91.374 146.472 103.392
101.564 91.374 146.472 103.392
103.525 86.472 146.472 103.392
105.485 73.727 146.472 103.392
110.969 62.085 143.349 101.187
114.804 50.579 143.349 101.187
119.209 41.111 140.292 99.030
123.522 33.714 137.300 96.918
127.745 31.069 134.372 94.851
127.745 29.269 134.372 94.851
128.645 31.069 134.372 94.851
128.645 37.369 134.372 94.851
132.778 50.980 131.507 92.828
132.778 63.305 131.507 92.828
135.419 76.511 131.507 92.828
136.300 88.837 131.507 92.828
138.060 99.402 131.507 92.828
138.941 98.521 131.507 92.828
136.300 90.598 131.507 92.828
133.658 76.511 131.507 92.828
136.300 65.947 131.507 92.828
137.180 52.741 131.507 92.828
139.821 41.296 131.507 92.828
139.821 33.372 131.507 92.828
140.702 28.970 131.507 92.828
140.702 26.329 131.507 92.828
140.702 28.090 131.507 92.828
138.941 33.372 131.507 92.828
139.821 42.176 131.507 92.828
138.060 53.621 131.507 92.828
143.865 67.817 128.702 90.849
137.839 77.285 128.702 90.849
144.376 89.444 125.958 88.911
138.474 91.131 125.958 88.911
144.033 91.236 123.272 87.015
139.905 85.457 123.272 87.015
141.556 76.377 123.272 87.015
141.556 67.296 123.272 87.015
142.382 59.041 123.272 87.015
140.731 50.787 123.272 87.015
145.347 45.936 120.643 85.160
142.116 42.705 120.643 85.160
145.347 42.705 120.643 85.160
143.402 45.228 118.070 83.344
142.612 47.599 118.070 83.344
142.612 53.920 118.070 83.344
142.612 62.613 118.070 83.344
142.612 70.515 118.070 83.344
139.451 76.836 118.070 83.344
141.822 79.997 118.070 83.344
138.661 80.787 118.070 83.344
140.241 78.416 118.070 83.344
137.081 70.515 118.070 83.344
139.451 64.193 118.070 83.344
141.500 60.340 115.552 81.566
145.050 56.575 113.088 79.827
141.266 53.547 113.088 79.827
146.256 54.399 110.676 78.124
142.550 55.881 110.676 78.124
146.256 63.293 110.676 78.124
142.550 69.963 110.676 78.124
147.436 81.914 108.316 76.458
145.260 91.345 108.316 76.458
150.767 100.141 106.006 74.828
149.059 102.358 103.746 73.232
150.447 98.888 103.746 73.232
151.835 90.558 103.746 73.232
152.529 84.311 103.746 73.232
156.000 77.370 103.746 73.232
158.776 72.511 103.746 73.232
161.553 68.347 103.746 73.232
164.329 66.264 103.746 73.232
165.435 67.045 101.533 71.670
168.553 68.488 99.368 70.142
166.559 71.147 99.368 70.142
169.613 79.206 97.249 68.646
171.952 87.099 95.175 67.182
171.692 93.551 93.145 65.750
172.939 97.292 93.145 65.750
172.685 99.240 91.159 64.348
173.905 96.191 91.159 64.348
173.295 88.263 91.159 64.348
173.047 82.852 89.215 62.975
175.787 78.158 87.313 61.632
176.371 74.068 87.313 61.632
177.302 72.972 85.451 60.318
178.786 74.188 83.628 59.032
180.795 77.612 81.845 57.773
181.668 81.510 80.100 56.541
182.203 86.328 80.100 56.541
181.668 91.681 80.100 56.541
183.057 98.172 78.391 55.335
180.955 98.172 78.391 55.335
180.430 95.544 78.391 55.335
180.430 90.289 78.391 55.335
178.853 86.611 78.391 55.335
177.277 82.407 78.391 55.335
179.164 82.471 76.720 54.155
176.081 81.958 76.720 54.155
175.358 83.563 75.084 53.000
174.151 85.132 73.482 51.870
171.198 86.608 73.482 51.870
168.737 88.577 73.482 51.870
168.245 91.038 73.482 51.870
171.198 94.483 73.482 51.870
175.919 97.497 71.915 50.764
179.282 97.977 71.915 50.764
184.085 99.898 71.915 50.764
188.889 100.859 71.915 50.764
194.174 101.340 71.915 50.764
198.017 101.820 71.915 50.764
201.380 102.781 71.915 50.764
202.506 103.660 73.507 51.887
205.951 105.137 73.507 51.887
208.411 106.121 73.507 51.887
207.598 106.039 75.133 53.035
210.108 107.545 75.133 53.035
209.606 108.047 75.133 53.035
209.104 108.549 75.133 53.035
209.104 108.047 75.133 53.035
208.100 108.047 75.133 53.035
207.096 108.047 75.133 53.035
205.088 108.047 75.133 53.035
203.081 107.043 75.133 53.035
200.069 105.537 75.133 53.035
196.053 104.534 75.133 53.035
193.843 104.597 73.531 51.904
192.166 105.150 71.963 50.797
188.307 102.739 71.963 50.797
185.698 102.798 70.428 49.714
180.521 100.445 70.428 49.714
178.449 100.505 68.926 48.654
175.223 98.661 68.926 48.654
172.272 98.719 67.456 47.616
168.030 96.972 66.018 46.601
164.764 96.587 64.610 45.607
163.901 96.155 64.610 45.607
163.296 95.348 63.232 44.634
162.699 95.400 61.884 43.682
162.118 95.866 60.564 42.751
162.358 95.916 59.272 41.839
162.358 96.708 59.272 41.839
161.962 96.708 59.272 41.839
161.566 96.708 59.272 41.839
160.774 96.708 59.272 41.839
160.774 97.104 59.272 41.839
160.774 96.708 59.272 41.839
160.774 97.500 59.272 41.839
161.170 97.896 59.272 41.839
161.962 98.688 59.272 41.839
162.358 99.084 59.272 41.839
163.546 99.084 59.272 41.839
163.942 99.876 59.272 41.839
165.923 101.461 59.272 41.839
167.507 102.253 59.272 41.839
168.695 103.045 59.272 41.839
169.883 105.025 59.272 41.839
171.468 107.006 59.272 41.839
172.656 109.382 59.272 41.839
175.032 110.571 59.272 41.839
177.805 111.759 59.272 41.839
179.785 113.739 59.272 41.839
181.370 114.927 59.272 41.839
182.558 117.304 59.272 41.839
184.538 118.492 59.272 41.839
186.123 119.680 59.272 41.839
187.707 120.869 59.272 41.839
188.895 122.453 59.272 41.839
190.480 123.245 59.272 41.839
192.064 124.433 59.272 41.839
194.044 125.622 59.272 41.839
195.232 126.810 59.272 41.839
197.449 128.048 58.008 40.947
199.620 128.873 56.771 40.074
201.367 129.300 55.561 39.219
202.112 128.183 55.561 39.219
203.230 126.692 55.561 39.219
205.685 127.111 54.376 38.383
208.088 127.155 53.216 37.564
209.872 127.155 53.216 37.564
211.300 126.084 53.216 37.564
213.651 126.485 52.081 36.763
215.603 126.877 50.971 35.979
215.603 126.877 50.971 35.979
216.285 127.218 50.971 35.979
216.968 127.559 50.971 35.979
217.650 128.242 50.971 35.979
217.309 128.583 50.971 35.979
218.535 129.649 49.884 35.212
220.400 131.024 48.820 34.461
221.248 132.047 47.779 33.726
221.567 132.047 47.779 33.726
222.207 131.407 47.779 33.726
222.207 130.768 47.779 33.726
222.526 129.490 47.779 33.726
222.846 129.809 47.779 33.726
222.526 127.892 47.779 33.726
224.314 127.932 46.760 33.007
225.255 125.736 46.760 33.007
225.883 123.853 46.760 33.007
227.009 122.637 45.763 32.303
227.926 122.331 45.763 32.303
227.926 121.413 45.763 32.303
227.926 121.107 45.763 32.303
228.232 120.495 45.763 32.303
226.703 121.107 45.763 32.303
228.720 122.063 44.787 31.614
228.120 122.363 44.787 31.614
227.398 123.301 43.832 30.940
228.748 123.925 42.897 30.280
226.744 123.925 42.897 30.280
227.602 123.925 42.897 30.280
227.316 124.497 42.897 30.280
229.034 125.642 42.897 30.280
230.179 126.215 42.897 30.280
231.038 125.642 42.897 30.280
231.038 125.928 42.897 30.280
229.320 125.070 42.897 30.280
227.030 125.070 42.897 30.280
223.881 125.070 42.897 30.280
220.732 125.356 42.897 30.280
217.869 125.070 42.897 30.280
215.178 124.820 41.982 29.635
212.374 124.540 41.982 29.635
209.570 124.820 41.982 29.635
207.046 123.979 41.982 29.635
205.811 124.295 41.087 29.003
204.713 124.295 41.087 29.003
203.890 124.295 41.087 29.003
204.053 124.879 40.211 28.384
202.442 124.610 40.211 28.384
202.979 125.416 40.211 28.384
202.173 125.416 40.211 28.384
202.979 125.684 40.211 28.384
202.710 125.953 40.211 28.384
204.053 125.416 40.211 28.384
203.516 125.684 40.211 28.384
204.859 125.953 40.211 28.384
205.934 125.147 40.211 28.384
205.397 124.879 40.211 28.384
206.471 124.073 40.211 28.384
207.008 123.804 40.211 28.384
207.277 124.610 40.211 28.384
208.351 125.147 40.211 28.384
209.695 125.953 40.211 28.384
211.038 127.833 40.211 28.384
211.306 130.251 40.211 28.384
212.112 133.743 40.211 28.384
211.306 136.430 40.211 28.384
211.575 138.041 40.211 28.384
211.038 139.384 40.211 28.384
209.695 140.996 40.211 28.384
210.769 141.533 40.211 28.384
210.501 142.339 40.211 28.384
211.038 142.339 40.211 28.384
211.844 142.339 40.211 28.384
213.187 142.071 40.211 28.384
213.993 142.071 40.211 28.384
214.799 142.339 40.211 28.384
216.679 142.608 40.211 28.384
218.022 143.414 40.211 28.384
218.828 142.877 40.211 28.384
219.902 142.071 40.211 28.384
220.977 141.802 40.211 28.384
220.801 142.294 41.100 29.012
220.621 143.071 42.010 29.654
219.875 145.547 42.939 30.310
219.112 150.400 43.889 30.981
218.524 159.223 43.889 30.981
214.215 171.528 44.860 31.666
