74.000 86.000 56.000 48.000
75.229 86.410 56.000 48.000
75.229 87.229 56.000 48.000
74.820 86.820 56.000 48.000
74.000 88.459 56.000 48.000
72.361 88.459 56.000 48.000
70.722 89.278 56.000 48.000
69.902 88.869 56.000 48.000
70.102 83.830 57.239 49.062
65.508 92.600 57.239 49.062
64.673 93.436 57.239 49.062
64.457 94.564 58.505 50.147
63.602 94.991 58.505 50.147
62.747 94.564 58.505 50.147
60.610 96.273 58.505 50.147
60.183 96.701 58.505 50.147
58.900 95.846 58.505 50.147
61.465 86.014 58.505 50.147
61.037 82.595 58.505 50.147
60.183 83.022 58.505 50.147
58.473 85.587 58.505 50.147
56.763 90.289 58.505 50.147
54.626 91.571 58.505 50.147
55.053 92.426 58.505 50.147
52.916 92.854 58.505 50.147
53.967 93.816 57.258 49.078
54.160 94.339 56.037 48.031
55.577 94.442 54.842 47.007
56.562 97.343 53.672 46.005
57.526 96.657 52.528 45.024
55.220 96.272 52.528 45.024
56.373 97.041 52.528 45.024
54.068 98.963 52.528 45.024
55.220 99.731 52.528 45.024
55.989 100.884 52.528 45.024
57.526 103.190 52.528 45.024
56.373 103.959 52.528 45.024
56.758 105.880 52.528 45.024
58.295 106.265 52.528 45.024
57.142 106.649 52.528 45.024
60.601 105.496 52.528 45.024
62.907 101.653 52.528 45.024
64.828 98.194 52.528 45.024
64.828 97.041 52.528 45.024
66.366 96.272 52.528 45.024
64.828 100.116 52.528 45.024
67.310 102.902 51.407 44.064
68.816 103.278 51.407 44.064
68.611 104.501 50.311 43.124
70.078 104.134 50.311 43.124
70.811 105.234 50.311 43.124
73.011 105.967 50.311 43.124
75.944 105.234 50.311 43.124
75.578 107.801 50.311 43.124
78.511 105.967 50.311 43.124
80.344 104.134 50.311 43.124
80.711 107.067 50.311 43.124
83.278 104.501 50.311 43.124
85.478 108.901 50.311 43.124
88.044 108.167 50.311 43.124
86.211 109.634 50.311 43.124
88.778 110.367 50.311 43.124
92.078 111.467 50.311 43.124
95.011 111.467 50.311 43.124
98.481 111.927 49.238 42.204
100.993 111.568 49.238 42.204
103.146 110.851 49.238 42.204
106.182 109.866 48.188 41.304
105.637 112.071 47.161 40.423
110.124 108.965 47.161 40.423
113.732 105.945 46.155 39.561
116.430 108.643 46.155 39.561
115.756 111.341 46.155 39.561
117.934 109.739 45.171 38.718
120.240 110.398 45.171 38.718
123.205 111.716 45.171 38.718
126.170 111.057 45.171 38.718
132.758 111.057 45.171 38.718
135.064 111.716 45.171 38.718
134.405 111.716 45.171 38.718
137.522 111.470 44.207 37.892
140.581 111.874 43.265 37.084
144.831 111.953 42.342 36.293
150.407 110.714 42.342 36.293
155.984 108.855 42.342 36.293
157.223 106.687 42.342 36.293
159.392 102.659 42.342 36.293
161.870 99.871 42.342 36.293
163.729 99.871 42.342 36.293
168.996 100.491 42.342 36.293
170.545 102.659 42.342 36.293
173.023 98.942 42.342 36.293
174.882 99.561 42.342 36.293
177.360 100.800 42.342 36.293
180.458 104.208 42.342 36.293
185.415 103.589 42.342 36.293
188.513 102.969 42.342 36.293
191.302 102.350 42.342 36.293
196.878 101.420 42.342 36.293
201.986 93.583 43.279 37.096
203.880 92.005 43.279 37.096
205.459 95.162 43.279 37.096
207.353 97.372 43.279 37.096
207.037 97.056 43.279 37.096
208.931 97.056 43.279 37.096
209.247 98.003 43.279 37.096
210.510 97.372 43.279 37.096
212.719 97.687 43.279 37.096
215.245 97.056 43.279 37.096
216.660 95.067 44.236 37.917
217.789 95.295 45.215 38.756
224.206 95.525 46.215 39.613
231.963 96.874 46.215 39.613
236.684 95.525 46.215 39.613
237.522 96.436 47.238 40.490
232.858 92.192 48.283 41.386
233.736 92.440 49.351 42.301
236.983 93.522 49.351 42.301
240.952 95.326 49.351 42.301
245.642 97.851 49.351 42.301
248.167 95.326 49.351 42.301
249.611 97.851 49.351 42.301
251.775 96.047 49.351 42.301
259.352 97.130 49.351 42.301
262.238 98.212 49.351 42.301
264.939 99.187 50.443 43.237
266.782 98.081 50.443 43.237
