160.000 83.000 56.000 65.000
166.671 83.476 56.000 65.000
173.341 80.618 56.000 65.000
174.294 77.759 56.000 65.000
177.153 76.329 56.000 65.000
181.918 72.518 56.000 65.000
183.347 61.559 56.000 65.000
171.912 49.647 56.000 65.000
163.335 47.265 56.000 65.000
153.806 52.029 56.000 65.000
146.039 62.746 57.239 66.438
142.975 70.277 58.505 67.908
139.987 74.760 58.505 67.908
138.990 79.740 58.505 67.908
139.837 90.942 59.800 69.411
144.408 97.036 59.800 69.411
156.442 99.823 61.123 70.946
181.384 93.588 61.123 70.946
182.786 94.881 62.475 72.516
177.844 88.765 63.858 74.120
173.879 84.143 65.270 75.760
170.382 84.415 66.714 77.436
159.615 79.882 66.714 77.436
153.382 79.882 66.714 77.436
130.715 83.848 66.714 77.436
101.249 112.748 66.714 77.436
176.049 79.882 66.714 77.436
186.815 82.148 66.714 77.436
189.649 79.315 66.714 77.436
201.377 89.225 68.191 79.150
198.301 87.769 69.699 80.901
192.793 83.321 71.241 82.691
190.187 78.165 72.818 84.520
204.438 69.491 72.818 84.520
210.015 64.534 72.818 84.520
214.352 68.871 72.818 84.520
210.634 80.024 72.818 84.520
216.211 84.361 72.818 84.520
213.113 88.079 72.818 84.520
206.917 83.742 72.818 84.520
181.327 59.262 74.429 86.390
134.460 35.828 74.429 86.390
109.287 33.583 72.841 84.548
133.885 53.714 74.453 86.419
135.152 55.614 74.453 86.419
81.128 48.325 76.100 88.331
74.658 92.325 76.100 88.331
98.599 59.325 76.100 88.331
114.293 36.973 74.477 86.447
147.226 29.373 74.477 86.447
168.287 30.294 72.889 84.604
178.358 36.773 71.335 82.799
198.352 57.373 71.335 82.799
195.929 62.826 71.335 82.799
192.899 77.367 71.335 82.799
190.476 74.338 71.335 82.799
217.740 65.855 71.335 82.799
230.464 61.008 71.335 82.799
236.523 65.249 71.335 82.799
239.552 70.096 71.335 82.799
230.887 66.151 72.913 84.631
188.753 79.782 72.913 84.631
176.981 94.033 72.913 84.631
169.545 134.927 72.913 84.631
165.366 148.222 71.358 82.827
161.731 124.593 71.358 82.827
149.613 113.687 71.358 82.827
133.677 81.870 72.937 84.659
114.469 59.565 72.937 84.659
110.751 53.988 72.937 84.659
128.720 64.521 72.937 84.659
142.971 70.718 72.937 84.659
146.069 73.816 72.937 84.659
148.547 60.804 72.937 84.659
151.645 49.031 72.937 84.659
166.516 34.161 72.937 84.659
179.340 46.236 74.551 86.532
189.474 58.269 74.551 86.532
189.474 71.569 74.551 86.532
139.440 138.703 74.551 86.532
145.140 172.903 74.551 86.532
131.207 199.503 74.551 86.532
117.907 191.269 74.551 86.532
103.782 156.112 76.200 88.447
98.410 131.839 77.886 90.404
112.791 129.514 79.609 92.404
150.470 130.521 81.371 94.448
161.544 124.292 81.371 94.448
186.946 104.559 83.171 96.538
178.240 65.975 85.011 98.674
160.875 55.846 85.011 98.674
121.804 47.163 85.011 98.674
106.610 42.822 85.011 98.674
102.992 42.822 85.011 98.674
103.899 46.045 83.198 96.569
107.438 51.707 83.198 96.569
119.967 66.920 85.039 98.706
122.137 74.878 85.039 98.706
140.226 71.261 85.039 98.706
156.326 52.778 83.226 96.601
160.753 48.145 81.451 94.541
167.851 48.461 79.714 92.525
165.816 49.139 79.714 92.525
158.524 58.267 78.014 90.552
154.548 65.557 78.014 90.552
151.897 70.859 78.014 90.552
148.583 79.475 78.014 90.552
145.932 83.452 78.014 90.552
149.909 80.801 78.014 90.552
161.175 75.499 78.014 90.552
177.081 71.522 78.014 90.552
217.509 72.848 78.014 90.552
233.584 75.139 76.350 88.621
