123.000 87.000 132.000 176.000
123.000 85.790 132.000 176.000
124.210 84.580 132.000 176.000
124.210 84.580 132.000 176.000
125.420 84.580 132.000 176.000
127.839 84.580 132.000 176.000
130.259 84.580 132.000 176.000
131.469 84.580 132.000 176.000
133.888 84.580 132.000 176.000
135.098 84.580 132.000 176.000
135.098 84.580 132.000 176.000
136.308 84.580 132.000 176.000
137.518 84.580 132.000 176.000
138.727 84.580 132.000 176.000
139.937 84.580 132.000 176.000
139.937 84.580 132.000 176.000
141.147 84.580 132.000 176.000
141.147 84.580 132.000 176.000
141.147 83.371 132.000 176.000
142.357 83.371 132.000 176.000
142.357 83.371 132.000 176.000
141.147 83.371 132.000 176.000
139.937 82.161 132.000 176.000
138.727 82.161 132.000 176.000
136.308 82.161 132.000 176.000
133.888 82.161 132.000 176.000
131.469 80.951 132.000 176.000
130.259 82.161 132.000 176.000
127.839 80.951 132.000 176.000
127.839 80.951 132.000 176.000
127.839 80.951 132.000 176.000
127.839 80.951 132.000 176.000
127.839 80.951 132.000 176.000
129.049 80.951 132.000 176.000
129.049 82.161 132.000 176.000
130.259 80.951 132.000 176.000
131.469 82.161 132.000 176.000
132.678 80.951 132.000 176.000
133.888 82.161 132.000 176.000
135.098 80.951 132.000 176.000
135.098 82.161 132.000 176.000
135.098 80.951 132.000 176.000
133.638 81.424 134.921 179.894
133.638 80.188 134.921 179.894
134.873 78.953 134.921 179.894
134.873 80.188 134.921 179.894
134.873 78.953 134.921 179.894
136.108 78.953 134.921 179.894
136.108 80.188 134.921 179.894
137.344 77.718 134.921 179.894
138.579 78.953 134.921 179.894
138.579 78.953 134.921 179.894
139.814 78.953 134.921 179.894
141.050 77.718 134.921 179.894
142.285 77.718 134.921 179.894
143.520 77.718 134.921 179.894
144.755 77.718 134.921 179.894
143.520 77.718 134.921 179.894
144.755 77.718 134.921 179.894
144.755 77.718 134.921 179.894
144.755 76.482 134.921 179.894
143.520 76.482 134.921 179.894
143.520 76.482 134.921 179.894
143.520 76.482 134.921 179.894
142.285 76.482 134.921 179.894
138.322 75.728 137.906 183.874
138.322 75.728 137.906 183.874
137.059 75.728 137.906 183.874
135.796 75.728 137.906 183.874
134.533 75.728 137.906 183.874
135.796 75.728 137.906 183.874
135.796 74.465 137.906 183.874
135.796 75.728 137.906 183.874
135.796 74.465 137.906 183.874
135.796 75.728 137.906 183.874
135.796 74.465 137.906 183.874
137.059 74.465 137.906 183.874
135.796 74.465 137.906 183.874
135.796 74.465 137.906 183.874
135.796 74.465 137.906 183.874
135.796 74.465 137.906 183.874
135.796 75.728 137.906 183.874
137.059 75.728 137.906 183.874
138.322 75.728 137.906 183.874
139.584 76.990 137.906 183.874
138.059 74.956 140.957 187.942
139.351 77.541 140.957 187.942
139.351 77.541 140.957 187.942
139.351 78.833 140.957 187.942
140.643 78.833 140.957 187.942
141.935 78.833 140.957 187.942
143.227 78.833 140.957 187.942
143.227 78.833 140.957 187.942
144.520 78.833 140.957 187.942
144.520 80.125 140.957 187.942
144.520 80.125 140.957 187.942
145.812 80.125 140.957 187.942
145.812 80.125 140.957 187.942
145.812 80.125 140.957 187.942
145.812 80.125 140.957 187.942
144.520 80.125 140.957 187.942
144.520 78.833 140.957 187.942
144.520 78.833 140.957 187.942
144.520 78.833 140.957 187.942
145.812 78.833 140.957 187.942
145.812 78.833 140.957 187.942
147.104 77.541 140.957 187.942
147.104 77.541 140.957 187.942
148.396 77.541 140.957 187.942
149.688 77.541 140.957 187.942
150.980 77.541 140.957 187.942
152.273 77.541 140.957 187.942
153.565 76.248 140.957 187.942
156.149 77.541 140.957 187.942
157.441 76.248 140.957 187.942
161.529 78.252 137.951 183.934
162.793 76.988 137.951 183.934
165.323 76.988 137.951 183.934
169.117 76.988 137.951 183.934
171.646 76.988 137.951 183.934
174.176 75.723 137.951 183.934
179.234 74.458 137.951 183.934
183.029 74.458 137.951 183.934
185.558 73.194 137.951 183.934
189.352 71.929 137.951 183.934
194.411 70.664 137.951 183.934
198.205 69.399 137.951 183.934
203.264 69.399 137.951 183.934
208.323 68.135 137.951 183.934
213.381 65.605 137.951 183.934
218.646 65.037 135.009 180.012
223.596 65.037 135.009 180.012
229.782 63.800 135.009 180.012
233.494 62.563 135.009 180.012
238.443 61.325 135.009 180.012
242.154 62.563 135.009 180.012
245.866 61.325 135.009 180.012
249.578 62.563 135.009 180.012
253.290 63.800 135.009 180.012
257.001 65.037 135.009 180.012
259.476 66.274 135.009 180.012
263.188 66.274 135.009 180.012
266.899 67.512 135.009 180.012
271.848 66.274 135.009 180.012
275.560 67.512 135.009 180.012
281.746 67.512 135.009 180.012
289.170 67.512 135.009 180.012
294.119 68.749 135.009 180.012
300.305 69.986 135.009 180.012
306.694 73.143 132.130 176.173
313.953 75.562 132.130 176.173
318.991 75.021 129.312 172.416
326.097 76.206 129.312 172.416
333.203 75.021 129.312 172.416
340.309 75.021 129.312 172.416
347.415 73.837 129.312 172.416
354.520 73.837 129.312 172.416
361.626 72.653 129.312 172.416
368.732 71.468 129.312 172.416
375.838 70.284 129.312 172.416
381.760 71.468 129.312 172.416
387.681 69.100 129.312 172.416
393.603 70.284 129.312 172.416
398.340 70.284 129.312 172.416
403.077 70.284 129.312 172.416
406.630 69.100 129.312 172.416
411.367 70.284 129.312 172.416
413.736 69.100 129.312 172.416
416.105 69.100 129.312 172.416
418.473 70.284 129.312 172.416
420.842 71.468 129.312 172.416
423.211 71.468 129.312 172.416
424.395 73.837 129.312 172.416
425.579 75.021 129.312 172.416
426.764 78.574 129.312 172.416
427.948 78.574 129.312 172.416
426.764 79.759 129.312 172.416
426.764 80.943 129.312 172.416
426.764 80.943 129.312 172.416
425.579 82.127 129.312 172.416
424.395 83.311 129.312 172.416
421.780 82.588 132.173 176.231
418.145 80.165 132.173 176.231
416.933 82.588 132.173 176.231
414.509 81.377 132.173 176.231
412.086 82.588 132.173 176.231
412.086 81.377 132.173 176.231
409.662 81.377 132.173 176.231
407.239 81.377 132.173 176.231
408.451 80.165 132.173 176.231
406.027 81.377 132.173 176.231
403.604 80.165 132.173 176.231
401.180 81.377 132.173 176.231
401.180 81.377 132.173 176.231
398.757 81.377 132.173 176.231
397.545 82.588 132.173 176.231
397.545 82.588 132.173 176.231
396.333 82.588 132.173 176.231
396.333 83.800 132.173 176.231
396.333 85.012 132.173 176.231
393.909 87.436 132.173 176.231
391.486 89.859 132.173 176.231
389.062 93.494 132.173 176.231
385.427 95.918 132.173 176.231
381.792 100.765 132.173 176.231
378.157 103.188 132.173 176.231
375.733 105.612 132.173 176.231
370.886 105.612 132.173 176.231
369.674 106.824 132.173 176.231
366.039 110.459 132.173 176.231
364.827 115.306 132.173 176.231
367.251 125.000 132.173 176.231
366.039 129.847 132.173 176.231
362.404 132.271 132.173 176.231
358.768 132.271 132.173 176.231
355.133 133.483 132.173 176.231
352.709 134.694 132.173 176.231
351.498 137.118 132.173 176.231
352.709 139.541 132.173 176.231
353.921 139.541 132.173 176.231
352.709 140.753 132.173 176.231
352.709 143.177 132.173 176.231
352.709 145.600 132.173 176.231
352.709 146.812 132.173 176.231
352.709 149.236 132.173 176.231
352.709 151.659 132.173 176.231
352.709 152.871 132.173 176.231
353.921 155.294 132.173 176.231
355.133 157.718 132.173 176.231
356.345 160.141 132.173 176.231
356.345 161.353 132.173 176.231
356.345 162.565 132.173 176.231
356.345 163.777 132.173 176.231
356.345 164.988 132.173 176.231
356.345 164.988 132.173 176.231
356.345 164.988 132.173 176.231
356.345 164.988 132.173 176.231
356.345 166.200 132.173 176.231
355.133 166.200 132.173 176.231
355.133 166.200 132.173 176.231
353.921 166.200 132.173 176.231
353.921 167.412 132.173 176.231
352.709 166.200 132.173 176.231
351.498 167.412 132.173 176.231
349.074 164.988 132.173 176.231
347.862 164.988 132.173 176.231
347.862 163.777 132.173 176.231
346.651 161.353 132.173 176.231
345.439 161.353 132.173 176.231
344.227 158.930 132.173 176.231
344.227 157.718 132.173 176.231
343.015 156.506 132.173 176.231
343.015 155.294 132.173 176.231
341.804 155.294 132.173 176.231
340.592 154.083 132.173 176.231
338.168 152.871 132.173 176.231
336.957 151.659 132.173 176.231
334.533 151.659 132.173 176.231
332.109 150.447 132.173 176.231
329.686 150.447 132.173 176.231
327.262 151.659 132.173 176.231
323.627 151.659 132.173 176.231
319.992 152.871 132.173 176.231
316.357 152.871 132.173 176.231
312.721 154.083 132.173 176.231
307.874 156.506 132.173 176.231
304.239 156.506 132.173 176.231
301.815 158.930 132.173 176.231
298.180 160.141 132.173 176.231
294.545 161.353 132.173 176.231
290.909 162.565 132.173 176.231
287.274 161.353 132.173 176.231
283.639 162.565 132.173 176.231
280.004 161.353 132.173 176.231
275.157 160.141 132.173 176.231
270.309 158.930 132.173 176.231
265.462 157.718 132.173 176.231
259.404 156.506 132.173 176.231
254.557 155.294 132.173 176.231
248.498 155.294 132.173 176.231
243.651 152.871 132.173 176.231
240.015 150.447 132.173 176.231
236.380 148.024 132.173 176.231
232.745 146.812 132.173 176.231
227.898 144.388 132.173 176.231
224.012 140.015 135.098 180.130
220.300 137.541 135.098 180.130
216.331 133.074 138.087 184.115
213.802 130.544 138.087 184.115
210.008 126.750 138.087 184.115
206.214 125.485 138.087 184.115
204.949 122.956 138.087 184.115
202.419 121.691 138.087 184.115
201.155 119.162 138.087 184.115
198.625 117.897 138.087 184.115
195.833 115.860 141.142 188.189
195.833 115.860 141.142 188.189
194.539 114.566 141.142 188.189
191.951 113.272 141.142 188.189
190.657 113.272 141.142 188.189
188.068 111.978 141.142 188.189
186.774 111.978 141.142 188.189
185.480 111.978 141.142 188.189
182.892 110.684 141.142 188.189
181.598 111.978 141.142 188.189
177.448 107.308 144.264 192.353
174.531 106.502 147.456 196.608
171.829 105.151 147.456 196.608
169.127 103.800 147.456 196.608
167.776 102.449 147.456 196.608
165.074 101.098 147.456 196.608
163.723 99.747 147.456 196.608
162.372 98.396 147.456 196.608
161.021 97.045 147.456 196.608
159.670 97.045 147.456 196.608
158.319 97.045 147.456 196.608
156.968 95.694 147.456 196.608
155.617 94.343 147.456 196.608
154.266 92.992 147.456 196.608
152.915 92.992 147.456 196.608
150.213 91.641 147.456 196.608
148.862 90.290 147.456 196.608
147.511 88.939 147.456 196.608
147.511 88.939 147.456 196.608
147.511 88.939 147.456 196.608
147.511 87.588 147.456 196.608
147.511 86.237 147.456 196.608
147.511 83.535 147.456 196.608
147.511 82.184 147.456 196.608
146.160 80.833 147.456 196.608
146.160 79.482 147.456 196.608
144.809 78.131 147.456 196.608
144.809 79.482 147.456 196.608
144.809 78.131 147.456 196.608
143.458 79.482 147.456 196.608
143.458 79.482 147.456 196.608
143.458 80.833 147.456 196.608
143.458 82.184 147.456 196.608
143.458 83.535 147.456 196.608
143.458 83.535 147.456 196.608
143.458 83.535 147.456 196.608
144.809 83.535 147.456 196.608
144.809 84.886 147.456 196.608
146.160 84.886 147.456 196.608
147.511 86.237 147.456 196.608
148.862 84.886 147.456 196.608
148.862 84.886 147.456 196.608
150.213 86.237 147.456 196.608
151.564 86.237 147.456 196.608
154.266 88.939 147.456 196.608
156.968 90.290 147.456 196.608
159.670 88.939 147.456 196.608
162.372 90.290 147.456 196.608
165.074 90.290 147.456 196.608
166.425 90.290 147.456 196.608
167.776 90.290 147.456 196.608
169.127 91.641 147.456 196.608
170.478 91.641 147.456 196.608
170.478 90.290 147.456 196.608
169.127 91.641 147.456 196.608
164.794 89.466 150.719 200.958
166.174 92.227 150.719 200.958
166.174 90.846 150.719 200.958
167.554 89.466 150.719 200.958
167.554 89.466 150.719 200.958
170.315 89.466 150.719 200.958
171.695 90.846 150.719 200.958
171.695 89.466 150.719 200.958
171.695 88.085 150.719 200.958
171.695 86.705 150.719 200.958
171.695 86.705 150.719 200.958
171.695 86.705 150.719 200.958
171.695 86.705 150.719 200.958
171.695 85.325 150.719 200.958
171.695 83.944 150.719 200.958
173.076 85.325 150.719 200.958
173.076 82.564 150.719 200.958
174.456 82.564 150.719 200.958
174.456 82.564 150.719 200.958
175.837 82.564 150.719 200.958
177.217 82.564 150.719 200.958
178.597 83.944 150.719 200.958
179.978 85.325 150.719 200.958
179.978 83.944 150.719 200.958
179.978 85.325 150.719 200.958
181.358 85.325 150.719 200.958
181.358 86.705 150.719 200.958
181.358 86.705 150.719 200.958
181.358 88.085 150.719 200.958
182.739 86.705 150.719 200.958
182.739 88.085 150.719 200.958
182.739 88.085 150.719 200.958
184.119 89.466 150.719 200.958
185.499 90.846 150.719 200.958
184.119 90.846 150.719 200.958
185.726 91.609 147.505 196.673
185.726 91.609 147.505 196.673
185.726 92.960 147.505 196.673
185.726 92.960 147.505 196.673
185.726 92.960 147.505 196.673
185.726 92.960 147.505 196.673
184.375 94.311 147.505 196.673
184.375 92.960 147.505 196.673
184.375 94.311 147.505 196.673
185.948 96.408 144.359 192.479
184.624 96.408 144.359 192.479
187.487 98.460 141.281 188.374
187.487 98.460 141.281 188.374
187.487 98.460 141.281 188.374
187.487 98.460 141.281 188.374
187.487 98.460 141.281 188.374
187.487 98.460 141.281 188.374
188.781 97.166 141.281 188.374
188.781 98.460 141.281 188.374
188.781 97.166 141.281 188.374
191.582 99.174 138.268 184.357
191.582 97.908 138.268 184.357
191.582 97.908 138.268 184.357
191.582 97.908 138.268 184.357
191.582 97.908 138.268 184.357
191.582 97.908 138.268 184.357
191.582 97.908 138.268 184.357
191.582 97.908 138.268 184.357
191.582 97.908 138.268 184.357
191.582 97.908 138.268 184.357
191.582 99.174 138.268 184.357
191.582 99.174 138.268 184.357
191.582 99.174 138.268 184.357
191.582 100.441 138.268 184.357
191.582 100.441 138.268 184.357
191.582 100.441 138.268 184.357
191.582 100.441 138.268 184.357
191.582 101.708 138.268 184.357
191.582 101.708 138.268 184.357
191.582 101.708 138.268 184.357
192.848 101.708 138.268 184.357
192.848 101.708 138.268 184.357
192.848 102.974 138.268 184.357
192.848 101.708 138.268 184.357
192.848 102.974 138.268 184.357
192.848 102.974 138.268 184.357
192.848 102.974 138.268 184.357
192.848 102.974 138.268 184.357
192.848 102.974 138.268 184.357
192.848 102.974 138.268 184.357
192.848 104.241 138.268 184.357
192.848 105.508 138.268 184.357
192.848 105.508 138.268 184.357
192.848 105.508 138.268 184.357
192.848 105.508 138.268 184.357
192.848 106.774 138.268 184.357
194.115 106.774 138.268 184.357
194.115 106.774 138.268 184.357
194.115 106.774 138.268 184.357
194.115 106.774 138.268 184.357
194.115 108.041 138.268 184.357
194.115 106.774 138.268 184.357
194.115 108.041 138.268 184.357
194.115 106.774 138.268 184.357
194.115 108.041 138.268 184.357
194.115 106.774 138.268 184.357
194.115 108.041 138.268 184.357
194.115 108.041 138.268 184.357
194.115 108.041 138.268 184.357
195.382 108.041 138.268 184.357
195.382 108.041 138.268 184.357
195.382 108.041 138.268 184.357
195.382 108.041 138.268 184.357
195.382 108.041 138.268 184.357
196.648 108.041 138.268 184.357
196.648 108.041 138.268 184.357
196.648 108.041 138.268 184.357
197.915 108.041 138.268 184.357
197.915 109.308 138.268 184.357
199.182 109.308 138.268 184.357
200.448 109.308 138.268 184.357
201.715 110.574 138.268 184.357
202.982 110.574 138.268 184.357
201.715 110.574 138.268 184.357
202.982 110.574 138.268 184.357
202.982 110.574 138.268 184.357
202.982 110.574 138.268 184.357
204.248 110.574 138.268 184.357
205.515 110.574 138.268 184.357
206.782 110.574 138.268 184.357
209.315 110.574 138.268 184.357
210.582 110.574 138.268 184.357
211.848 110.574 138.268 184.357
214.382 111.841 138.268 184.357
216.915 110.574 138.268 184.357
219.448 113.108 138.268 184.357
223.248 111.841 138.268 184.357
224.515 111.841 138.268 184.357
227.048 111.841 138.268 184.357
229.582 113.108 138.268 184.357
232.115 113.108 138.268 184.357
233.382 113.108 138.268 184.357
235.915 113.108 138.268 184.357
237.182 113.108 138.268 184.357
239.715 113.108 138.268 184.357
240.982 114.374 138.268 184.357
240.982 114.374 138.268 184.357
243.515 114.374 138.268 184.357
244.782 114.374 138.268 184.357
247.315 114.374 138.268 184.357
248.582 114.374 138.268 184.357
251.115 114.374 138.268 184.357
252.382 114.374 138.268 184.357
253.648 114.374 138.268 184.357
254.915 114.374 138.268 184.357
256.182 113.108 138.268 184.357
258.715 111.841 138.268 184.357
259.982 110.574 138.268 184.357
261.248 110.574 138.268 184.357
265.048 109.308 138.268 184.357
266.315 108.041 138.268 184.357
267.582 106.774 138.268 184.357
270.115 108.041 138.268 184.357
271.382 105.508 138.268 184.357
272.648 105.508 138.268 184.357
275.182 105.508 138.268 184.357
276.448 104.241 138.268 184.357
278.982 104.241 138.268 184.357
281.515 101.708 138.268 184.357
284.048 102.974 138.268 184.357
285.315 99.174 138.268 184.357
289.115 99.174 138.268 184.357
290.382 97.908 138.268 184.357
294.182 96.641 138.268 184.357
296.715 95.374 138.268 184.357
299.248 94.108 138.268 184.357
300.515 92.841 138.268 184.357
303.048 91.574 138.268 184.357
305.582 91.574 138.268 184.357
308.115 90.308 138.268 184.357
309.382 89.041 138.268 184.357
310.648 87.774 138.268 184.357
311.915 89.041 138.268 184.357
313.182 86.508 138.268 184.357
313.182 87.774 138.268 184.357
314.448 87.774 138.268 184.357
314.448 87.774 138.268 184.357
313.182 87.774 138.268 184.357
311.652 87.002 141.327 188.436
310.358 87.002 141.327 188.436
307.501 87.505 144.454 192.605
304.853 87.505 144.454 192.605
300.608 88.022 147.650 196.866
297.622 88.550 150.917 201.222
294.857 92.697 150.917 201.222
289.041 93.235 154.256 205.674
286.213 94.649 154.256 205.674
281.679 93.788 157.669 210.225
278.490 95.797 161.157 214.876
275.537 95.797 161.157 214.876
270.801 97.850 164.723 219.630
267.469 95.420 168.367 224.489
262.840 100.049 168.367 224.489
255.124 101.593 168.367 224.489
250.175 103.739 172.092 229.456
247.023 106.892 172.092 229.456
242.293 108.468 172.092 229.456
239.140 110.044 172.092 229.456
237.564 106.892 172.092 229.456
235.987 105.315 172.092 229.456
235.987 100.586 172.092 229.456
234.411 91.127 172.092 229.456
231.258 83.244 172.092 229.456
228.105 70.633 172.092 229.456
228.363 57.315 168.422 224.563
225.277 44.969 168.422 224.563
222.191 31.081 168.422 224.563
219.105 17.193 168.422 224.563
216.018 6.391 168.422 224.563
212.932 -1.325 168.422 224.563
209.846 -1.325 168.422 224.563
206.759 -7.497 168.422 224.563
211.642 -5.103 164.831 219.774
207.112 -12.652 164.831 219.774
204.093 -9.632 164.831 219.774
201.073 -8.122 164.831 219.774
199.563 -6.613 164.831 219.774
198.053 -3.593 164.831 219.774
195.034 -0.573 164.831 219.774
192.014 3.956 164.831 219.774
192.262 7.809 161.316 215.087
190.783 12.245 161.316 215.087
187.827 16.680 161.316 215.087
184.870 12.245 161.316 215.087
183.391 19.637 161.316 215.087
180.434 15.201 161.316 215.087
180.434 24.072 161.316 215.087
177.478 18.158 161.316 215.087
180.676 26.365 157.875 210.501
177.782 22.024 157.875 210.501
179.465 31.504 154.509 206.012
176.634 25.841 154.509 206.012
176.866 32.285 151.214 201.618
174.093 30.899 151.214 201.618
171.321 36.444 151.214 201.618
168.774 39.980 147.989 197.319
167.638 44.798 144.833 193.111
163.656 46.125 144.833 193.111
161.001 51.435 144.833 193.111
159.674 48.780 144.833 193.111
157.019 55.417 144.833 193.111
157.019 51.435 144.833 193.111
155.691 58.072 144.833 193.111
154.364 54.090 144.833 193.111
154.364 58.072 144.833 193.111
153.036 60.727 144.833 193.111
151.709 63.382 144.833 193.111
150.381 66.037 144.833 193.111
151.709 71.347 144.833 193.111
147.727 72.674 144.833 193.111
145.072 75.329 144.833 193.111
146.399 79.311 144.833 193.111
145.072 83.294 144.833 193.111
142.417 87.276 144.833 193.111
139.762 91.258 144.833 193.111
138.434 92.586 144.833 193.111
135.780 91.258 144.833 193.111
143.961 97.300 141.745 188.993
142.663 99.896 141.745 188.993
145.259 98.598 141.745 188.993
149.153 99.896 141.745 188.993
151.749 99.896 141.745 188.993
159.751 104.507 138.722 184.962
162.292 105.778 138.722 184.962
164.833 104.507 138.722 184.962
167.374 107.048 138.722 184.962
168.645 109.589 138.722 184.962
172.457 110.860 138.722 184.962
172.457 112.131 138.722 184.962
171.186 108.319 138.722 184.962
171.186 108.319 138.722 184.962
171.395 103.938 135.763 181.018
172.638 103.938 135.763 181.018
172.638 96.479 135.763 181.018
173.881 91.507 135.763 181.018
172.638 86.534 135.763 181.018
171.395 82.805 135.763 181.018
168.908 82.805 135.763 181.018
166.422 82.805 135.763 181.018
163.936 82.805 135.763 181.018
161.450 84.048 135.763 181.018
160.206 84.048 135.763 181.018
157.720 84.048 135.763 181.018
160.411 84.735 132.868 177.158
159.193 83.517 132.868 177.158
157.976 87.170 132.868 177.158
161.629 87.170 132.868 177.158
162.846 89.605 132.868 177.158
168.934 87.170 132.868 177.158
172.587 90.823 132.868 177.158
177.458 87.170 132.868 177.158
181.111 89.605 132.868 177.158
184.764 87.170 132.868 177.158
184.764 88.388 132.868 177.158
187.199 87.170 132.868 177.158
184.764 87.170 132.868 177.158
185.729 83.993 135.808 181.077
185.472 80.744 138.813 185.084
193.107 78.199 138.813 185.084
198.198 76.927 138.813 185.084
194.117 74.879 141.884 189.179
201.917 70.979 141.884 189.179
193.847 68.887 145.023 193.364
197.835 71.545 145.023 193.364
197.561 66.747 148.232 197.642
193.203 69.996 151.511 202.015
190.427 75.549 151.511 202.015
195.692 69.150 154.864 206.485
184.335 74.828 154.864 206.485
184.335 70.569 154.864 206.485
184.335 69.150 154.864 206.485
187.174 69.150 154.864 206.485
192.852 64.891 154.864 206.485
196.818 65.446 158.290 211.053
205.524 62.544 158.290 211.053
205.224 60.209 161.792 215.723
204.916 54.858 165.372 220.496
209.463 54.858 165.372 220.496
210.665 55.450 169.031 225.374
213.442 56.055 172.770 230.361
222.936 56.055 172.770 230.361
225.772 56.671 176.593 235.457
227.390 58.289 176.593 235.457
225.772 55.054 176.593 235.457
222.537 58.289 176.593 235.457
222.537 61.524 176.593 235.457
226.037 60.800 172.827 230.436
215.206 60.088 169.142 225.522
140.531 69.985 172.884 230.512
141.787 50.008 176.709 235.612
154.744 51.627 176.709 235.612
165.746 47.401 180.619 240.825
167.401 47.401 180.619 240.825
172.365 49.056 180.619 240.825
180.911 54.934 176.767 235.689
182.530 59.793 176.767 235.689
183.814 63.664 180.678 240.904
125.549 64.309 184.675 246.234
126.890 58.200 188.761 251.682
137.266 58.200 188.761 251.682
166.308 58.875 192.938 257.250
180.457 60.644 192.938 257.250
192.471 54.261 197.206 262.942
203.318 54.261 197.206 262.942
215.973 54.261 197.206 262.942
226.820 56.068 197.206 262.942
235.860 61.492 197.206 262.942
248.515 63.300 197.206 262.942
250.322 68.723 197.206 262.942
261.464 58.872 193.001 257.334
268.828 59.847 188.885 251.847
274.022 58.116 188.885 251.847
280.948 51.190 188.885 251.847
267.379 52.144 184.857 246.476
265.685 48.756 184.857 246.476
255.797 54.772 180.915 241.220
252.484 58.086 180.915 241.220
245.856 61.400 180.915 241.220
234.258 72.998 180.915 241.220
235.915 74.655 180.915 241.220
240.886 79.625 180.915 241.220
241.158 87.168 177.057 236.076
244.667 83.199 173.281 231.041
241.491 87.964 173.281 231.041
238.574 96.780 169.586 226.114
228.933 84.961 173.338 231.117
219.404 91.314 173.338 231.117
216.227 86.549 173.338 231.117
224.168 100.843 173.338 231.117
224.428 109.661 169.641 226.188
238.676 118.292 166.024 221.365
237.155 112.206 166.024 221.365
244.763 106.120 166.024 221.365
252.619 110.001 162.483 216.644
258.572 111.490 162.483 216.644
266.013 108.513 162.483 216.644
276.122 112.070 166.078 221.437
282.208 105.983 166.078 221.437
294.381 115.113 166.078 221.437
301.988 113.591 166.078 221.437
311.118 122.720 166.078 221.437
320.247 118.156 166.078 221.437
326.334 121.199 166.078 221.437
340.277 134.211 162.536 216.715
347.971 136.522 159.070 212.094
356.951 143.154 155.678 207.571
365.504 148.856 155.678 207.571
370.015 155.346 152.358 203.144
373.036 158.908 149.109 198.812
378.502 163.008 149.109 198.812
382.826 167.861 145.929 194.572
385.500 165.186 145.929 194.572
388.175 167.861 145.929 194.572
390.849 170.535 145.929 194.572
394.861 174.547 145.929 194.572
396.198 174.547 145.929 194.572
397.258 173.732 149.158 198.877
396.975 170.165 152.458 203.277
401.163 172.957 152.458 203.277
411.165 177.917 149.207 198.943
407.289 178.672 146.025 194.700
411.301 180.009 146.025 194.700
404.615 178.672 146.025 194.700
412.638 182.683 146.025 194.700
407.289 181.346 146.025 194.700
399.266 181.346 146.025 194.700
388.290 177.855 149.256 199.008
399.223 183.322 149.256 199.008
392.390 183.322 149.256 199.008
385.556 177.855 149.256 199.008
385.556 172.388 149.256 199.008
389.656 177.855 149.256 199.008
380.315 182.710 146.073 194.764
381.654 186.728 146.073 194.764
381.654 186.728 146.073 194.764
387.229 191.483 142.958 190.610
380.408 181.516 146.121 194.828
383.087 186.872 146.121 194.828
384.645 194.307 143.005 190.673
380.930 184.552 139.955 186.607
380.664 190.181 143.052 190.735
381.974 198.040 143.052 190.735
376.950 186.976 140.001 186.668
382.080 193.388 140.001 186.668
380.798 186.976 140.001 186.668
379.726 195.378 137.015 182.687
382.235 204.162 137.015 182.687
376.167 189.796 134.094 178.791
376.367 195.391 131.234 174.979
376.565 198.459 128.435 171.247
370.875 190.873 125.696 167.595
372.026 190.873 125.696 167.595
369.914 196.113 123.016 164.021
368.786 198.368 123.016 164.021
365.404 188.221 123.016 164.021
366.715 192.225 120.393 160.523
367.999 195.040 117.825 157.100
365.838 196.121 117.825 157.100
364.934 189.152 115.312 153.750
361.763 192.323 115.312 153.750
363.877 194.437 115.312 153.750
361.763 190.209 115.312 153.750
362.820 193.380 115.312 153.750
360.707 189.152 115.312 153.750
356.479 190.209 115.312 153.750
356.479 191.266 115.312 153.750
353.308 187.039 115.312 153.750
350.138 188.096 115.312 153.750
344.854 189.152 115.312 153.750
353.308 190.209 115.312 153.750
350.138 190.209 115.312 153.750
356.652 193.962 112.853 150.471
349.203 190.231 115.350 153.800
339.472 186.416 117.902 157.203
347.035 187.496 117.902 157.203
340.553 189.657 117.902 157.203
350.276 190.738 117.902 157.203
345.955 188.577 117.902 157.203
338.392 189.657 117.902 157.203
341.633 189.657 117.902 157.203
335.151 190.738 117.902 157.203
344.874 189.657 117.902 157.203
335.151 190.738 117.902 157.203
344.874 187.496 117.902 157.203
339.472 190.738 117.902 157.203
349.196 184.255 117.902 157.203
326.508 187.496 117.902 157.203
310.302 182.094 117.902 157.203
296.257 177.773 117.902 157.203
302.739 181.014 117.902 157.203
289.774 175.612 117.902 157.203
289.774 179.934 117.902 157.203
293.015 183.175 117.902 157.203
296.257 186.416 117.902 157.203
293.015 183.175 117.902 157.203
288.694 185.336 117.902 157.203
286.533 187.496 117.902 157.203
276.810 188.577 117.902 157.203
269.247 179.934 117.902 157.203
260.604 183.175 117.902 157.203
271.184 182.516 120.511 160.681
265.664 185.828 120.511 160.681
263.456 176.997 120.511 160.681
264.560 184.724 120.511 160.681
263.456 174.789 120.511 160.681
263.637 182.022 117.941 157.255
259.316 185.263 117.941 157.255
259.316 175.539 117.941 157.255
258.235 178.780 117.941 157.255
258.235 170.137 117.941 157.255
257.155 175.539 117.941 157.255
258.235 167.977 117.941 157.255
253.914 172.298 117.941 157.255
255.171 167.493 115.426 153.901
253.058 161.151 115.426 153.901
247.773 169.606 115.426 153.901
242.663 168.077 112.964 150.619
238.522 160.830 112.964 150.619
234.166 151.916 115.464 153.952
229.044 160.970 113.001 150.669
225.938 157.864 113.001 150.669
219.727 153.723 113.001 150.669
218.691 147.511 113.001 150.669
214.550 155.793 113.001 150.669
209.374 156.828 113.001 150.669
208.338 165.111 113.001 150.669
204.197 165.111 113.001 150.669
197.986 170.287 113.001 150.669
196.735 166.550 115.502 154.002
190.383 165.491 115.502 154.002
188.265 169.726 115.502 154.002
186.147 166.550 115.502 154.002
182.971 164.432 115.502 154.002
182.752 158.493 118.057 157.409
210.893 154.164 118.057 157.409
205.258 154.587 120.669 160.892
201.940 151.270 120.669 160.892
199.728 147.952 120.669 160.892
196.411 144.634 120.669 160.892
194.199 137.999 120.669 160.892
188.669 143.528 120.669 160.892
188.440 137.325 123.339 164.452
183.923 129.419 123.339 164.452
186.182 114.737 123.339 164.452
191.829 105.701 123.339 164.452
196.111 105.012 126.068 168.090
197.026 105.462 128.857 171.809
207.650 106.642 128.857 171.809
222.995 109.003 128.857 171.809
233.619 97.199 128.857 171.809
236.915 98.840 131.708 175.611
240.281 96.897 134.622 179.496
248.914 83.330 134.622 179.496
251.583 81.544 131.751 175.668
252.791 77.921 131.751 175.668
246.752 81.544 131.751 175.668
247.960 76.713 131.751 175.668
246.752 73.089 131.751 175.668
242.879 73.562 134.666 179.555
237.945 71.095 134.666 179.555
235.479 72.328 134.666 179.555
229.312 73.562 134.666 179.555
215.745 82.195 134.666 179.555
208.345 108.095 134.666 179.555
209.579 116.728 134.666 179.555
212.045 116.728 134.666 179.555
218.212 121.662 134.666 179.555
221.912 117.962 134.666 179.555
229.312 114.262 134.666 179.555
235.681 126.043 131.794 175.726
239.305 117.588 131.794 175.726
235.681 104.302 131.794 175.726
234.473 92.223 131.794 175.726
233.015 92.695 134.710 179.614
234.251 95.166 134.710 179.614
286.133 147.048 134.710 179.614
277.486 144.577 134.710 179.614
265.133 147.048 134.710 179.614
252.780 144.577 134.710 179.614
235.486 96.401 134.710 179.614
222.878 87.002 137.691 183.588
222.616 86.232 140.737 187.650
221.326 86.232 140.737 187.650
214.608 86.737 143.851 191.801
206.428 85.932 147.034 196.045
207.496 79.722 150.287 200.382
219.598 77.506 153.612 204.816
226.346 78.056 157.011 209.348
237.859 80.934 157.011 209.348
230.663 86.691 157.011 209.348
227.785 85.252 157.011 209.348
228.926 82.936 160.484 213.979
230.092 83.510 164.035 218.714
235.797 82.594 167.664 223.553
244.703 84.733 171.374 228.499
258.838 89.445 171.374 228.499
266.691 97.298 171.374 228.499
283.643 97.911 175.166 233.554
304.519 107.546 175.166 233.554
321.852 108.174 179.041 238.722
338.264 114.739 179.041 238.722
354.943 122.208 175.223 233.631
366.185 128.632 175.223 233.631
379.032 133.449 175.223 233.631
387.061 138.267 175.223 233.631
395.090 143.085 175.223 233.631
403.120 144.690 175.223 233.631
407.937 146.296 175.223 233.631
412.755 144.690 175.223 233.631
414.361 146.296 175.223 233.631
415.967 152.720 175.223 233.631
414.361 159.143 175.223 233.631
419.179 167.173 175.223 233.631
419.179 167.173 175.223 233.631
417.573 176.808 175.223 233.631
417.573 183.232 175.223 233.631
412.755 191.261 175.223 233.631
408.200 204.993 171.486 228.649
406.887 219.996 167.829 223.773
404.065 226.994 164.250 219.001
399.793 235.352 160.748 214.330
393.903 241.243 160.748 214.330
388.254 250.891 157.320 209.760
379.607 253.773 157.320 209.760
369.519 260.979 157.320 209.760
362.313 268.185 157.320 209.760
355.107 275.391 157.320 209.760
352.224 281.155 157.320 209.760
351.020 290.598 153.965 205.286
347.022 289.967 150.682 200.909
345.642 302.391 150.682 200.909
344.261 301.010 150.682 200.909
342.881 310.673 150.682 200.909
343.107 311.435 147.468 196.624
346.030 318.935 144.323 192.431
348.891 322.309 141.246 188.328
352.985 325.611 138.234 184.311
358.259 327.576 135.286 180.381
362.180 327.021 132.401 176.534
364.608 324.594 132.401 176.534
369.462 323.380 132.401 176.534
373.302 319.194 129.577 172.770
379.436 313.906 126.814 169.085
381.951 307.570 124.110 165.479
386.686 301.374 121.463 161.951
390.209 296.418 118.873 158.497
393.479 290.967 118.873 158.497
395.660 285.516 118.873 158.497
395.837 281.755 116.338 155.117
397.078 281.276 113.857 151.809
397.078 277.103 113.857 151.809
397.078 273.974 113.857 151.809
398.121 273.974 113.857 151.809
398.121 272.931 113.857 151.809
398.121 270.845 113.857 151.809
398.121 271.888 113.857 151.809
399.335 273.506 111.429 148.572
401.544 272.026 109.052 145.403
401.544 273.026 109.052 145.403
402.707 271.576 106.727 142.302
403.845 274.072 104.451 139.268
404.002 272.686 102.223 136.298
404.939 274.561 102.223 136.298
404.939 272.686 102.223 136.298
405.877 272.686 102.223 136.298
406.814 270.812 102.223 136.298
406.814 267.063 102.223 136.298
406.966 265.704 100.043 133.391
406.198 268.044 97.910 130.547
405.300 262.656 97.910 130.547
404.402 263.554 97.910 130.547
402.606 259.962 97.910 130.547
399.912 259.962 97.910 130.547
397.218 257.268 97.910 130.547
394.669 255.068 95.822 127.763
391.156 255.946 95.822 127.763
387.785 254.673 93.779 125.038
382.632 252.955 93.779 125.038
379.197 252.097 93.779 125.038
376.620 250.379 93.779 125.038
374.044 249.520 93.779 125.038
371.468 248.661 93.779 125.038
369.750 246.944 93.779 125.038
367.173 246.085 93.779 125.038
365.456 243.508 93.779 125.038
364.738 243.983 91.779 122.372
363.897 243.142 91.779 122.372
363.056 241.459 91.779 122.372
363.056 238.936 91.779 122.372
363.897 238.936 91.779 122.372
364.738 237.253 91.779 122.372
364.738 235.571 91.779 122.372
366.558 233.511 89.822 119.762
368.205 234.335 89.822 119.762
369.028 231.041 89.822 119.762
369.028 229.393 89.822 119.762
369.852 228.570 89.822 119.762
370.675 226.923 89.822 119.762
371.499 223.629 89.822 119.762
372.323 221.158 89.822 119.762
371.499 220.335 89.822 119.762
371.499 217.864 89.822 119.762
370.675 215.393 89.822 119.762
369.028 212.923 89.822 119.762
367.381 211.276 89.822 119.762
365.734 210.452 89.822 119.762
364.087 208.805 89.822 119.762
362.440 206.335 89.822 119.762
361.617 206.335 89.822 119.762
359.970 203.864 89.822 119.762
358.323 202.217 89.822 119.762
357.499 201.393 89.822 119.762
356.675 198.923 89.822 119.762
355.028 195.629 89.822 119.762
354.205 194.805 89.822 119.762
353.381 192.335 89.822 119.762
352.558 192.335 89.822 119.762
351.734 189.864 89.822 119.762
350.087 188.217 89.822 119.762
348.440 187.393 89.822 119.762
347.617 186.570 89.822 119.762
345.146 185.746 89.822 119.762
343.499 183.276 89.822 119.762
341.852 184.099 89.822 119.762
338.558 181.629 89.822 119.762
336.087 179.982 89.822 119.762
331.970 179.982 89.822 119.762
327.852 179.158 89.822 119.762
324.558 179.158 89.822 119.762
322.087 179.158 89.822 119.762
317.970 179.158 89.822 119.762
315.499 179.158 89.822 119.762
313.028 179.158 89.822 119.762
309.734 179.158 89.822 119.762
306.440 179.158 89.822 119.762
304.793 176.688 89.822 119.762
301.499 175.864 89.822 119.762
299.028 174.217 89.822 119.762
295.734 173.393 89.822 119.762
293.264 172.570 89.822 119.762
289.970 171.746 89.822 119.762
286.675 169.276 89.822 119.762
282.558 170.099 89.822 119.762
280.087 168.452 89.822 119.762
275.970 169.276 89.822 119.762
272.675 168.452 89.822 119.762
269.381 170.099 89.822 119.762
266.087 169.276 89.822 119.762
262.793 169.276 89.822 119.762
258.675 169.276 89.822 119.762
256.205 169.276 89.822 119.762
253.734 168.452 89.822 119.762
250.440 168.452 89.822 119.762
247.970 167.629 89.822 119.762
244.675 165.982 89.822 119.762
241.381 165.982 89.822 119.762
239.734 165.982 89.822 119.762
237.264 164.335 89.822 119.762
235.617 163.511 89.822 119.762
233.146 163.511 89.822 119.762
230.675 161.864 89.822 119.762
228.205 161.041 89.822 119.762
226.558 161.041 89.822 119.762
224.087 160.217 89.822 119.762
222.440 161.041 89.822 119.762
221.617 159.393 89.822 119.762
219.146 159.393 89.822 119.762
219.970 159.393 89.822 119.762
220.793 158.570 89.822 119.762
222.440 159.393 89.822 119.762
224.741 159.716 91.809 122.412
225.582 159.716 91.809 122.412
228.105 160.557 91.809 122.412
231.470 160.557 91.809 122.412
233.994 161.398 91.809 122.412
235.501 160.885 93.840 125.120
240.666 161.746 93.840 125.120
241.350 159.501 95.916 127.888
244.863 159.501 95.916 127.888
246.620 158.622 95.916 127.888
248.377 156.866 95.916 127.888
249.256 157.744 95.916 127.888
249.256 157.744 95.916 127.888
249.256 157.744 95.916 127.888
249.256 156.866 95.916 127.888
248.377 155.987 95.916 127.888
249.256 155.987 95.916 127.888
248.377 156.866 95.916 127.888
246.620 155.109 95.916 127.888
243.985 154.230 95.916 127.888
241.350 149.838 95.916 127.888
239.410 143.153 98.039 130.718
236.530 136.318 100.208 133.610
233.586 129.335 102.425 136.566
227.950 125.578 102.425 136.566
225.878 121.249 104.691 139.588
219.166 118.373 104.691 139.588
214.372 119.332 104.691 139.588
208.619 120.290 104.691 139.588
202.866 124.126 104.691 139.588
