118.000 69.000 114.000 162.000
116.918 65.753 114.000 162.000
116.918 65.753 114.000 162.000
116.918 64.671 114.000 162.000
116.918 64.671 114.000 162.000
116.918 64.671 114.000 162.000
116.918 63.588 114.000 162.000
116.918 63.588 114.000 162.000
116.918 63.588 114.000 162.000
115.835 63.588 114.000 162.000
115.835 64.671 114.000 162.000
115.835 65.753 114.000 162.000
114.753 66.835 114.000 162.000
113.671 67.918 114.000 162.000
112.588 67.918 114.000 162.000
110.424 69.000 114.000 162.000
109.341 69.000 114.000 162.000
106.094 70.082 114.000 162.000
103.929 71.165 114.000 162.000
100.682 72.247 114.000 162.000
97.435 71.165 114.000 162.000
95.271 71.165 114.000 162.000
93.106 69.000 114.000 162.000
89.859 66.835 114.000 162.000
88.776 64.671 114.000 162.000
88.776 63.588 114.000 162.000
87.694 63.588 114.000 162.000
87.694 63.588 114.000 162.000
87.694 61.424 114.000 162.000
87.694 60.341 114.000 162.000
87.694 58.176 114.000 162.000
87.694 56.012 114.000 162.000
87.694 53.847 114.000 162.000
87.694 53.847 114.000 162.000
87.694 53.847 114.000 162.000
87.694 54.929 114.000 162.000
88.776 53.847 114.000 162.000
88.776 53.847 114.000 162.000
89.859 53.847 114.000 162.000
90.941 52.765 114.000 162.000
92.024 53.847 114.000 162.000
94.188 52.765 114.000 162.000
96.353 53.847 114.000 162.000
98.518 52.765 114.000 162.000
99.600 53.847 114.000 162.000
101.765 51.682 114.000 162.000
103.929 52.765 114.000 162.000
107.176 53.847 114.000 162.000
109.341 52.765 114.000 162.000
112.588 51.682 114.000 162.000
113.671 53.847 114.000 162.000
115.835 51.682 114.000 162.000
118.000 54.929 114.000 162.000
119.082 52.765 114.000 162.000
121.247 56.012 114.000 162.000
123.412 57.094 114.000 162.000
126.792 56.657 111.569 158.545
127.851 59.833 111.569 158.545
128.910 59.833 111.569 158.545
129.968 61.951 111.569 158.545
131.027 65.127 111.569 158.545
131.027 66.186 111.569 158.545
132.086 69.363 111.569 158.545
132.086 70.421 111.569 158.545
132.086 70.421 111.569 158.545
132.086 71.480 111.569 158.545
133.145 73.598 111.569 158.545
133.145 72.539 111.569 158.545
134.204 74.657 111.569 158.545
135.263 75.716 111.569 158.545
135.263 75.716 111.569 158.545
136.321 76.774 111.569 158.545
136.321 76.774 111.569 158.545
136.321 75.716 111.569 158.545
136.321 76.774 111.569 158.545
136.321 75.716 111.569 158.545
136.321 75.716 111.569 158.545
136.321 75.716 111.569 158.545
135.263 74.657 111.569 158.545
134.204 74.657 111.569 158.545
134.204 74.657 111.569 158.545
133.145 73.598 111.569 158.545
132.086 72.539 111.569 158.545
132.086 70.421 111.569 158.545
132.086 67.245 111.569 158.545
133.145 64.069 111.569 158.545
134.204 71.480 111.569 158.545
134.204 71.480 111.569 158.545
134.204 72.539 111.569 158.545
135.263 75.716 111.569 158.545
131.027 74.657 111.569 158.545
133.145 77.833 111.569 158.545
129.968 76.774 111.569 158.545
129.968 78.892 111.569 158.545
126.792 78.892 111.569 158.545
126.792 78.892 111.569 158.545
126.792 79.951 111.569 158.545
124.674 79.951 111.569 158.545
124.674 79.951 111.569 158.545
125.864 79.524 109.190 155.164
123.789 79.524 109.190 155.164
121.715 78.486 109.190 155.164
122.752 80.561 109.190 155.164
121.715 78.486 109.190 155.164
120.678 79.524 109.190 155.164
120.678 79.524 109.190 155.164
120.678 78.486 109.190 155.164
120.678 79.524 109.190 155.164
120.678 79.524 109.190 155.164
120.678 79.524 109.190 155.164
119.640 78.486 109.190 155.164
120.678 80.561 109.190 155.164
119.640 79.524 109.190 155.164
120.678 80.561 109.190 155.164
120.678 81.598 109.190 155.164
119.640 80.561 109.190 155.164
119.640 80.561 109.190 155.164
119.640 80.561 109.190 155.164
119.640 81.598 109.190 155.164
119.640 80.561 109.190 155.164
120.678 81.598 109.190 155.164
119.640 80.561 109.190 155.164
120.678 81.598 109.190 155.164
119.640 80.561 109.190 155.164
119.640 80.561 109.190 155.164
119.640 80.561 109.190 155.164
119.640 80.561 109.190 155.164
119.640 80.561 109.190 155.164
119.640 80.561 109.190 155.164
118.603 79.524 109.190 155.164
119.640 80.561 109.190 155.164
118.603 79.524 109.190 155.164
119.640 80.561 109.190 155.164
118.603 79.524 109.190 155.164
118.603 78.486 109.190 155.164
118.603 78.486 109.190 155.164
117.566 76.412 109.190 155.164
118.603 76.412 109.190 155.164
118.603 75.375 109.190 155.164
116.529 73.300 109.190 155.164
115.491 71.226 109.190 155.164
113.417 69.151 109.190 155.164
112.380 68.114 109.190 155.164
111.342 69.151 109.190 155.164
110.305 72.263 109.190 155.164
110.305 72.263 109.190 155.164
109.268 71.226 109.190 155.164
108.231 72.263 109.190 155.164
107.193 73.300 109.190 155.164
107.193 73.300 109.190 155.164
106.156 74.337 109.190 155.164
106.156 74.337 109.190 155.164
106.156 74.337 109.190 155.164
105.119 73.300 109.190 155.164
105.119 73.300 109.190 155.164
105.119 73.300 109.190 155.164
104.082 73.300 109.190 155.164
104.082 72.263 109.190 155.164
104.082 72.263 109.190 155.164
104.082 72.263 109.190 155.164
103.044 72.263 109.190 155.164
103.044 72.263 109.190 155.164
103.044 72.263 109.190 155.164
103.044 72.263 109.190 155.164
103.044 73.300 109.190 155.164
104.082 73.300 109.190 155.164
104.082 72.263 109.190 155.164
104.082 72.263 109.190 155.164
104.082 72.263 109.190 155.164
104.082 70.188 109.190 155.164
104.082 69.151 109.190 155.164
103.044 68.114 109.190 155.164
102.007 67.077 109.190 155.164
102.007 67.077 109.190 155.164
100.970 68.114 109.190 155.164
100.970 68.114 109.190 155.164
98.725 70.546 111.605 158.597
99.784 69.488 111.605 158.597
98.725 70.546 111.605 158.597
97.666 72.664 111.605 158.597
97.666 75.841 111.605 158.597
96.607 79.017 111.605 158.597
96.607 82.194 111.605 158.597
96.607 81.135 111.605 158.597
95.548 83.252 111.605 158.597
96.607 83.252 111.605 158.597
95.548 84.311 111.605 158.597
96.607 83.252 111.605 158.597
95.548 84.311 111.605 158.597
96.607 84.311 111.605 158.597
95.548 85.370 111.605 158.597
97.666 85.370 111.605 158.597
95.548 85.370 111.605 158.597
97.666 86.429 111.605 158.597
96.607 85.370 111.605 158.597
97.666 86.429 111.605 158.597
96.607 85.370 111.605 158.597
97.666 86.429 111.605 158.597
95.372 84.674 114.075 162.106
95.372 84.674 114.075 162.106
94.290 84.674 114.075 162.106
95.372 85.757 114.075 162.106
94.290 85.757 114.075 162.106
95.372 85.757 114.075 162.106
94.290 85.757 114.075 162.106
94.290 85.757 114.075 162.106
94.290 85.757 114.075 162.106
93.208 85.757 114.075 162.106
94.290 86.839 114.075 162.106
93.208 86.839 114.075 162.106
93.208 87.921 114.075 162.106
93.208 87.921 114.075 162.106
94.290 89.004 114.075 162.106
94.290 90.086 114.075 162.106
93.208 91.168 114.075 162.106
95.372 90.086 114.075 162.106
94.290 90.086 114.075 162.106
94.290 90.086 114.075 162.106
93.208 89.004 114.075 162.106
93.208 89.004 114.075 162.106
94.290 86.839 114.075 162.106
93.208 83.592 114.075 162.106
95.193 80.716 116.599 165.693
94.085 75.177 116.599 165.693
95.193 68.530 116.599 165.693
96.301 65.207 116.599 165.693
97.409 60.775 116.599 165.693
98.516 57.452 116.599 165.693
98.516 54.128 116.599 165.693
99.624 50.805 116.599 165.693
99.624 48.589 116.599 165.693
100.732 46.373 116.599 165.693
100.732 45.265 116.599 165.693
100.732 45.265 116.599 165.693
101.840 46.373 116.599 165.693
101.840 45.265 116.599 165.693
101.840 45.265 116.599 165.693
101.840 46.373 116.599 165.693
101.840 47.481 116.599 165.693
101.840 48.589 116.599 165.693
101.840 49.697 116.599 165.693
101.840 50.805 116.599 165.693
102.948 51.912 116.599 165.693
104.056 53.020 116.599 165.693
104.056 54.128 116.599 165.693
105.163 55.236 116.599 165.693
106.271 55.236 116.599 165.693
106.271 56.344 116.599 165.693
107.379 56.344 116.599 165.693
108.487 57.452 116.599 165.693
108.487 58.559 116.599 165.693
108.487 58.559 116.599 165.693
109.595 59.667 116.599 165.693
109.595 60.775 116.599 165.693
109.595 62.991 116.599 165.693
109.595 64.099 116.599 165.693
109.595 65.207 116.599 165.693
109.595 64.099 116.599 165.693
109.595 66.314 116.599 165.693
109.595 66.314 116.599 165.693
108.487 67.422 116.599 165.693
108.487 68.530 116.599 165.693
108.487 69.638 116.599 165.693
108.487 69.638 116.599 165.693
108.487 69.638 116.599 165.693
108.487 70.746 116.599 165.693
108.487 70.746 116.599 165.693
108.487 70.746 116.599 165.693
108.487 70.746 116.599 165.693
107.379 69.638 116.599 165.693
107.379 68.530 116.599 165.693
107.379 67.422 116.599 165.693
106.271 66.314 116.599 165.693
106.271 66.314 116.599 165.693
105.163 65.207 116.599 165.693
105.163 67.422 116.599 165.693
104.056 68.530 116.599 165.693
104.056 67.422 116.599 165.693
102.948 67.422 116.599 165.693
101.840 69.638 116.599 165.693
101.840 68.530 116.599 165.693
99.624 67.422 116.599 165.693
99.624 70.746 116.599 165.693
99.624 68.530 116.599 165.693
98.516 72.961 116.599 165.693
98.516 70.746 116.599 165.693
97.409 70.746 116.599 165.693
96.301 71.854 116.599 165.693
96.301 70.746 116.599 165.693
96.301 72.961 116.599 165.693
95.193 71.854 116.599 165.693
94.085 70.746 116.599 165.693
94.085 72.961 116.599 165.693
94.085 71.854 116.599 165.693
95.193 72.961 116.599 165.693
94.085 71.854 116.599 165.693
95.193 72.961 116.599 165.693
92.977 71.854 116.599 165.693
94.085 72.961 116.599 165.693
94.085 71.854 116.599 165.693
94.085 74.069 116.599 165.693
92.977 71.854 116.599 165.693
92.977 72.961 116.599 165.693
92.977 74.069 116.599 165.693
92.977 72.961 116.599 165.693
92.977 72.961 116.599 165.693
92.977 74.069 116.599 165.693
92.977 72.961 116.599 165.693
92.977 74.069 116.599 165.693
92.977 71.854 116.599 165.693
92.977 71.854 116.599 165.693
92.977 70.746 116.599 165.693
94.085 71.854 116.599 165.693
94.085 70.746 116.599 165.693
95.328 69.189 114.112 162.159
96.413 74.610 114.112 162.159
97.497 72.442 114.112 162.159
96.413 71.358 114.112 162.159
97.497 72.442 114.112 162.159
97.497 70.273 114.112 162.159
97.497 71.358 114.112 162.159
97.497 71.358 114.112 162.159
98.581 72.442 114.112 162.159
98.581 73.526 114.112 162.159
98.581 74.610 114.112 162.159
98.581 75.695 114.112 162.159
97.497 74.610 114.112 162.159
96.413 74.610 114.112 162.159
96.413 73.526 114.112 162.159
96.413 74.610 114.112 162.159
95.328 73.526 114.112 162.159
95.328 74.610 114.112 162.159
94.244 74.610 114.112 162.159
93.160 74.610 114.112 162.159
92.075 73.526 114.112 162.159
92.075 73.526 114.112 162.159
90.991 73.526 114.112 162.159
90.991 73.526 114.112 162.159
89.907 73.526 114.112 162.159
88.822 73.526 114.112 162.159
87.738 73.526 114.112 162.159
86.654 74.610 114.112 162.159
84.485 74.610 114.112 162.159
82.316 75.695 114.112 162.159
81.232 76.779 114.112 162.159
79.064 76.779 114.112 162.159
77.979 75.695 114.112 162.159
75.811 74.610 114.112 162.159
74.726 72.442 114.112 162.159
74.726 70.273 114.112 162.159
74.726 69.189 114.112 162.159
74.726 72.442 114.112 162.159
74.726 71.358 114.112 162.159
75.811 73.526 114.112 162.159
75.811 72.442 114.112 162.159
76.895 73.526 114.112 162.159
77.979 74.610 114.112 162.159
76.895 74.610 114.112 162.159
76.895 75.695 114.112 162.159
77.979 75.695 114.112 162.159
76.895 74.610 114.112 162.159
76.895 74.610 114.112 162.159
75.811 74.610 114.112 162.159
76.895 75.695 114.112 162.159
75.811 74.610 114.112 162.159
76.895 74.610 114.112 162.159
77.979 74.610 114.112 162.159
77.979 74.610 114.112 162.159
77.979 74.610 114.112 162.159
79.064 74.610 114.112 162.159
80.148 74.610 114.112 162.159
81.232 74.610 114.112 162.159
81.232 74.610 114.112 162.159
83.401 75.695 114.112 162.159
84.485 74.610 114.112 162.159
83.401 74.610 114.112 162.159
85.569 74.610 114.112 162.159
85.569 74.610 114.112 162.159
86.654 75.695 114.112 162.159
86.654 74.610 114.112 162.159
87.738 74.610 114.112 162.159
87.738 73.526 114.112 162.159
88.822 72.442 114.112 162.159
89.907 71.358 114.112 162.159
90.991 72.442 114.112 162.159
90.991 70.273 114.112 162.159
90.991 70.273 114.112 162.159
92.075 70.273 114.112 162.159
92.075 69.189 114.112 162.159
93.160 69.189 114.112 162.159
93.160 68.105 114.112 162.159
94.244 68.105 114.112 162.159
94.244 67.020 114.112 162.159
94.244 67.020 114.112 162.159
94.244 67.020 114.112 162.159
95.328 67.020 114.112 162.159
95.328 67.020 114.112 162.159
95.328 65.936 114.112 162.159
95.328 67.020 114.112 162.159
95.328 65.936 114.112 162.159
95.328 64.852 114.112 162.159
96.413 64.852 114.112 162.159
96.413 63.767 114.112 162.159
96.413 62.683 114.112 162.159
97.497 61.599 114.112 162.159
96.413 60.514 114.112 162.159
97.497 60.514 114.112 162.159
96.413 60.514 114.112 162.159
96.413 62.683 114.112 162.159
96.413 64.852 114.112 162.159
96.413 64.852 114.112 162.159
96.413 65.936 114.112 162.159
96.413 67.020 114.112 162.159
95.328 67.020 114.112 162.159
95.328 68.105 114.112 162.159
95.328 69.189 114.112 162.159
95.328 70.273 114.112 162.159
94.244 71.358 114.112 162.159
94.244 72.442 114.112 162.159
94.244 72.442 114.112 162.159
94.244 74.610 114.112 162.159
94.244 75.695 114.112 162.159
93.160 77.863 114.112 162.159
93.160 78.948 114.112 162.159
93.160 80.032 114.112 162.159
93.160 80.032 114.112 162.159
93.160 80.032 114.112 162.159
93.160 80.032 114.112 162.159
93.160 80.032 114.112 162.159
93.160 80.032 114.112 162.159
93.160 80.032 114.112 162.159
93.160 80.032 114.112 162.159
93.160 81.116 114.112 162.159
93.160 80.032 114.112 162.159
93.160 78.948 114.112 162.159
93.160 77.863 114.112 162.159
93.160 76.779 114.112 162.159
93.160 76.779 114.112 162.159
93.160 75.695 114.112 162.159
93.160 75.695 114.112 162.159
92.075 73.526 114.112 162.159
90.991 73.526 114.112 162.159
90.991 72.442 114.112 162.159
89.907 71.358 114.112 162.159
90.991 74.610 114.112 162.159
90.991 73.526 114.112 162.159
90.991 72.442 114.112 162.159
87.560 72.817 116.637 165.747
86.452 75.032 116.637 165.747
86.452 76.140 116.637 165.747
86.452 75.032 116.637 165.747
85.344 78.356 116.637 165.747
85.344 78.356 116.637 165.747
86.452 78.356 116.637 165.747
85.344 79.464 116.637 165.747
86.452 81.679 116.637 165.747
85.344 81.679 116.637 165.747
85.344 81.679 116.637 165.747
85.344 82.787 116.637 165.747
84.236 82.787 116.637 165.747
83.129 83.895 116.637 165.747
84.236 83.895 116.637 165.747
83.129 83.895 116.637 165.747
83.129 85.003 116.637 165.747
83.129 83.895 116.637 165.747
83.129 86.111 116.637 165.747
83.129 86.111 116.637 165.747
83.129 86.111 116.637 165.747
83.129 86.111 116.637 165.747
83.129 86.111 116.637 165.747
82.021 86.111 116.637 165.747
83.129 86.111 116.637 165.747
82.021 86.111 116.637 165.747
83.129 87.219 116.637 165.747
82.021 86.111 116.637 165.747
82.021 87.219 116.637 165.747
82.021 86.111 116.637 165.747
82.021 87.219 116.637 165.747
82.021 86.111 116.637 165.747
83.129 86.111 116.637 165.747
82.021 85.003 116.637 165.747
82.021 85.003 116.637 165.747
82.021 86.111 116.637 165.747
83.129 86.111 116.637 165.747
82.021 86.111 116.637 165.747
82.021 87.219 116.637 165.747
83.129 86.111 116.637 165.747
83.129 86.111 116.637 165.747
83.129 86.111 116.637 165.747
83.129 86.111 116.637 165.747
83.129 86.111 116.637 165.747
83.129 86.111 116.637 165.747
82.021 86.111 116.637 165.747
82.021 86.111 116.637 165.747
82.021 86.111 116.637 165.747
82.021 86.111 116.637 165.747
82.021 86.111 116.637 165.747
83.129 86.111 116.637 165.747
82.021 86.111 116.637 165.747
82.021 86.111 116.637 165.747
80.913 86.111 116.637 165.747
82.021 87.219 116.637 165.747
80.913 86.111 116.637 165.747
82.021 88.326 116.637 165.747
80.913 87.219 116.637 165.747
83.129 87.219 116.637 165.747
83.129 87.219 116.637 165.747
83.129 87.219 116.637 165.747
83.129 87.219 116.637 165.747
83.129 88.326 116.637 165.747
84.236 88.326 116.637 165.747
84.236 88.326 116.637 165.747
83.129 88.326 116.637 165.747
83.129 88.326 116.637 165.747
84.236 88.326 116.637 165.747
85.344 88.326 116.637 165.747
85.344 89.434 116.637 165.747
85.344 88.326 116.637 165.747
85.344 88.326 116.637 165.747
86.452 86.111 116.637 165.747
86.452 88.326 116.637 165.747
86.452 86.111 116.637 165.747
87.378 86.493 119.217 169.414
88.509 85.361 119.217 169.414
92.847 84.619 121.855 173.163
95.161 84.619 121.855 173.163
100.754 83.860 124.551 176.994
104.105 84.267 127.307 180.910
107.536 78.636 130.124 184.912
108.567 80.296 133.003 189.004
103.308 81.994 135.945 193.185
103.094 73.406 138.953 197.460
102.877 79.139 142.027 201.828
101.527 73.743 142.027 201.828
102.654 76.906 145.170 206.294
102.654 72.771 145.170 206.294
101.048 73.245 148.382 210.858
99.639 70.426 148.382 210.858
101.048 74.655 148.382 210.858
99.407 69.503 151.665 215.523
97.968 68.064 151.665 215.523
99.407 72.381 151.665 215.523
97.968 68.064 151.665 215.523
97.968 72.381 151.665 215.523
97.968 68.064 151.665 215.523
97.968 73.821 151.665 215.523
97.968 69.503 151.665 215.523
97.968 69.503 151.665 215.523
97.968 70.942 151.665 215.523
97.968 70.942 151.665 215.523
97.968 70.942 151.665 215.523
96.529 69.503 151.665 215.523
96.529 72.381 151.665 215.523
96.529 69.503 151.665 215.523
96.529 70.942 151.665 215.523
95.089 69.503 151.665 215.523
96.529 68.064 151.665 215.523
96.529 73.821 151.665 215.523
95.089 68.064 151.665 215.523
96.529 73.821 151.665 215.523
95.089 69.503 151.665 215.523
96.529 70.942 151.665 215.523
95.089 70.942 151.665 215.523
96.529 70.942 151.665 215.523
96.529 72.381 151.665 215.523
95.089 69.503 151.665 215.523
96.529 73.821 151.665 215.523
96.529 72.381 151.665 215.523
96.529 73.821 151.665 215.523
96.529 73.821 151.665 215.523
96.529 73.821 151.665 215.523
96.529 72.381 151.665 215.523
96.529 72.381 151.665 215.523
96.529 70.942 151.665 215.523
97.968 76.699 151.665 215.523
96.529 73.821 151.665 215.523
96.529 73.821 151.665 215.523
97.968 73.821 151.665 215.523
96.529 73.821 151.665 215.523
96.529 75.260 151.665 215.523
95.089 72.381 151.665 215.523
95.089 70.942 151.665 215.523
95.089 69.503 151.665 215.523
95.089 70.942 151.665 215.523
93.650 66.625 151.665 215.523
92.389 73.240 148.430 210.927
89.742 71.260 145.265 206.429
89.742 79.531 145.265 206.429
85.777 72.083 142.167 202.027
89.991 76.935 139.135 197.719
86.188 75.078 136.168 193.502
88.932 79.726 133.264 189.376
87.824 77.951 130.423 185.337
90.454 81.166 127.641 181.385
90.454 81.166 127.641 181.385
93.027 84.312 124.919 177.517
91.840 83.126 124.919 177.517
91.840 81.940 124.919 177.517
91.840 81.940 124.919 177.517
93.027 81.940 124.919 177.517
93.027 83.126 124.919 177.517
93.027 83.126 124.919 177.517
93.027 83.126 124.919 177.517
94.213 83.126 124.919 177.517
94.213 83.126 124.919 177.517
94.213 84.312 124.919 177.517
94.213 83.126 124.919 177.517
94.213 84.312 124.919 177.517
95.399 83.126 124.919 177.517
95.399 84.312 124.919 177.517
95.399 81.940 124.919 177.517
95.399 81.940 124.919 177.517
96.731 81.460 122.255 173.731
96.731 80.299 122.255 173.731
96.731 79.138 122.255 173.731
96.731 77.978 122.255 173.731
96.731 79.138 122.255 173.731
96.731 76.817 122.255 173.731
94.410 75.656 122.255 173.731
94.410 76.817 122.255 173.731
94.410 77.978 122.255 173.731
94.410 76.817 122.255 173.731
94.410 76.817 122.255 173.731
94.410 75.656 122.255 173.731
95.713 77.508 119.648 170.026
94.578 76.373 119.648 170.026
95.713 77.508 119.648 170.026
94.578 75.238 119.648 170.026
95.713 76.373 119.648 170.026
94.578 75.238 119.648 170.026
95.713 77.508 119.648 170.026
94.578 75.238 119.648 170.026
94.578 77.508 119.648 170.026
94.578 76.373 119.648 170.026
94.578 77.508 119.648 170.026
95.854 75.915 117.097 166.400
95.854 75.915 117.097 166.400
95.854 77.027 117.097 166.400
95.854 77.027 117.097 166.400
94.742 75.915 117.097 166.400
94.742 75.915 117.097 166.400
94.742 77.027 117.097 166.400
94.742 75.915 117.097 166.400
94.742 77.027 117.097 166.400
94.742 75.915 117.097 166.400
94.742 77.027 117.097 166.400
94.742 75.915 117.097 166.400
94.742 74.804 117.097 166.400
94.742 77.027 117.097 166.400
94.742 74.804 117.097 166.400
94.742 75.915 117.097 166.400
94.742 75.915 117.097 166.400
94.742 75.915 117.097 166.400
94.742 75.915 117.097 166.400
94.742 75.915 117.097 166.400
94.742 74.804 117.097 166.400
94.742 75.915 117.097 166.400
94.742 74.804 117.097 166.400
94.742 74.804 117.097 166.400
94.742 74.804 117.097 166.400
94.742 75.915 117.097 166.400
95.854 73.692 117.097 166.400
95.854 78.139 117.097 166.400
95.854 75.915 117.097 166.400
95.854 74.804 117.097 166.400
95.854 74.804 117.097 166.400
95.854 74.804 117.097 166.400
95.854 74.804 117.097 166.400
95.854 73.692 117.097 166.400
95.854 78.139 117.097 166.400
95.854 75.915 117.097 166.400
94.742 75.915 117.097 166.400
93.630 75.915 117.097 166.400
94.879 75.466 114.600 162.852
93.790 78.731 114.600 162.852
91.614 76.554 114.600 162.852
91.614 80.907 114.600 162.852
90.526 78.731 114.600 162.852
89.437 78.731 114.600 162.852
87.261 79.819 114.600 162.852
86.173 80.907 114.600 162.852
85.085 80.907 114.600 162.852
82.908 80.907 114.600 162.852
81.820 81.996 114.600 162.852
80.732 80.907 114.600 162.852
78.555 80.907 114.600 162.852
77.467 78.731 114.600 162.852
75.290 77.643 114.600 162.852
74.202 75.466 114.600 162.852
74.202 76.554 114.600 162.852
73.114 74.378 114.600 162.852
73.114 78.731 114.600 162.852
73.114 77.643 114.600 162.852
73.114 78.731 114.600 162.852
73.114 79.819 114.600 162.852
73.114 79.819 114.600 162.852
73.114 79.819 114.600 162.852
73.114 80.907 114.600 162.852
73.114 80.907 114.600 162.852
73.114 80.907 114.600 162.852
72.026 81.996 114.600 162.852
73.114 81.996 114.600 162.852
73.114 81.996 114.600 162.852
73.114 81.996 114.600 162.852
72.026 80.907 114.600 162.852
73.114 80.907 114.600 162.852
73.114 80.907 114.600 162.852
72.026 79.819 114.600 162.852
73.114 79.819 114.600 162.852
73.114 79.819 114.600 162.852
73.114 79.819 114.600 162.852
73.114 79.819 114.600 162.852
72.026 78.731 114.600 162.852
73.114 78.731 114.600 162.852
73.114 78.731 114.600 162.852
73.114 78.731 114.600 162.852
72.026 77.643 114.600 162.852
72.026 78.731 114.600 162.852
73.114 78.731 114.600 162.852
72.026 78.731 114.600 162.852
72.026 78.731 114.600 162.852
73.114 78.731 114.600 162.852
72.026 77.643 114.600 162.852
72.026 76.554 114.600 162.852
73.114 77.643 114.600 162.852
75.290 77.643 114.600 162.852
75.290 77.643 114.600 162.852
76.379 77.643 114.600 162.852
78.555 77.643 114.600 162.852
79.643 77.643 114.600 162.852
80.732 77.643 114.600 162.852
80.732 76.554 114.600 162.852
82.908 78.731 114.600 162.852
83.996 76.554 114.600 162.852
86.173 78.731 114.600 162.852
86.173 75.466 114.600 162.852
88.349 76.554 114.600 162.852
90.526 77.643 114.600 162.852
91.614 74.378 114.600 162.852
93.790 76.554 114.600 162.852
93.790 74.378 114.600 162.852
94.879 75.466 114.600 162.852
94.879 74.378 114.600 162.852
95.967 74.378 114.600 162.852
95.967 74.378 114.600 162.852
95.967 73.290 114.600 162.852
95.967 72.201 114.600 162.852
95.967 71.113 114.600 162.852
95.967 68.937 114.600 162.852
97.055 67.849 114.600 162.852
98.143 66.760 114.600 162.852
98.143 65.672 114.600 162.852
99.232 65.672 114.600 162.852
101.542 65.232 112.156 159.379
102.606 68.426 112.156 159.379
101.542 65.232 112.156 159.379
102.606 66.297 112.156 159.379
99.412 64.167 112.156 159.379
101.542 65.232 112.156 159.379
100.477 64.167 112.156 159.379
101.542 64.167 112.156 159.379
101.542 64.167 112.156 159.379
101.542 63.103 112.156 159.379
100.477 62.038 112.156 159.379
100.477 60.973 112.156 159.379
100.477 60.973 112.156 159.379
100.477 60.973 112.156 159.379
99.412 59.908 112.156 159.379
98.348 59.908 112.156 159.379
98.348 58.844 112.156 159.379
97.283 57.779 112.156 159.379
97.283 57.779 112.156 159.379
97.283 56.714 112.156 159.379
96.218 54.585 112.156 159.379
96.218 54.585 112.156 159.379
95.154 53.520 112.156 159.379
95.154 53.520 112.156 159.379
95.154 55.650 112.156 159.379
94.089 57.779 112.156 159.379
94.089 59.908 112.156 159.379
94.089 60.973 112.156 159.379
93.024 60.973 112.156 159.379
91.959 62.038 112.156 159.379
91.959 63.103 112.156 159.379
91.959 64.167 112.156 159.379
91.959 64.167 112.156 159.379
91.959 64.167 112.156 159.379
91.959 64.167 112.156 159.379
93.024 64.167 112.156 159.379
93.024 64.167 112.156 159.379
93.024 64.167 112.156 159.379
94.089 64.167 112.156 159.379
94.089 65.232 112.156 159.379
94.089 65.232 112.156 159.379
94.089 65.232 112.156 159.379
95.154 66.297 112.156 159.379
95.154 67.361 112.156 159.379
96.218 66.297 112.156 159.379
97.283 67.361 112.156 159.379
98.348 67.361 112.156 159.379
99.412 67.361 112.156 159.379
100.477 67.361 112.156 159.379
101.542 67.361 112.156 159.379
102.606 66.297 112.156 159.379
103.671 67.361 112.156 159.379
103.671 66.297 112.156 159.379
103.671 66.297 112.156 159.379
104.736 66.297 112.156 159.379
105.801 67.361 112.156 159.379
105.801 66.297 112.156 159.379
105.801 67.361 112.156 159.379
106.865 66.297 112.156 159.379
107.930 67.361 112.156 159.379
107.930 65.232 112.156 159.379
108.995 67.361 112.156 159.379
111.124 64.167 112.156 159.379
114.318 64.167 112.156 159.379
116.448 63.103 112.156 159.379
119.642 62.038 112.156 159.379
121.771 62.038 112.156 159.379
123.901 59.908 112.156 159.379
126.030 63.103 112.156 159.379
126.030 60.973 112.156 159.379
127.095 64.167 112.156 159.379
128.159 60.973 112.156 159.379
129.224 62.038 112.156 159.379
130.289 60.973 112.156 159.379
131.354 60.973 112.156 159.379
132.418 63.103 112.156 159.379
133.483 60.973 112.156 159.379
134.548 62.038 112.156 159.379
135.612 62.038 112.156 159.379
136.677 60.973 112.156 159.379
136.677 63.103 112.156 159.379
137.742 60.973 112.156 159.379
137.742 63.103 112.156 159.379
138.806 62.038 112.156 159.379
138.806 60.973 112.156 159.379
138.806 63.103 112.156 159.379
138.806 62.038 112.156 159.379
141.067 62.673 109.764 155.980
141.067 64.759 109.764 155.980
141.067 63.716 109.764 155.980
141.067 62.673 109.764 155.980
141.067 62.673 109.764 155.980
141.067 63.716 109.764 155.980
141.067 62.673 109.764 155.980
140.024 64.759 109.764 155.980
141.067 62.673 109.764 155.980
140.024 63.716 109.764 155.980
140.024 63.716 109.764 155.980
140.024 64.759 109.764 155.980
141.194 63.293 107.423 152.654
140.175 62.273 107.423 152.654
139.155 64.312 107.423 152.654
138.135 62.273 107.423 152.654
137.116 63.293 107.423 152.654
135.077 63.293 107.423 152.654
134.057 62.273 107.423 152.654
132.018 61.253 107.423 152.654
130.998 63.293 107.423 152.654
129.979 62.273 107.423 152.654
128.959 61.253 107.423 152.654
127.939 62.273 107.423 152.654
126.920 60.234 107.423 152.654
126.920 63.293 107.423 152.654
125.900 61.253 107.423 152.654
124.881 60.234 107.423 152.654
123.861 62.273 107.423 152.654
122.841 60.234 107.423 152.654
121.822 60.234 107.423 152.654
120.802 62.273 107.423 152.654
119.783 60.234 107.423 152.654
117.743 61.253 107.423 152.654
115.704 59.214 107.423 152.654
114.685 60.234 107.423 152.654
112.645 58.195 107.423 152.654
109.586 56.155 107.423 152.654
107.547 55.136 107.423 152.654
106.528 53.097 107.423 152.654
105.508 55.136 107.423 152.654
105.508 55.136 107.423 152.654
105.508 59.214 107.423 152.654
105.508 60.234 107.423 152.654
104.488 62.273 107.423 152.654
105.508 64.312 107.423 152.654
105.508 66.351 107.423 152.654
105.508 67.371 107.423 152.654
106.528 69.410 107.423 152.654
106.528 69.410 107.423 152.654
106.528 69.410 107.423 152.654
106.528 70.430 107.423 152.654
