118.000 57.000 82.000 98.000
118.000 56.292 82.000 98.000
117.292 56.292 82.000 98.000
117.292 56.292 82.000 98.000
117.292 55.584 82.000 98.000
117.292 54.876 82.000 98.000
118.000 54.876 82.000 98.000
118.000 55.584 82.000 98.000
118.000 54.169 82.000 98.000
118.000 55.584 82.000 98.000
118.000 54.169 82.000 98.000
118.000 54.876 82.000 98.000
118.000 54.169 82.000 98.000
117.292 54.169 82.000 98.000
117.292 54.169 82.000 98.000
117.292 54.169 82.000 98.000
116.584 53.461 82.000 98.000
115.169 53.461 82.000 98.000
115.169 52.753 82.000 98.000
115.169 52.045 82.000 98.000
115.169 52.045 82.000 98.000
114.461 52.753 82.000 98.000
114.461 52.045 82.000 98.000
113.045 52.045 82.000 98.000
113.045 52.753 82.000 98.000
113.045 52.045 82.000 98.000
112.337 53.461 82.000 98.000
112.337 54.169 82.000 98.000
112.337 54.169 82.000 98.000
111.629 54.876 82.000 98.000
110.922 54.876 82.000 98.000
110.922 54.876 82.000 98.000
110.214 54.169 82.000 98.000
109.506 54.876 82.000 98.000
108.090 53.461 82.000 98.000
107.382 54.876 82.000 98.000
106.675 53.461 82.000 98.000
105.967 54.169 82.000 98.000
106.133 55.921 80.251 95.910
105.441 56.614 80.251 95.910
104.749 55.921 80.251 95.910
104.749 56.614 80.251 95.910
103.365 56.614 80.251 95.910
104.057 56.614 80.251 95.910
102.672 55.921 80.251 95.910
101.288 56.614 80.251 95.910
101.288 55.229 80.251 95.910
100.596 56.614 80.251 95.910
99.212 55.229 80.251 95.910
99.904 55.229 80.251 95.910
99.904 55.229 80.251 95.910
101.980 55.229 80.251 95.910
102.672 53.845 80.251 95.910
103.365 53.845 80.251 95.910
104.057 53.845 80.251 95.910
104.057 54.537 80.251 95.910
104.057 54.537 80.251 95.910
104.057 53.845 80.251 95.910
103.365 52.461 80.251 95.910
104.749 52.461 80.251 95.910
104.749 52.461 80.251 95.910
106.133 53.845 80.251 95.910
108.210 53.153 80.251 95.910
110.783 52.784 82.027 98.032
113.614 50.660 82.027 98.032
115.738 49.953 82.027 98.032
117.153 49.953 82.027 98.032
118.569 47.829 82.027 98.032
119.277 48.537 82.027 98.032
120.692 47.121 82.027 98.032
121.400 47.829 82.027 98.032
123.524 48.537 82.027 98.032
124.232 48.537 82.027 98.032
124.939 49.245 82.027 98.032
125.647 49.953 82.027 98.032
124.232 50.660 82.027 98.032
124.939 49.953 82.027 98.032
123.524 50.660 82.027 98.032
122.108 51.368 82.027 98.032
122.983 52.414 80.278 95.942
122.454 54.821 78.566 93.896
121.935 53.108 76.890 91.893
121.935 53.773 76.890 91.893
119.941 53.108 76.890 91.893
120.606 53.108 76.890 91.893
118.612 52.444 76.890 91.893
118.426 52.092 78.591 93.926
118.426 52.770 78.591 93.926
117.069 52.770 78.591 93.926
119.783 53.449 78.591 93.926
118.235 53.766 80.330 96.004
119.786 55.484 78.617 93.957
118.429 55.484 78.617 93.957
120.624 57.843 76.941 91.954
119.294 55.849 76.941 91.954
119.294 55.184 76.941 91.954
119.294 55.849 76.941 91.954
118.630 55.184 76.941 91.954
118.630 55.184 76.941 91.954
118.630 55.849 76.941 91.954
118.630 55.849 76.941 91.954
118.630 55.184 76.941 91.954
119.294 54.519 76.941 91.954
119.294 55.184 76.941 91.954
119.959 54.519 76.941 91.954
122.618 55.184 76.941 91.954
122.618 54.519 76.941 91.954
123.947 54.519 76.941 91.954
123.947 55.184 76.941 91.954
124.612 55.184 76.941 91.954
123.947 55.849 76.941 91.954
123.947 55.184 76.941 91.954
123.947 55.184 76.941 91.954
123.947 55.849 76.941 91.954
123.947 55.184 76.941 91.954
123.283 55.849 76.941 91.954
121.953 54.519 76.941 91.954
123.283 54.519 76.941 91.954
121.288 54.519 76.941 91.954
121.288 54.519 76.941 91.954
120.624 54.519 76.941 91.954
120.624 55.184 76.941 91.954
121.288 55.184 76.941 91.954
119.959 55.184 76.941 91.954
119.773 54.167 78.643 93.988
119.773 53.488 78.643 93.988
119.581 51.770 80.383 96.067
119.581 51.770 80.383 96.067
118.887 51.770 80.383 96.067
118.887 52.464 80.383 96.067
118.887 53.158 80.383 96.067
119.581 51.770 80.383 96.067
118.193 52.464 80.383 96.067
117.499 51.076 80.383 96.067
115.221 50.013 82.161 98.193
115.931 49.304 82.161 98.193
115.931 50.013 82.161 98.193
115.931 48.594 82.161 98.193
115.931 48.594 82.161 98.193
116.641 47.884 82.161 98.193
116.641 49.304 82.161 98.193
115.931 48.594 82.161 98.193
116.641 47.884 82.161 98.193
116.641 48.594 82.161 98.193
116.641 47.174 82.161 98.193
116.641 49.304 82.161 98.193
115.221 47.884 82.161 98.193
120.356 47.511 80.409 96.099
118.274 48.205 80.409 96.099
115.996 49.225 82.188 98.225
115.996 49.225 82.188 98.225
115.286 49.225 82.188 98.225
116.706 47.805 82.188 98.225
113.157 49.934 82.188 98.225
115.996 47.805 82.188 98.225
116.163 50.272 80.436 96.130
117.551 50.272 80.436 96.130
116.163 51.660 80.436 96.130
118.245 48.884 80.436 96.130
116.857 50.966 80.436 96.130
118.245 48.884 80.436 96.130
116.857 50.272 80.436 96.130
116.163 50.966 80.436 96.130
117.551 48.884 80.436 96.130
116.857 50.272 80.436 96.130
116.857 50.966 80.436 96.130
116.857 50.272 80.436 96.130
117.551 50.966 80.436 96.130
116.857 51.660 80.436 96.130
116.163 48.884 80.436 96.130
116.163 50.272 80.436 96.130
117.551 50.272 80.436 96.130
116.163 51.660 80.436 96.130
116.857 49.578 80.436 96.130
117.551 50.966 80.436 96.130
117.714 51.991 78.720 94.080
116.163 48.909 80.462 96.162
115.967 51.316 82.242 98.290
115.967 52.026 82.242 98.290
116.677 50.606 82.242 98.290
118.097 52.736 82.242 98.290
118.264 53.074 80.488 96.194
117.570 52.380 80.488 96.194
121.898 54.794 78.772 94.142
119.177 53.433 78.772 94.142
119.857 54.794 78.772 94.142
119.857 54.794 78.772 94.142
119.177 54.794 78.772 94.142
119.857 55.474 78.772 94.142
120.697 56.478 77.092 92.135
120.032 57.143 77.092 92.135
119.844 56.123 78.798 94.173
119.844 56.123 78.798 94.173
120.684 57.127 77.117 92.165
121.351 57.127 77.117 92.165
121.351 57.127 77.117 92.165
121.351 56.461 77.117 92.165
121.351 56.461 77.117 92.165
122.018 57.127 77.117 92.165
121.351 56.461 77.117 92.165
122.018 57.127 77.117 92.165
122.018 56.461 77.117 92.165
122.018 56.461 77.117 92.165
121.351 57.127 77.117 92.165
121.351 56.461 77.117 92.165
121.351 57.127 77.117 92.165
120.018 56.461 77.117 92.165
119.351 56.461 77.117 92.165
119.351 56.461 77.117 92.165
119.351 56.461 77.117 92.165
118.498 54.775 78.824 94.204
119.859 54.775 78.824 94.204
120.539 54.094 78.824 94.204
121.900 54.094 78.824 94.204
123.261 54.094 78.824 94.204
124.621 54.094 78.824 94.204
125.302 54.094 78.824 94.204
127.343 54.094 78.824 94.204
128.023 54.094 78.824 94.204
126.663 54.775 78.824 94.204
126.471 53.732 80.568 96.288
127.167 54.428 80.568 96.288
127.863 53.732 80.568 96.288
126.471 54.428 80.568 96.288
127.167 53.036 80.568 96.288
127.863 53.036 80.568 96.288
125.775 53.036 80.568 96.288
126.471 53.036 80.568 96.288
127.167 52.340 80.568 96.288
125.580 50.579 82.350 98.419
125.580 51.291 82.350 98.419
124.868 50.579 82.350 98.419
124.156 51.291 82.350 98.419
123.445 49.867 82.350 98.419
124.156 49.867 82.350 98.419
122.733 49.867 82.350 98.419
123.445 49.155 82.350 98.419
122.021 49.155 82.350 98.419
122.021 49.867 82.350 98.419
122.021 49.155 82.350 98.419
120.597 49.155 82.350 98.419
121.309 49.155 82.350 98.419
121.309 49.155 82.350 98.419
120.597 48.444 82.350 98.419
120.597 48.444 82.350 98.419
120.052 49.493 80.594 96.320
120.052 49.493 80.594 96.320
120.215 51.216 78.875 94.266
117.982 48.813 80.620 96.351
116.590 50.205 80.620 96.351
117.286 49.509 80.620 96.351
117.449 50.536 78.901 94.297
118.291 50.861 77.219 92.286
116.291 50.861 77.219 92.286
114.957 50.861 77.219 92.286
113.624 50.861 77.219 92.286
115.781 52.512 75.572 90.318
115.281 52.169 73.960 88.392
116.069 53.751 72.383 86.507
114.818 51.249 72.383 86.507
115.590 52.797 70.840 84.662
114.978 52.185 70.840 84.662
115.590 52.797 70.840 84.662
114.367 51.573 70.840 84.662
114.978 52.185 70.840 84.662
114.367 52.185 70.840 84.662
116.957 53.699 69.329 82.856
114.565 52.503 69.329 82.856
115.761 53.699 69.329 82.856
116.500 55.779 67.850 81.089
116.500 54.606 67.850 81.089
117.087 55.193 67.850 81.089
116.336 55.468 69.352 82.884
116.934 54.272 69.352 82.884
116.934 54.870 69.352 82.884
118.728 56.066 69.352 82.884
119.755 53.953 70.886 84.717
118.971 53.628 72.454 86.592
120.671 52.670 74.057 88.508
117.934 52.330 75.696 90.466
119.240 51.677 75.696 90.466
118.587 52.330 75.696 90.466
118.403 51.982 77.371 92.467
120.409 52.651 77.371 92.467
118.884 51.628 79.082 94.513
119.567 51.628 79.082 94.513
118.884 50.945 79.082 94.513
119.567 52.310 79.082 94.513
120.249 50.945 79.082 94.513
119.567 52.310 79.082 94.513
120.249 50.945 79.082 94.513
120.249 52.310 79.082 94.513
123.139 54.683 77.396 92.498
123.296 55.000 75.746 90.525
122.641 53.690 75.746 90.525
121.986 55.655 75.746 90.525
121.148 55.309 77.421 92.528
119.811 54.640 77.421 92.528
117.805 55.977 77.421 92.528
116.468 55.309 77.421 92.528
114.462 55.977 77.421 92.528
113.793 55.309 77.421 92.528
115.287 57.632 75.770 90.555
114.632 56.977 75.770 90.555
114.632 56.323 75.770 90.555
114.632 56.977 75.770 90.555
114.632 55.668 75.770 90.555
115.287 56.977 75.770 90.555
115.287 55.668 75.770 90.555
114.632 56.977 75.770 90.555
113.978 56.977 75.770 90.555
113.323 56.977 75.770 90.555
111.358 56.977 75.770 90.555
110.048 57.632 75.770 90.555
110.048 58.942 75.770 90.555
108.083 58.287 75.770 90.555
107.429 59.597 75.770 90.555
104.626 59.905 77.447 92.558
103.100 56.207 79.160 94.606
99.679 58.260 79.160 94.606
98.994 58.944 79.160 94.606
97.626 56.207 79.160 94.606
96.257 58.260 79.160 94.606
96.750 58.582 80.912 96.699
93.761 56.116 82.702 98.839
93.047 56.830 82.702 98.839
93.047 55.402 82.702 98.839
92.333 57.543 82.702 98.839
89.277 54.309 84.532 101.026
87.613 55.379 86.402 103.261
90.593 53.889 86.402 103.261
87.613 53.144 86.402 103.261
91.338 54.634 86.402 103.261
88.358 54.634 86.402 103.261
87.613 52.399 86.402 103.261
86.657 52.747 88.314 105.546
86.443 52.342 90.268 107.881
88.184 51.935 88.343 105.580
82.630 50.767 90.297 107.916
84.753 51.134 92.295 110.304
83.348 49.126 90.327 107.951
81.007 50.687 90.327 107.951
82.349 51.054 92.325 110.340
78.359 51.054 92.325 110.340
80.753 50.256 92.325 110.340
77.747 49.038 90.356 107.987
84.173 49.409 88.429 105.684
75.201 51.299 86.544 103.430
78.936 53.540 86.544 103.430
83.955 50.901 88.458 105.719
79.379 52.427 88.458 105.719
87.949 50.503 86.572 103.464
86.245 51.600 88.487 105.753
85.266 50.430 90.445 108.093
86.046 49.650 90.445 108.093
86.230 50.802 88.516 105.788
84.701 50.802 88.516 105.788
91.762 50.401 86.629 103.532
88.774 51.148 86.629 103.532
87.068 51.497 88.546 105.823
88.598 52.261 88.546 105.823
88.777 49.566 86.657 103.566
90.275 51.064 86.657 103.566
91.564 50.667 88.575 105.857
92.328 47.609 88.575 105.857
94.623 49.138 88.575 105.857
96.917 48.373 88.575 105.857
101.505 49.138 88.575 105.857
104.564 46.844 88.575 105.857
108.387 45.314 88.575 105.857
110.861 44.149 86.686 103.600
113.283 46.003 84.837 101.391
110.878 46.348 86.714 103.634
112.376 47.097 86.714 103.634
113.874 47.846 86.714 103.634
115.372 48.595 86.714 103.634
116.870 50.093 86.714 103.634
115.372 51.591 86.714 103.634
122.114 53.089 86.714 103.634
125.859 48.595 86.714 103.634
128.855 50.093 86.714 103.634
127.357 53.089 86.714 103.634
131.102 50.093 86.714 103.634
129.604 53.089 86.714 103.634
128.106 54.587 86.714 103.634
125.859 50.842 86.714 103.634
121.365 53.838 86.714 103.634
119.117 48.595 86.714 103.634
116.121 48.595 86.714 103.634
111.627 49.344 86.714 103.634
106.384 47.097 86.714 103.634
102.639 47.846 86.714 103.634
100.392 50.093 86.714 103.634
96.647 50.093 86.714 103.634
92.902 48.595 86.714 103.634
88.197 47.448 88.633 105.927
84.374 46.684 88.633 105.927
81.864 45.512 90.594 108.270
81.644 45.879 92.598 110.666
81.031 46.259 90.623 108.306
77.902 44.694 90.623 108.306
77.902 45.476 90.623 108.306
78.684 43.912 90.623 108.306
77.120 43.912 90.623 108.306
78.684 44.694 90.623 108.306
73.990 42.347 90.623 108.306
81.031 42.347 90.623 108.306
73.990 40.782 90.623 108.306
81.814 43.912 90.623 108.306
76.521 41.937 88.691 105.996
77.467 43.834 86.799 103.736
83.997 44.184 88.720 106.031
75.743 43.015 86.828 103.770
69.179 44.122 84.976 101.557
68.972 40.065 86.856 103.804
74.392 47.164 85.004 101.590
67.059 43.497 85.004 101.590
71.632 48.980 83.191 99.424
70.711 44.292 85.032 101.624
70.504 44.635 86.913 103.872
72.933 46.493 85.060 101.657
71.257 43.163 86.942 103.906
75.188 47.274 85.088 101.690
76.658 44.333 85.088 101.690
76.658 42.863 85.088 101.690
78.129 47.274 85.088 101.690
75.359 46.153 83.273 99.522
74.438 48.650 85.116 101.724
71.497 47.179 85.116 101.724
69.463 51.205 83.301 99.554
65.146 51.925 83.301 99.554
65.146 52.644 83.301 99.554
65.865 54.084 83.301 99.554
61.548 54.803 83.301 99.554
63.505 53.702 85.144 101.757
66.446 52.231 85.144 101.757
65.711 52.967 85.144 101.757
65.711 53.702 85.144 101.757
67.181 51.496 85.144 101.757
62.769 52.967 85.144 101.757
66.446 53.702 85.144 101.757
62.942 54.052 83.328 99.587
65.618 53.670 85.171 101.790
68.732 52.549 83.355 99.620
70.341 54.331 81.578 97.495
69.637 51.515 81.578 97.495
70.341 52.923 81.578 97.495
71.914 51.147 79.838 95.416
71.914 51.837 79.838 95.416
72.605 51.147 79.838 95.416
73.985 51.837 79.838 95.416
74.675 49.076 79.838 95.416
78.126 52.527 79.838 95.416
78.126 51.147 79.838 95.416
78.816 49.766 79.838 95.416
78.287 52.164 78.135 93.381
80.311 50.141 78.135 93.381
80.985 49.466 78.135 93.381
84.358 52.164 78.135 93.381
79.446 48.433 79.864 95.447
82.207 52.574 79.864 95.447
73.041 47.377 81.631 97.559
88.528 53.009 81.631 97.559
80.951 50.529 79.890 95.479
71.095 47.402 81.658 97.591
73.918 50.226 81.658 97.591
76.036 50.932 81.658 97.591
93.848 56.914 79.916 95.510
76.755 52.410 78.212 93.473
78.938 54.756 76.544 91.480
79.598 54.095 76.544 91.480
79.093 54.410 74.912 89.529
81.833 56.659 73.314 87.620
83.100 55.392 73.314 87.620
85.000 57.925 73.314 87.620
78.033 54.125 73.314 87.620
78.666 56.025 73.314 87.620
80.566 57.292 73.314 87.620
82.466 57.925 73.314 87.620
80.081 56.960 71.751 85.751
84.419 60.677 71.751 85.751
77.603 58.819 71.751 85.751
83.325 61.592 70.221 83.923
82.548 59.452 71.775 85.779
82.374 57.263 73.363 87.677
86.956 61.365 71.798 85.807
79.521 58.886 71.798 85.807
82.619 58.886 71.798 85.807
84.477 61.365 71.798 85.807
86.956 61.365 71.798 85.807
80.140 60.126 71.798 85.807
82.619 58.886 71.798 85.807
83.683 59.796 73.387 87.706
87.483 60.429 73.387 87.706
107.750 61.063 73.387 87.706
106.938 58.826 75.010 89.646
104.814 56.540 76.670 91.630
101.315 54.864 78.366 93.657
98.768 59.245 76.695 91.660
80.874 55.931 76.695 91.660
86.839 57.256 76.695 91.660
80.874 53.943 76.695 91.660
85.668 56.245 75.059 89.705
86.469 57.202 73.459 87.792
83.452 56.238 71.892 85.920
83.452 57.481 71.892 85.920
82.830 58.103 71.892 85.920
81.111 57.776 70.359 84.088
78.679 59.599 70.359 84.088
76.390 61.712 68.859 82.295
74.608 63.494 68.859 82.295
75.796 61.712 68.859 82.295
76.390 64.088 68.859 82.295
73.420 64.088 68.859 82.295
74.608 65.276 68.859 82.295
75.796 63.494 68.859 82.295
76.984 62.900 68.859 82.295
78.173 63.494 68.859 82.295
79.361 64.682 68.859 82.295
81.737 64.088 68.859 82.295
83.520 64.088 68.859 82.295
84.708 63.494 68.859 82.295
85.302 61.712 68.859 82.295
85.134 63.178 70.382 84.115
101.983 63.463 71.939 85.976
108.646 63.755 73.531 87.879
108.646 63.120 73.531 87.879
108.011 63.755 73.531 87.879
110.552 65.025 73.531 87.879
106.740 66.296 73.531 87.879
105.470 65.661 73.531 87.879
105.470 66.931 73.531 87.879
105.292 66.594 75.158 89.823
108.040 66.254 73.555 87.907
108.675 66.889 73.555 87.907
108.675 67.525 73.555 87.907
109.311 65.619 73.555 87.907
108.675 66.254 73.555 87.907
109.946 64.984 73.555 87.907
109.311 65.619 73.555 87.907
108.497 65.282 75.183 89.852
110.444 66.580 75.183 89.852
111.093 64.633 75.183 89.852
111.742 65.931 75.183 89.852
112.391 65.931 75.183 89.852
111.742 65.282 75.183 89.852
112.391 66.580 75.183 89.852
112.391 65.931 75.183 89.852
113.040 67.878 75.183 89.852
111.742 67.229 75.183 89.852
114.987 69.176 75.183 89.852
113.040 69.176 75.183 89.852
115.636 70.474 75.183 89.852
116.934 70.474 75.183 89.852
116.285 70.474 75.183 89.852
118.232 72.421 75.183 89.852
119.683 72.081 73.579 87.936
120.318 71.446 73.579 87.936
121.589 71.446 73.579 87.936
122.224 72.716 73.579 87.936
122.859 72.716 73.579 87.936
123.316 72.379 75.207 89.882
122.018 73.028 75.207 89.882
122.018 74.975 75.207 89.882
122.667 73.677 75.207 89.882
122.171 77.880 73.603 87.965
123.441 76.610 73.603 87.965
121.536 77.880 73.603 87.965
122.956 82.630 72.034 86.089
124.199 80.765 72.034 86.089
124.199 83.873 72.034 86.089
126.063 82.630 72.034 86.089
123.577 86.359 72.034 86.089
126.063 91.332 72.034 86.089
124.199 88.846 72.034 86.089
128.696 87.899 70.498 84.253
128.232 86.366 68.994 82.457
127.636 84.578 68.994 82.457
126.444 82.789 68.994 82.457
123.893 80.089 70.521 84.281
121.453 78.260 70.521 84.281
123.893 77.650 70.521 84.281
121.893 74.888 72.081 86.146
123.136 74.888 72.081 86.146
122.514 74.888 72.081 86.146
124.379 76.753 72.081 86.146
127.487 76.131 72.081 86.146
124.379 76.753 72.081 86.146
124.379 77.374 72.081 86.146
124.379 76.753 72.081 86.146
128.730 74.888 72.081 86.146
125.001 77.996 72.081 86.146
128.108 74.888 72.081 86.146
126.244 77.374 72.081 86.146
129.352 76.131 72.081 86.146
125.622 78.617 72.081 86.146
128.108 76.753 72.081 86.146
125.001 78.617 72.081 86.146
127.487 77.374 72.081 86.146
123.757 80.482 72.081 86.146
126.244 77.996 72.081 86.146
125.001 80.482 72.081 86.146
125.001 77.374 72.081 86.146
124.379 80.482 72.081 86.146
123.757 78.617 72.081 86.146
122.514 80.482 72.081 86.146
122.514 78.617 72.081 86.146
122.514 77.996 72.081 86.146
123.136 79.239 72.081 86.146
125.001 77.374 72.081 86.146
125.001 80.482 72.081 86.146
125.622 76.753 72.081 86.146
125.622 77.996 72.081 86.146
123.582 74.557 73.676 88.052
125.488 75.827 73.676 88.052
124.852 78.368 73.676 88.052
126.123 77.733 73.676 88.052
128.029 76.462 73.676 88.052
129.299 79.004 73.676 88.052
129.935 77.098 73.676 88.052
128.664 78.368 73.676 88.052
129.299 76.462 73.676 88.052
128.664 79.639 73.676 88.052
129.299 76.462 73.676 88.052
129.935 79.639 73.676 88.052
129.935 77.098 73.676 88.052
130.570 76.462 73.676 88.052
131.840 79.004 73.676 88.052
133.261 77.401 72.105 86.174
136.369 79.888 72.105 86.174
136.991 78.023 72.105 86.174
136.369 76.780 72.105 86.174
136.516 80.806 70.567 84.336
134.687 78.367 70.567 84.336
132.858 80.806 70.567 84.336
132.858 78.977 70.567 84.336
132.390 82.925 69.062 82.538
132.223 79.032 70.590 84.364
128.707 82.980 69.085 82.565
127.942 77.894 70.613 84.392
128.552 77.285 70.613 84.392
124.112 75.131 72.176 86.259
123.489 74.508 72.176 86.259
123.314 72.307 73.773 88.167
121.860 73.880 75.405 90.118
121.860 77.135 75.405 90.118
121.209 75.182 75.405 90.118
121.860 78.437 75.405 90.118
121.860 76.484 75.405 90.118
121.209 79.739 75.405 90.118
121.860 76.484 75.405 90.118
121.860 73.880 75.405 90.118
120.558 77.786 75.405 90.118
121.209 75.182 75.405 90.118
121.209 79.088 75.405 90.118
120.375 73.534 77.073 92.112
120.187 71.186 78.778 94.150
118.635 72.866 80.521 96.233
120.028 75.650 80.521 96.233
120.724 74.258 80.521 96.233
121.420 76.346 80.521 96.233
121.420 74.258 80.521 96.233
120.724 77.042 80.521 96.233
120.724 73.562 80.521 96.233
120.724 76.346 80.521 96.233
120.028 74.258 80.521 96.233
119.332 77.042 80.521 96.233
119.332 73.562 80.521 96.233
120.028 75.650 80.521 96.233
119.332 73.562 80.521 96.233
120.028 72.170 80.521 96.233
120.724 70.082 80.521 96.233
120.724 72.170 80.521 96.233
120.724 69.386 80.521 96.233
120.028 73.562 80.521 96.233
120.724 67.993 80.521 96.233
120.028 73.562 80.521 96.233
120.028 68.689 80.521 96.233
119.332 74.258 80.521 96.233
119.332 72.866 80.521 96.233
119.332 76.346 80.521 96.233
119.332 72.866 80.521 96.233
119.332 72.866 80.521 96.233
117.049 74.586 82.303 98.362
117.049 68.197 82.303 98.362
116.339 73.166 82.303 98.362
117.758 68.197 82.303 98.362
116.138 72.788 84.124 100.538
117.761 70.958 82.330 98.394
118.472 65.975 82.330 98.394
117.761 70.958 82.330 98.394
117.761 65.264 82.330 98.394
117.761 69.534 82.330 98.394
118.472 65.264 82.330 98.394
118.472 63.128 82.330 98.394
118.472 64.552 82.330 98.394
117.049 65.264 82.330 98.394
117.049 62.417 82.330 98.394
117.049 64.552 82.330 98.394
117.049 64.552 82.330 98.394
117.761 62.417 82.330 98.394
117.761 64.552 82.330 98.394
118.472 60.993 82.330 98.394
118.472 63.128 82.330 98.394
119.184 60.993 82.330 98.394
117.761 63.840 82.330 98.394
118.638 61.330 80.574 96.296
120.031 64.115 80.574 96.296
120.031 63.419 80.574 96.296
118.638 65.507 80.574 96.296
120.031 63.419 80.574 96.296
117.942 65.507 80.574 96.296
118.638 66.203 80.574 96.296
119.335 63.419 80.574 96.296
119.335 66.203 80.574 96.296
120.031 62.723 80.574 96.296
118.638 66.203 80.574 96.296
118.443 60.961 82.357 98.426
116.308 62.385 82.357 98.426
117.898 65.570 80.601 96.327
119.290 63.481 80.601 96.327
119.290 66.266 80.601 96.327
119.290 64.177 80.601 96.327
118.594 64.177 80.601 96.327
118.594 64.874 80.601 96.327
119.290 66.266 80.601 96.327
118.594 69.050 80.601 96.327
119.290 65.570 80.601 96.327
118.594 70.442 80.601 96.327
119.290 67.658 80.601 96.327
117.202 74.619 80.601 96.327
117.202 73.923 80.601 96.327
117.202 77.403 80.601 96.327
117.202 76.707 80.601 96.327
117.898 73.923 80.601 96.327
117.702 66.592 82.384 98.459
116.990 69.439 82.384 98.459
116.279 64.457 82.384 98.459
118.581 71.201 80.627 96.359
119.277 67.720 80.627 96.359
118.581 73.289 80.627 96.359
118.581 69.113 80.627 96.359
119.277 64.240 80.627 96.359
119.277 67.720 80.627 96.359
119.973 68.417 80.627 96.359
118.581 70.505 80.627 96.359
119.277 68.417 80.627 96.359
120.136 74.317 78.908 94.304
118.095 71.595 78.908 94.304
118.776 74.317 78.908 94.304
117.903 69.871 80.653 96.391
117.903 70.567 80.653 96.391
118.599 68.479 80.653 96.391
119.295 71.960 80.653 96.391
119.295 69.175 80.653 96.391
119.295 72.656 80.653 96.391
120.687 69.871 80.653 96.391
120.155 74.380 78.933 94.335
121.679 71.974 77.250 92.323
123.169 77.625 75.603 90.355
122.333 72.707 77.275 92.354
122.333 71.374 77.275 92.354
123.157 77.692 75.628 90.384
123.810 75.733 75.628 90.384
123.157 74.428 75.628 90.384
122.320 71.469 77.301 92.384
120.987 72.802 77.301 92.384
122.478 76.454 75.652 90.414
123.284 76.112 74.039 88.486
124.713 78.334 72.460 86.599
124.088 77.083 72.460 86.599
123.462 78.334 72.460 86.599
122.837 77.083 72.460 86.599
122.211 77.708 72.460 86.599
123.462 78.334 72.460 86.599
123.462 77.708 72.460 86.599
123.462 77.708 72.460 86.599
123.462 77.708 72.460 86.599
124.088 78.959 72.460 86.599
124.713 78.959 72.460 86.599
123.462 78.959 72.460 86.599
124.088 80.210 72.460 86.599
124.088 78.959 72.460 86.599
124.088 80.836 72.460 86.599
123.462 79.585 72.460 86.599
122.837 80.210 72.460 86.599
122.837 78.959 72.460 86.599
122.211 80.210 72.460 86.599
122.837 79.585 72.460 86.599
120.784 78.001 74.063 88.515
122.062 79.919 74.063 88.515
120.784 79.280 74.063 88.515
121.423 79.280 74.063 88.515
120.145 80.558 74.063 88.515
118.047 78.301 75.702 90.473
119.353 77.648 75.702 90.473
117.210 75.994 77.377 92.475
119.372 80.323 75.727 90.503
118.066 78.364 75.727 90.503
119.372 77.711 75.727 90.503
117.413 78.364 75.727 90.503
118.066 78.364 75.727 90.503
118.719 78.364 75.727 90.503
116.575 76.057 77.402 92.505
114.382 73.697 79.115 94.552
115.064 74.379 79.115 94.552
115.064 73.697 79.115 94.552
117.272 78.799 77.428 92.535
115.267 76.124 77.428 92.535
115.935 75.456 77.428 92.535
117.429 80.454 75.776 90.562
118.237 80.765 74.161 88.631
