134.000 55.000 60.000 88.000
134.000 55.000 60.000 88.000
134.000 55.000 60.000 88.000
134.000 54.420 60.000 88.000
134.000 55.000 60.000 88.000
133.420 54.420 60.000 88.000
134.000 55.000 60.000 88.000
134.000 55.000 60.000 88.000
134.000 55.000 60.000 88.000
134.000 55.000 60.000 88.000
134.000 55.000 60.000 88.000
134.000 55.580 60.000 88.000
135.161 56.161 60.000 88.000
137.482 56.741 60.000 88.000
138.063 56.741 60.000 88.000
138.063 56.741 60.000 88.000
136.322 56.741 60.000 88.000
132.259 56.161 60.000 88.000
125.875 57.322 60.000 88.000
116.588 57.322 60.000 88.000
111.365 57.322 60.000 88.000
106.141 57.902 60.000 88.000
98.596 56.741 60.000 88.000
91.051 57.322 60.000 88.000
84.667 61.384 60.000 88.000
81.765 64.286 60.000 88.000
80.024 67.188 60.000 88.000
80.604 71.831 60.000 88.000
81.765 74.733 60.000 88.000
83.506 79.376 60.000 88.000
85.827 83.439 60.000 88.000
89.310 85.761 60.000 88.000
90.968 84.207 61.328 89.947
95.705 85.983 61.328 89.947
102.811 89.536 61.328 89.947
113.470 87.168 61.328 89.947
121.168 89.536 61.328 89.947
132.332 86.765 62.684 91.937
134.668 86.960 64.071 93.971
140.864 90.058 64.071 93.971
147.060 93.156 64.071 93.971
152.017 96.254 64.071 93.971
156.885 95.834 65.489 96.050
157.518 92.667 65.489 96.050
157.518 93.934 65.489 96.050
160.594 92.871 66.938 98.175
156.712 93.518 66.938 98.175
159.853 91.785 68.419 100.348
155.889 87.160 68.419 100.348
157.210 88.481 68.419 100.348
154.636 83.604 66.960 98.208
155.930 81.016 66.960 98.208
155.283 81.016 66.960 98.208
155.283 80.369 66.960 98.208
154.636 79.075 66.960 98.208
153.342 78.428 66.960 98.208
148.165 75.839 66.960 98.208
141.695 73.898 66.960 98.208
135.224 70.663 66.960 98.208
128.820 69.769 65.532 96.113
122.487 70.402 65.532 96.113
114.887 71.036 65.532 96.113
100.954 71.036 65.532 96.113
94.620 70.402 65.532 96.113
89.554 70.402 65.532 96.113
91.454 71.036 65.532 96.113
93.987 71.036 65.532 96.113
91.454 71.669 65.532 96.113
95.887 71.669 65.532 96.113
100.954 72.936 65.532 96.113
106.654 73.569 65.532 96.113
120.495 71.872 66.982 98.240
125.025 72.519 66.982 98.240
125.672 71.225 66.982 98.240
128.907 71.225 66.982 98.240
132.696 70.138 68.464 100.413
136.009 69.476 68.464 100.413
139.986 70.138 68.464 100.413
141.974 70.138 68.464 100.413
139.390 72.535 67.004 98.272
141.237 73.389 68.486 100.446
143.888 76.702 68.486 100.446
148.528 82.004 68.486 100.446
145.281 85.726 67.026 98.304
146.575 87.667 67.026 98.304
142.693 88.315 67.026 98.304
138.164 89.609 67.026 98.304
131.046 88.315 67.026 98.304
124.575 90.256 67.026 98.304
119.399 90.903 67.026 98.304
116.164 87.020 67.026 98.304
110.987 78.609 67.026 98.304
107.752 70.844 67.026 98.304
113.575 68.256 67.026 98.304
117.458 68.903 67.026 98.304
121.987 68.903 67.026 98.304
121.340 68.903 67.026 98.304
127.811 67.609 67.026 98.304
131.761 68.657 65.596 96.208
136.893 69.683 64.197 94.156
141.866 69.683 64.197 94.156
146.839 68.440 64.197 94.156
148.082 68.440 64.197 94.156
146.839 69.061 64.197 94.156
152.433 74.655 64.197 94.156
148.082 75.898 64.197 94.156
144.974 76.520 64.197 94.156
143.109 75.277 64.197 94.156
136.893 74.034 64.197 94.156
129.435 74.655 64.197 94.156
123.219 77.142 64.197 94.156
118.868 79.628 64.197 94.156
115.760 83.979 64.197 94.156
115.139 86.465 64.197 94.156
117.625 88.951 64.197 94.156
120.733 90.816 64.197 94.156
126.390 94.306 62.828 92.148
132.468 93.698 62.828 92.148
137.939 95.522 62.828 92.148
141.586 93.698 62.828 92.148
144.625 91.875 62.828 92.148
143.409 86.404 62.828 92.148
144.017 81.542 62.828 92.148
144.687 78.269 61.489 90.183
142.905 73.516 61.489 90.183
142.905 71.140 61.489 90.183
144.687 68.169 61.489 90.183
147.064 65.793 61.489 90.183
147.064 65.793 61.489 90.183
147.064 64.604 61.489 90.183
144.093 63.416 61.489 90.183
142.311 63.416 61.489 90.183
138.746 62.822 61.489 90.183
134.587 62.822 61.489 90.183
123.954 64.378 60.177 88.260
111.143 62.048 60.177 88.260
106.484 59.137 60.177 88.260
98.913 57.972 60.177 88.260
91.259 63.401 61.509 90.213
91.259 68.154 61.509 90.213
92.448 71.125 61.509 90.213
94.230 72.907 61.509 90.213
96.012 72.907 61.509 90.213
101.867 72.503 62.870 92.209
114.632 74.327 62.870 92.209
122.534 75.543 62.870 92.209
131.044 76.151 62.870 92.209
136.514 74.935 62.870 92.209
138.338 74.935 62.870 92.209
140.769 74.327 62.870 92.209
139.553 72.503 62.870 92.209
140.832 70.447 61.529 90.242
143.208 68.665 61.529 90.242
143.802 68.071 61.529 90.242
143.208 68.071 61.529 90.242
141.426 68.071 61.529 90.242
139.049 67.477 61.529 90.242
132.514 66.289 61.529 90.242
123.602 66.289 61.529 90.242
113.502 65.100 61.529 90.242
109.343 64.506 61.529 90.242
101.620 62.724 61.529 90.242
92.708 62.130 61.529 90.242
86.173 67.477 61.529 90.242
82.014 74.012 61.529 90.242
81.420 78.765 61.529 90.242
83.202 84.706 61.529 90.242
86.173 88.271 61.529 90.242
90.926 90.647 61.529 90.242
98.649 94.212 61.529 90.242
109.343 95.400 61.529 90.242
114.096 93.618 61.529 90.242
124.110 93.808 62.890 92.239
132.620 93.200 62.890 92.239
137.482 91.984 62.890 92.239
142.953 88.337 62.890 92.239
145.992 84.082 62.890 92.239
147.816 83.475 62.890 92.239
147.816 82.867 62.890 92.239
147.816 79.828 62.890 92.239
149.031 74.357 62.890 92.239
150.855 71.318 62.890 92.239
153.894 70.102 62.890 92.239
153.286 69.494 62.890 92.239
153.286 69.494 62.890 92.239
150.247 69.494 62.890 92.239
147.816 69.494 62.890 92.239
142.345 68.279 62.890 92.239
136.875 66.455 62.890 92.239
133.898 66.223 61.549 90.272
130.927 65.629 61.549 90.272
123.798 65.629 61.549 90.272
114.292 65.629 61.549 90.272
107.076 62.848 62.911 92.269
102.276 63.832 61.569 90.302
93.931 62.639 61.569 90.302
87.374 61.447 61.569 90.302
83.798 63.236 61.569 90.302
80.817 68.600 61.569 90.302
81.413 72.177 61.569 90.302
82.606 73.965 61.569 90.302
83.202 76.945 61.569 90.302
85.586 78.734 61.569 90.302
89.759 79.330 61.569 90.302
94.527 78.734 61.569 90.302
107.641 78.137 61.569 90.302
112.410 79.330 61.569 90.302
121.351 79.926 61.569 90.302
129.100 78.734 61.569 90.302
135.060 78.137 61.569 90.302
138.637 79.330 61.569 90.302
142.213 81.118 61.569 90.302
142.810 82.906 61.569 90.302
142.810 82.310 61.569 90.302
141.617 78.734 61.569 90.302
142.810 73.369 61.569 90.302
144.002 73.369 61.569 90.302
146.386 74.561 61.569 90.302
146.982 75.157 61.569 90.302
144.002 75.157 61.569 90.302
140.425 74.561 61.569 90.302
134.464 73.965 61.569 90.302
127.908 72.773 61.569 90.302
121.947 73.369 61.569 90.302
114.794 72.773 61.569 90.302
109.429 72.773 61.569 90.302
104.064 71.581 61.569 90.302
98.700 70.985 61.569 90.302
95.123 70.985 61.569 90.302
94.527 70.388 61.569 90.302
94.527 69.196 61.569 90.302
95.123 69.792 61.569 90.302
98.104 69.196 61.569 90.302
102.872 69.196 61.569 90.302
108.833 69.792 61.569 90.302
111.813 70.388 61.569 90.302
118.370 69.792 61.569 90.302
127.311 69.196 61.569 90.302
132.080 68.004 61.569 90.302
136.253 68.004 61.569 90.302
140.425 69.196 61.569 90.302
142.213 69.792 61.569 90.302
144.002 72.177 61.569 90.302
143.406 78.734 61.569 90.302
147.578 87.675 61.569 90.302
147.578 91.847 61.569 90.302
144.002 94.232 61.569 90.302
142.213 90.059 61.569 90.302
137.445 93.039 61.569 90.302
124.246 94.425 62.931 92.299
110.266 95.640 62.931 92.299
105.403 93.209 62.931 92.299
101.148 90.170 62.931 92.299
102.364 84.091 62.931 92.299
98.717 79.229 62.931 92.299
99.324 76.797 62.931 92.299
96.893 74.974 62.931 92.299
98.717 72.542 62.931 92.299
95.070 71.327 62.931 92.299
96.285 68.895 62.931 92.299
98.109 68.288 62.931 92.299
102.364 68.288 62.931 92.299
107.226 67.072 62.931 92.299
114.521 66.464 62.931 92.299
118.775 65.856 62.931 92.299
127.956 63.193 61.589 90.331
132.725 62.597 61.589 90.331
135.705 61.405 61.589 90.331
139.878 61.405 61.589 90.331
141.070 61.405 61.589 90.331
142.858 62.597 61.589 90.331
145.243 62.597 61.589 90.331
147.091 63.560 60.276 88.405
146.509 62.396 60.276 88.405
147.674 61.231 60.276 88.405
150.003 61.231 60.276 88.405
149.421 61.231 60.276 88.405
150.003 60.066 60.276 88.405
147.091 58.319 60.276 88.405
143.015 59.484 60.276 88.405
138.938 58.902 60.276 88.405
136.609 58.319 60.276 88.405
131.950 58.902 60.276 88.405
119.138 59.484 60.276 88.405
109.821 60.649 60.276 88.405
103.997 61.813 60.276 88.405
95.262 60.066 60.276 88.405
90.021 57.737 60.276 88.405
85.944 58.319 60.276 88.405
82.450 57.737 60.276 88.405
83.033 58.319 60.276 88.405
81.201 56.176 61.610 90.361
81.797 57.965 61.610 90.361
81.201 57.965 61.610 90.361
82.393 58.561 61.610 90.361
87.223 58.928 60.296 88.434
93.046 58.928 60.296 88.434
105.276 60.093 60.296 88.434
120.417 59.511 60.296 88.434
130.899 58.928 60.296 88.434
134.976 57.181 60.296 88.434
140.799 57.763 60.296 88.434
145.458 59.511 60.296 88.434
147.205 64.169 60.296 88.434
148.952 74.652 60.296 88.434
151.282 81.058 60.296 88.434
152.446 93.869 60.296 88.434
151.864 100.858 60.296 88.434
148.952 103.769 60.296 88.434
139.052 106.681 60.296 88.434
134.976 107.263 60.296 88.434
121.060 112.283 59.010 86.548
109.077 110.571 59.010 86.548
95.383 110.001 59.010 86.548
87.966 105.436 59.010 86.548
82.748 97.631 60.316 88.463
79.836 91.808 60.316 88.463
79.254 81.908 60.316 88.463
79.254 75.502 60.316 88.463
79.751 73.359 61.650 90.420
85.116 70.378 61.650 90.420
89.885 68.590 61.650 90.420
95.846 68.590 61.650 90.420
113.728 70.378 61.650 90.420
128.034 70.974 61.650 90.420
136.975 70.378 61.650 90.420
143.532 70.378 61.650 90.420
150.685 70.378 61.650 90.420
152.473 70.974 61.650 90.420
153.069 73.359 61.650 90.420
152.473 79.915 61.650 90.420
155.453 87.664 61.650 90.420
153.665 91.241 61.650 90.420
147.108 94.221 61.650 90.420
143.593 96.378 60.335 88.492
134.858 95.795 60.335 88.492
124.958 97.542 60.335 88.492
118.613 97.904 59.049 86.605
111.195 99.045 59.049 86.605
107.772 95.621 59.049 86.605
103.778 91.056 59.049 86.605
101.495 84.780 59.049 86.605
103.124 77.545 60.355 88.521
105.462 75.793 60.355 88.521
106.630 72.871 60.355 88.521
110.136 72.287 60.355 88.521
119.485 69.365 60.355 88.521
128.250 69.365 60.355 88.521
135.846 67.612 60.355 88.521
140.437 66.049 61.690 90.479
145.206 67.837 61.690 90.479
145.802 68.433 61.690 90.479
147.590 73.798 61.690 90.479
146.398 77.970 61.690 90.479
142.821 79.162 61.690 90.479
138.649 78.566 61.690 90.479
133.198 78.757 63.055 92.481
127.622 78.344 64.450 94.527
115.775 77.721 64.450 94.527
106.332 74.804 65.876 96.619
93.587 72.893 65.876 96.619
87.852 71.618 65.876 96.619
85.303 70.344 65.876 96.619
85.211 70.549 67.334 98.756
85.862 74.455 67.334 98.756
87.815 77.059 67.334 98.756
89.117 77.059 67.334 98.756
93.674 77.710 67.334 98.756
96.929 77.710 67.334 98.756
102.137 77.710 67.334 98.756
117.760 78.361 67.334 98.756
126.874 79.012 67.334 98.756
132.800 79.414 65.898 96.650
137.963 79.807 64.493 94.589
141.081 79.184 64.493 94.589
144.199 78.560 64.493 94.589
140.458 75.443 64.493 94.589
143.575 71.701 64.493 94.589
145.446 70.454 64.493 94.589
144.263 72.086 63.117 92.572
143.043 72.086 63.117 92.572
138.775 70.257 63.117 92.572
134.506 68.428 63.117 92.572
128.408 69.037 63.117 92.572
113.773 69.037 63.117 92.572
102.186 67.208 63.117 92.572
94.932 66.975 61.771 90.598
91.942 65.779 61.771 90.598
88.354 65.779 61.771 90.598
84.167 66.975 61.771 90.598
82.373 69.966 61.771 90.598
82.886 71.356 63.138 92.603
86.545 73.185 63.138 92.603
89.594 76.234 63.138 92.603
95.082 78.673 63.138 92.603
103.009 81.722 63.138 92.603
116.336 81.917 64.535 94.651
123.195 80.670 64.535 94.651
132.548 80.670 64.535 94.651
140.031 81.294 64.535 94.651
146.799 80.870 65.963 96.746
150.530 79.163 67.422 98.886
154.436 79.814 67.422 98.886
154.436 81.116 67.422 98.886
155.643 79.371 68.914 101.074
153.044 78.449 67.444 98.918
149.127 75.837 67.444 98.918
144.556 72.572 67.444 98.918
139.333 67.349 67.444 98.918
135.481 65.139 66.006 96.809
131.087 63.622 64.599 94.744
126.709 62.996 64.599 94.744
113.573 62.371 64.599 94.744
104.191 62.371 64.599 94.744
97.311 59.869 64.599 94.744
91.681 58.618 64.599 94.744
89.179 59.869 64.599 94.744
89.179 62.996 64.599 94.744
90.430 66.124 64.599 94.744
93.558 70.502 64.599 94.744
97.311 72.379 64.599 94.744
98.562 73.630 64.599 94.744
106.067 75.506 64.599 94.744
119.203 77.383 64.599 94.744
125.458 78.634 64.599 94.744
134.214 76.132 64.599 94.744
137.342 76.757 64.599 94.744
142.346 76.757 64.599 94.744
152.979 77.383 64.599 94.744
155.481 78.008 64.599 94.744
154.856 78.008 64.599 94.744
152.354 74.255 64.599 94.744
154.856 73.004 64.599 94.744
153.605 69.877 64.599 94.744
156.107 68.000 64.599 94.744
154.230 65.498 64.599 94.744
153.605 62.996 64.599 94.744
152.979 60.494 64.599 94.744
153.668 60.254 63.221 92.724
153.668 59.030 63.221 92.724
154.280 60.865 63.221 92.724
153.056 60.254 63.221 92.724
149.386 57.195 63.221 92.724
148.774 54.748 63.221 92.724
149.386 55.971 63.221 92.724
150.060 56.960 61.873 90.747
148.864 56.362 61.873 90.747
149.462 55.166 61.873 90.747
148.266 55.166 61.873 90.747
149.523 54.937 60.553 88.811
150.110 54.351 60.553 88.811
149.523 55.524 60.553 88.811
150.110 56.110 60.553 88.811
148.937 56.696 60.553 88.811
150.110 56.110 60.553 88.811
148.937 56.110 60.553 88.811
148.937 56.110 60.553 88.811
150.110 54.937 60.553 88.811
150.110 54.351 60.553 88.811
148.937 54.351 60.553 88.811
150.696 55.524 60.553 88.811
151.282 54.937 60.553 88.811
150.110 54.937 60.553 88.811
150.696 54.937 60.553 88.811
150.696 54.937 60.553 88.811
151.282 54.937 60.553 88.811
150.696 54.937 60.553 88.811
151.282 54.937 60.553 88.811
150.110 54.937 60.553 88.811
149.523 53.765 60.553 88.811
151.282 53.765 60.553 88.811
150.696 54.351 60.553 88.811
150.110 54.937 60.553 88.811
149.523 54.937 60.553 88.811
151.282 55.524 60.553 88.811
150.110 55.524 60.553 88.811
