405.000 256.000 122.000 148.000
406.061 253.878 122.000 148.000
408.182 253.878 122.000 148.000
411.365 250.696 122.000 148.000
415.608 245.392 122.000 148.000
418.790 241.149 122.000 148.000
421.973 236.906 122.000 148.000
424.094 231.602 122.000 148.000
423.033 226.298 122.000 148.000
417.729 220.994 122.000 148.000
410.304 217.812 122.000 148.000
400.757 211.447 122.000 148.000
395.453 200.839 122.000 148.000
388.027 191.292 122.000 148.000
376.359 185.988 122.000 148.000
366.812 183.867 122.000 148.000
358.325 181.745 122.000 148.000
349.839 179.624 122.000 148.000
343.475 181.745 122.000 148.000
338.171 182.806 122.000 148.000
332.867 182.806 122.000 148.000
327.563 182.806 122.000 148.000
324.380 183.867 122.000 148.000
321.198 183.867 122.000 148.000
313.773 181.745 122.000 148.000
306.347 180.684 122.000 148.000
299.982 177.502 122.000 148.000
293.618 173.259 122.000 148.000
280.888 167.955 122.000 148.000
274.524 162.651 122.000 148.000
270.280 157.347 122.000 148.000
268.159 144.618 122.000 148.000
267.098 131.888 122.000 148.000
267.098 121.280 122.000 148.000
270.280 108.551 122.000 148.000
276.645 97.943 122.000 148.000
283.010 89.457 122.000 148.000
287.253 79.910 122.000 148.000
294.678 69.302 122.000 148.000
303.165 59.755 122.000 148.000
306.347 56.573 122.000 148.000
306.347 57.633 122.000 148.000
305.286 58.694 122.000 148.000
303.165 61.876 122.000 148.000
299.982 66.120 122.000 148.000
297.861 70.363 122.000 148.000
294.678 74.606 122.000 148.000
288.314 79.910 122.000 148.000
283.010 84.153 122.000 148.000
276.885 87.853 119.398 144.844
269.611 92.009 119.398 144.844
260.258 96.166 119.398 144.844
258.413 99.789 116.852 141.755
255.360 103.860 116.852 141.755
253.325 106.913 116.852 141.755
252.307 108.948 116.852 141.755
253.553 109.442 114.360 138.732
251.561 109.442 114.360 138.732
249.569 107.450 114.360 138.732
248.573 108.446 114.360 138.732
247.577 108.446 114.360 138.732
247.577 110.438 114.360 138.732
246.581 111.434 114.360 138.732
245.585 109.442 114.360 138.732
245.585 107.450 114.360 138.732
247.577 103.465 114.360 138.732
249.569 100.477 114.360 138.732
250.565 98.485 114.360 138.732
251.561 96.493 114.360 138.732
251.561 93.505 114.360 138.732
251.561 91.512 114.360 138.732
251.561 89.520 114.360 138.732
251.561 88.524 114.360 138.732
251.561 87.528 114.360 138.732
252.557 88.524 114.360 138.732
253.553 87.528 114.360 138.732
254.549 87.528 114.360 138.732
255.545 86.532 114.360 138.732
256.541 86.532 114.360 138.732
257.538 86.532 114.360 138.732
259.530 86.532 114.360 138.732
261.522 86.532 114.360 138.732
265.506 86.532 114.360 138.732
269.490 85.536 114.360 138.732
277.682 85.023 111.921 135.774
285.478 87.947 111.921 135.774
291.326 86.972 111.921 135.774
296.198 87.947 111.921 135.774
301.071 86.972 111.921 135.774
305.943 85.023 111.921 135.774
308.867 83.074 111.921 135.774
311.790 80.150 111.921 135.774
314.714 77.227 111.921 135.774
315.688 73.329 111.921 135.774
316.663 71.380 111.921 135.774
316.663 68.456 111.921 135.774
317.637 69.431 111.921 135.774
320.561 69.431 111.921 135.774
322.510 70.405 111.921 135.774
325.433 73.329 111.921 135.774
327.382 76.252 111.921 135.774
325.433 80.150 111.921 135.774
322.510 85.998 111.921 135.774
320.561 92.819 111.921 135.774
315.688 99.641 111.921 135.774
308.867 107.437 111.921 135.774
301.071 120.105 111.921 135.774
295.224 132.774 111.921 135.774
289.377 142.519 111.921 135.774
283.529 152.264 111.921 135.774
277.682 161.035 111.921 135.774
272.810 169.805 111.921 135.774
267.937 178.576 111.921 135.774
260.141 187.347 111.921 135.774
251.371 195.143 111.921 135.774
243.575 202.939 111.921 135.774
235.778 209.760 111.921 135.774
228.957 216.582 111.921 135.774
224.084 223.403 111.921 135.774
221.161 228.276 111.921 135.774
218.237 233.149 111.921 135.774
216.288 235.098 111.921 135.774
216.288 235.098 111.921 135.774
217.974 232.621 114.398 138.778
223.950 231.625 114.398 138.778
227.934 232.621 114.398 138.778
231.919 234.613 114.398 138.778
236.899 235.609 114.398 138.778
245.864 235.609 114.398 138.778
254.829 238.598 114.398 138.778
263.793 242.582 114.398 138.778
272.758 246.566 114.398 138.778
281.723 249.554 114.398 138.778
290.687 251.547 114.398 138.778
299.652 252.543 114.398 138.778
307.621 249.554 114.398 138.778
314.593 242.582 114.398 138.778
321.566 236.605 114.398 138.778
327.542 232.621 114.398 138.778
327.273 226.105 116.929 141.848
322.926 217.413 119.516 144.986
319.809 212.217 119.516 144.986
316.691 207.021 119.516 144.986
306.299 201.824 119.516 144.986
293.828 198.707 119.516 144.986
282.397 195.589 119.516 144.986
272.005 192.472 119.516 144.986
258.495 189.354 119.516 144.986
242.907 186.236 119.516 144.986
228.358 184.158 119.516 144.986
215.887 181.040 119.516 144.986
204.456 175.844 119.516 144.986
185.750 170.648 119.516 144.986
173.279 167.530 119.516 144.986
163.926 163.373 119.516 144.986
162.887 157.138 119.516 144.986
166.005 149.864 119.516 144.986
167.044 142.589 119.516 144.986
167.044 140.511 119.516 144.986
168.083 139.472 119.516 144.986
172.240 138.432 119.516 144.986
176.397 135.315 119.516 144.986
179.515 133.236 119.516 144.986
184.711 130.119 119.516 144.986
187.828 127.001 119.516 144.986
189.907 125.962 119.516 144.986
190.946 123.883 119.516 144.986
191.985 122.844 119.516 144.986
193.024 122.844 119.516 144.986
194.064 123.883 119.516 144.986
196.142 124.922 119.516 144.986
201.338 127.001 119.516 144.986
208.613 133.236 119.516 144.986
212.770 138.432 119.516 144.986
217.966 143.628 119.516 144.986
225.240 145.707 119.516 144.986
232.515 148.824 119.516 144.986
235.632 148.824 119.516 144.986
238.750 147.785 119.516 144.986
240.828 145.707 119.516 144.986
241.868 142.589 119.516 144.986
239.789 138.432 119.516 144.986
237.711 132.197 119.516 144.986
235.632 124.922 119.516 144.986
234.593 115.570 119.516 144.986
235.632 104.138 119.516 144.986
235.632 92.707 119.516 144.986
236.672 82.315 119.516 144.986
235.632 71.922 119.516 144.986
234.593 61.530 119.516 144.986
234.593 50.099 119.516 144.986
235.632 41.785 119.516 144.986
242.907 35.550 119.516 144.986
258.495 31.393 119.516 144.986
272.005 32.432 119.516 144.986
288.867 39.174 116.967 141.894
300.062 45.280 116.967 141.894
314.538 52.899 114.473 138.869
329.704 61.352 112.032 135.907
342.592 66.699 109.642 133.009
352.142 72.429 109.642 133.009
360.736 78.158 109.642 133.009
366.465 83.888 109.642 133.009
373.149 90.572 109.642 133.009
376.969 96.301 109.642 133.009
380.789 102.986 109.642 133.009
380.789 111.580 109.642 133.009
379.834 119.219 109.642 133.009
376.014 125.903 109.642 133.009
365.510 133.543 109.642 133.009
355.961 139.272 109.642 133.009
346.412 142.137 109.642 133.009
336.863 145.001 109.642 133.009
327.314 147.866 109.642 133.009
320.630 149.776 109.642 133.009
312.991 150.731 109.642 133.009
303.442 153.596 109.642 133.009
292.938 156.460 109.642 133.009
281.479 159.325 109.642 133.009
271.189 160.743 107.304 130.172
261.856 162.610 107.304 130.172
250.656 161.677 107.304 130.172
240.389 162.610 107.304 130.172
231.056 166.343 107.304 130.172
220.789 171.010 107.304 130.172
207.722 176.610 107.304 130.172
196.522 184.077 107.304 130.172
187.189 189.677 107.304 130.172
179.722 196.210 107.304 130.172
171.533 204.131 105.016 127.396
160.568 211.441 105.016 127.396
149.604 216.923 105.016 127.396
139.553 220.578 105.016 127.396
133.157 222.406 105.016 127.396
129.502 223.319 105.016 127.396
124.019 223.319 105.016 127.396
120.365 223.319 105.016 127.396
119.451 222.406 105.016 127.396
118.537 218.751 105.016 127.396
119.451 215.096 105.016 127.396
121.278 212.355 105.016 127.396
124.019 209.614 105.016 127.396
126.761 210.527 105.016 127.396
131.329 209.614 105.016 127.396
137.725 209.614 105.016 127.396
145.035 209.614 105.016 127.396
149.604 209.614 105.016 127.396
154.172 208.700 105.016 127.396
159.655 209.614 105.016 127.396
163.310 211.441 105.016 127.396
166.051 215.096 105.016 127.396
166.965 219.665 105.016 127.396
167.878 220.578 105.016 127.396
168.792 222.406 105.016 127.396
166.717 222.824 107.339 130.215
165.529 223.250 109.714 133.096
166.484 221.340 109.714 133.096
166.225 222.733 112.142 136.041
164.008 220.251 114.623 139.051
162.740 220.709 117.159 142.127
162.740 218.670 117.159 142.127
165.799 217.650 117.159 142.127
167.838 215.611 117.159 142.127
167.562 213.019 119.751 145.272
170.691 208.846 119.751 145.272
170.410 204.110 122.401 148.486
172.539 198.786 122.401 148.486
173.604 192.398 122.401 148.486
173.604 187.075 122.401 148.486
174.379 182.238 125.109 151.771
178.732 175.709 125.109 151.771
179.524 170.765 127.877 155.129
180.337 164.594 130.706 158.561
182.612 158.908 130.706 158.561
189.435 153.221 130.706 158.561
197.396 147.535 130.706 158.561
204.220 144.123 130.706 158.561
208.769 139.574 130.706 158.561
214.455 140.711 130.706 158.561
220.141 138.437 130.706 158.561
223.553 138.437 130.706 158.561
228.102 137.300 130.706 158.561
231.514 137.300 130.706 158.561
232.651 138.437 130.706 158.561
230.376 138.437 130.706 158.561
231.514 138.437 130.706 158.561
233.788 136.162 130.706 158.561
234.925 136.162 130.706 158.561
234.925 136.162 130.706 158.561
236.063 137.300 130.706 158.561
237.200 138.437 130.706 158.561
238.337 138.437 130.706 158.561
239.474 137.300 130.706 158.561
236.063 138.437 130.706 158.561
230.376 138.437 130.706 158.561
225.827 138.437 130.706 158.561
222.416 138.437 130.706 158.561
224.690 137.300 130.706 158.561
223.553 140.711 130.706 158.561
223.553 146.398 130.706 158.561
222.416 152.084 130.706 158.561
223.553 155.496 130.706 158.561
224.690 157.770 130.706 158.561
226.965 160.045 130.706 158.561
231.514 163.457 130.706 158.561
234.925 166.868 130.706 158.561
237.200 170.280 130.706 158.561
241.749 173.692 130.706 158.561
242.886 174.829 130.706 158.561
245.161 171.417 130.706 158.561
249.710 171.417 130.706 158.561
247.435 168.006 130.706 158.561
250.538 169.663 133.598 162.070
245.572 164.382 136.554 165.655
245.250 161.361 139.575 169.320
248.568 154.625 142.663 173.067
258.498 149.661 142.663 173.067
264.367 153.952 145.820 176.896
266.559 151.995 149.046 180.810
267.507 151.293 152.343 184.810
275.100 151.900 155.714 188.899
284.584 155.964 155.714 188.899
288.281 163.359 159.159 193.078
286.520 169.529 162.681 197.350
289.352 176.607 162.681 197.350
288.968 177.255 166.280 201.717
287.128 179.365 169.959 206.180
280.813 181.520 173.719 210.741
275.868 183.724 177.563 215.404
269.687 185.269 177.563 215.404
266.597 186.814 177.563 215.404
265.052 185.269 177.563 215.404
263.507 186.814 177.563 215.404
265.052 186.814 177.563 215.404
265.052 180.633 177.563 215.404
265.052 175.998 177.563 215.404
268.142 171.363 177.563 215.404
271.232 163.637 177.563 215.404
271.232 162.092 177.563 215.404
272.777 159.002 177.563 215.404
274.323 152.822 177.563 215.404
275.868 149.731 177.563 215.404
275.868 145.096 177.563 215.404
272.777 140.461 177.563 215.404
266.597 134.280 177.563 215.404
260.417 129.645 177.563 215.404
257.326 123.465 177.563 215.404
255.781 117.284 177.563 215.404
257.326 118.829 177.563 215.404
258.872 111.104 177.563 215.404
260.417 115.739 177.563 215.404
261.962 114.194 177.563 215.404
265.052 117.284 177.563 215.404
265.052 121.920 177.563 215.404
265.052 126.555 177.563 215.404
265.052 134.280 177.563 215.404
266.597 143.551 177.563 215.404
265.052 152.822 177.563 215.404
260.417 159.002 177.563 215.404
254.236 165.182 177.563 215.404
240.330 171.363 177.563 215.404
217.154 177.543 177.563 215.404
195.523 172.908 177.563 215.404
180.420 182.930 173.776 210.810
168.667 176.107 170.070 206.315
166.039 181.268 166.443 201.915
154.773 171.829 162.894 197.609
146.267 174.664 162.894 197.609
142.014 170.411 162.894 197.609
140.915 165.430 159.420 193.395
138.450 166.104 156.021 189.271
133.023 166.104 156.021 189.271
131.666 164.747 156.021 189.271
131.973 158.624 152.693 185.235
124.295 151.293 149.437 181.284
116.495 142.193 149.437 181.284
118.089 138.926 146.250 177.418
115.543 130.018 146.250 177.418
114.271 136.381 146.250 177.418
116.816 127.473 146.250 177.418
119.361 119.838 146.250 177.418
120.288 105.150 149.486 181.344
125.135 105.744 152.794 185.356
135.770 96.438 152.794 185.356
147.735 96.438 152.794 185.356
161.029 92.449 152.794 185.356
172.993 93.779 152.794 185.356
185.927 97.046 156.174 189.457
199.146 99.027 159.629 193.649
215.828 104.587 159.629 193.649
231.121 110.148 159.629 193.649
190.805 115.709 159.629 193.649
178.605 108.042 156.225 189.519
186.758 110.760 156.225 189.519
194.911 108.042 156.225 189.519
204.423 109.401 156.225 189.519
212.883 108.704 152.894 185.478
222.202 107.373 152.894 185.478
231.522 110.036 152.894 185.478
240.841 112.698 152.894 185.478
247.498 110.036 152.894 185.478
260.812 111.367 152.894 185.478
271.762 112.013 149.633 181.522
279.574 112.013 149.633 181.522
291.585 110.043 146.442 177.651
300.506 108.768 146.442 177.651
306.879 106.219 146.442 177.651
309.082 101.705 149.682 181.582
311.332 95.791 152.994 185.599
310.001 91.796 152.994 185.599
305.646 88.412 156.379 189.706
271.626 88.412 156.379 189.706
272.987 87.051 156.379 189.706
275.709 89.773 156.379 189.706
419.952 115.628 156.379 189.706
417.230 111.545 156.379 189.706
415.869 115.628 156.379 189.706
411.787 108.824 156.379 189.706
409.372 113.568 153.044 185.660
397.390 114.899 153.044 185.660
393.396 113.568 153.044 185.660
388.070 116.231 153.044 185.660
381.714 112.885 149.780 181.701
376.791 117.430 146.586 177.826
369.132 118.707 146.586 177.826
362.750 121.260 146.586 177.826
351.262 125.089 146.586 177.826
346.156 130.195 146.586 177.826
337.507 126.985 143.460 174.034
336.258 135.728 143.460 174.034
328.764 139.475 143.460 174.034
320.301 146.327 140.401 170.323
323.966 154.878 140.401 170.323
311.750 152.435 140.401 170.323
314.194 159.764 140.401 170.323
297.092 148.770 140.401 170.323
300.756 152.435 140.401 170.323
284.876 143.884 140.401 170.323
291.259 153.029 137.407 166.690
278.102 144.657 137.407 166.690
281.691 150.637 137.407 166.690
271.195 140.454 134.477 163.136
273.536 147.477 134.477 163.136
264.435 141.023 131.609 159.657
266.983 139.290 128.802 156.252
266.983 138.168 128.802 156.252
263.618 132.560 128.802 156.252
261.375 138.168 128.802 156.252
260.254 142.654 128.802 156.252
260.254 139.290 128.802 156.252
261.375 135.925 128.802 156.252
262.497 143.776 128.802 156.252
266.983 151.627 128.802 156.252
271.469 148.262 128.802 156.252
272.591 144.898 128.802 156.252
273.713 138.168 128.802 156.252
271.469 125.831 128.802 156.252
275.086 129.740 126.056 152.920
281.662 135.220 126.056 152.920
284.951 126.452 126.056 152.920
288.239 129.740 126.056 152.920
289.583 122.602 123.367 149.659
288.749 124.198 120.737 146.467
286.647 126.300 120.737 146.467
284.545 129.453 120.737 146.467
283.494 131.555 120.737 146.467
278.476 125.759 118.162 143.344
271.004 130.338 120.776 146.515
264.413 133.972 123.448 149.757
265.488 161.910 123.448 149.757
261.190 172.655 123.448 149.757
257.966 170.506 123.448 149.757
254.743 168.357 123.448 149.757
250.444 167.282 123.448 149.757
245.072 165.133 123.448 149.757
242.923 174.804 123.448 149.757
241.848 178.027 123.448 149.757
241.848 180.176 123.448 149.757
242.923 183.400 123.448 149.757
245.072 182.325 123.448 149.757
249.370 187.698 123.448 149.757
252.593 185.549 123.448 149.757
257.966 184.474 123.448 149.757
264.413 190.922 123.448 149.757
268.711 189.847 123.448 149.757
273.009 187.698 123.448 149.757
278.382 185.549 123.448 149.757
282.680 182.325 123.448 149.757
285.903 178.027 123.448 149.757
282.389 175.296 126.180 153.070
281.291 177.492 126.180 153.070
281.291 173.100 126.180 153.070
280.193 174.198 126.180 153.070
279.095 176.394 126.180 153.070
275.800 182.982 126.180 153.070
272.506 185.179 126.180 153.070
262.624 187.375 126.180 153.070
256.036 191.767 126.180 153.070
248.349 196.159 126.180 153.070
242.859 199.453 126.180 153.070
239.565 202.747 126.180 153.070
235.173 207.139 126.180 153.070
230.781 209.335 126.180 153.070
226.389 210.433 126.180 153.070
224.193 215.924 126.180 153.070
221.996 221.414 126.180 153.070
225.538 218.654 123.489 149.806
224.463 222.952 123.489 149.806
222.314 226.175 123.489 149.806
221.240 221.877 123.489 149.806
220.165 226.175 123.489 149.806
218.016 224.026 123.489 149.806
217.184 228.847 120.855 146.611
215.082 229.898 120.855 146.611
212.980 229.898 120.855 146.611
210.878 229.898 120.855 146.611
212.167 226.207 118.278 143.485
214.457 228.766 115.756 140.425
213.450 229.774 115.756 140.425
212.442 231.789 115.756 140.425
252.982 335.079 113.287 137.430
249.037 343.955 113.287 137.430
252.982 337.051 113.287 137.430
251.996 344.942 113.287 137.430
260.107 340.489 110.871 134.500
265.148 348.676 108.507 131.631
261.368 343.951 108.507 131.631
266.094 348.676 108.507 131.631
270.819 343.951 108.507 131.631
263.258 348.676 108.507 131.631
268.929 342.061 108.507 131.631
271.764 348.676 108.507 131.631
264.415 344.409 106.193 128.824
269.242 350.401 103.928 126.077
267.638 348.129 101.712 123.389
269.607 352.982 99.543 120.757
262.674 348.649 99.543 120.757
259.207 355.582 99.543 120.757
254.874 349.516 99.543 120.757
249.674 355.582 99.543 120.757
243.607 348.649 99.543 120.757
246.402 349.070 97.420 118.182
238.778 349.917 97.420 118.182
235.390 349.070 97.420 118.182
228.383 345.221 99.576 120.797
228.383 342.621 99.576 120.797
224.916 342.621 99.576 120.797
224.916 344.355 99.576 120.797
225.783 341.755 99.576 120.797
226.649 343.488 99.576 120.797
229.249 341.755 99.576 120.797
229.444 341.309 97.452 118.221
231.142 340.460 97.452 118.221
233.031 340.872 95.374 115.700
234.877 342.105 93.340 113.232
234.877 340.482 93.340 113.232
233.253 337.235 93.340 113.232
233.253 336.423 93.340 113.232
234.249 333.572 91.350 110.818
235.043 334.366 91.350 110.818
234.249 334.366 91.350 110.818
235.043 335.954 91.350 110.818
232.660 336.748 91.350 110.818
232.660 339.925 91.350 110.818
233.455 342.307 91.350 110.818
234.249 345.483 91.350 110.818
235.837 347.866 91.350 110.818
236.631 351.836 91.350 110.818
239.013 353.425 91.350 110.818
240.602 355.013 91.350 110.818
242.190 356.601 91.350 110.818
242.984 355.807 91.350 110.818
242.984 355.807 91.350 110.818
242.190 357.395 91.350 110.818
241.396 358.189 91.350 110.818
241.396 360.572 91.350 110.818
240.782 360.165 89.402 108.454
240.003 364.836 89.402 108.454
239.225 369.506 89.402 108.454
237.668 371.063 89.402 108.454
236.111 371.841 89.402 108.454
237.064 371.441 87.495 106.142
234.575 374.071 89.431 108.490
234.750 372.892 87.524 106.176
234.162 374.785 85.657 103.912
234.162 374.785 85.657 103.912
234.162 374.785 85.657 103.912
232.671 373.295 85.657 103.912
230.436 374.040 85.657 103.912
230.436 375.530 85.657 103.912
228.201 373.295 85.657 103.912
225.965 374.040 85.657 103.912
226.711 374.785 85.657 103.912
225.220 374.040 85.657 103.912
221.292 374.381 87.552 106.211
222.055 375.143 87.552 106.211
220.530 374.381 87.552 106.211
219.004 375.143 87.552 106.211
217.479 373.618 87.552 106.211
215.953 374.381 87.552 106.211
214.428 375.143 87.552 106.211
212.902 375.906 87.552 106.211
211.377 376.669 87.552 106.211
212.902 377.432 87.552 106.211
222.055 378.194 87.552 106.211
231.002 378.545 89.490 108.561
241.900 378.545 89.490 108.561
249.685 380.102 89.490 108.561
258.247 382.437 89.490 108.561
267.589 384.772 89.490 108.561
275.373 384.772 89.490 108.561
280.043 385.551 89.490 108.561
280.043 387.886 89.490 108.561
279.441 388.265 87.581 106.246
278.086 387.110 85.713 103.980
270.059 385.983 83.886 101.763
271.518 356.077 83.886 101.763
269.330 343.677 83.886 101.763
273.706 335.654 83.886 101.763
273.706 338.571 83.886 101.763
277.353 339.301 83.886 101.763
285.377 332.736 83.886 101.763
264.224 337.113 83.886 101.763
271.518 340.030 83.886 101.763
283.918 345.866 83.886 101.763
297.777 358.266 83.886 101.763
312.530 364.457 82.097 99.593
323.950 371.594 82.097 99.593
332.676 376.224 80.346 97.469
337.733 382.864 78.633 95.390
337.733 384.232 78.633 95.390
337.733 389.022 78.633 95.390
334.995 389.707 78.633 95.390
329.521 392.444 78.633 95.390
324.731 396.550 78.633 95.390
319.941 388.338 78.633 95.390
315.150 376.021 78.633 95.390
296.674 368.493 78.633 95.390
289.831 363.703 78.633 95.390
273.407 368.493 78.633 95.390
267.248 365.756 78.633 95.390
258.352 364.387 78.633 95.390
257.822 364.720 76.956 93.356
259.313 370.410 75.315 91.365
259.313 373.029 75.315 91.365
250.293 347.807 73.709 89.417
256.063 350.372 73.709 89.417
264.399 352.937 73.709 89.417
272.093 354.860 73.709 89.417
279.787 356.143 73.709 89.417
285.558 352.937 73.709 89.417
291.969 349.090 73.709 89.417
297.099 344.601 73.709 89.417
302.869 340.113 73.709 89.417
307.999 336.266 73.709 89.417
311.205 329.854 73.709 89.417
313.769 324.725 73.709 89.417
323.387 327.290 73.709 89.417
331.722 332.419 73.709 89.417
340.058 339.472 73.709 89.417
341.340 347.166 73.709 89.417
342.622 359.348 73.709 89.417
345.187 371.531 73.709 89.417
354.805 375.378 73.709 89.417
347.110 378.584 73.709 89.417
338.134 379.225 73.709 89.417
331.722 373.454 73.709 89.417
327.234 367.684 73.709 89.417
319.540 368.966 73.709 89.417
319.540 369.607 73.709 89.417
327.234 376.019 73.709 89.417
335.395 384.647 75.339 91.395
337.360 393.816 75.339 91.395
324.738 358.750 77.006 93.417
322.726 354.056 77.006 93.417
316.691 348.021 77.006 93.417
316.510 352.352 78.710 95.484
317.692 349.927 80.451 97.597
315.402 315.947 82.231 99.756
310.392 303.781 82.231 99.756
334.010 238.653 82.231 99.756
326.659 223.236 84.051 101.963
319.878 211.137 85.910 104.219
318.928 201.020 87.811 106.525
317.956 192.194 89.754 108.882
315.403 184.747 91.740 111.291
308.003 175.535 93.770 113.753
301.256 163.673 95.844 116.270
301.029 152.387 97.965 118.842
303.357 139.984 100.132 121.472
305.732 131.675 102.348 124.159
303.710 132.972 104.612 126.906
301.643 137.027 106.927 129.714
299.528 143.043 109.292 132.584
295.466 149.184 111.710 135.518
292.285 154.493 114.182 138.516
294.999 156.937 116.708 141.581
301.833 155.371 119.291 144.713
305.700 154.807 121.930 147.915
307.533 155.293 124.628 151.187
314.039 153.124 124.628 151.187
309.702 150.955 124.628 151.187
298.564 150.367 127.385 154.533
292.724 148.658 130.203 157.952
291.283 148.044 133.084 161.446
288.966 143.408 133.084 161.446
284.331 141.091 133.084 161.446
