310.000 102.000 39.000 50.000
308.604 100.255 39.000 50.000
307.906 99.557 39.000 50.000
306.859 97.812 39.000 50.000
305.463 96.765 39.000 50.000
303.369 95.369 39.000 50.000
302.671 95.718 39.000 50.000
302.737 94.157 38.168 48.934
299.992 92.098 38.168 48.934
299.306 91.412 38.168 48.934
298.620 90.382 38.168 48.934
296.904 90.039 38.168 48.934
296.218 88.666 38.168 48.934
295.875 88.666 38.168 48.934
294.502 87.294 38.168 48.934
293.473 86.265 38.168 48.934
292.443 85.578 38.168 48.934
291.414 84.892 38.168 48.934
291.414 84.549 38.168 48.934
291.071 83.863 38.168 48.934
289.355 83.519 38.168 48.934
289.012 82.490 38.168 48.934
287.703 82.325 37.354 47.890
287.368 83.331 37.354 47.890
285.691 82.996 37.354 47.890
285.356 82.661 37.354 47.890
283.344 81.990 37.354 47.890
281.668 82.325 37.354 47.890
281.333 82.996 37.354 47.890
278.315 82.325 37.354 47.890
277.644 81.990 37.354 47.890
274.962 80.984 37.354 47.890
271.944 80.649 37.354 47.890
270.939 80.314 37.354 47.890
269.262 81.320 37.354 47.890
267.250 80.984 37.354 47.890
266.244 79.978 37.354 47.890
264.903 81.320 37.354 47.890
262.221 81.320 37.354 47.890
261.886 81.990 37.354 47.890
259.539 82.325 37.354 47.890
258.533 83.667 37.354 47.890
257.527 82.661 37.354 47.890
255.850 83.667 37.354 47.890
254.174 84.002 37.354 47.890
252.497 85.008 37.354 47.890
251.827 85.343 37.354 47.890
250.486 84.673 37.354 47.890
249.737 84.143 38.181 48.950
250.080 84.829 38.181 48.950
250.766 84.143 38.181 48.950
250.423 82.427 38.181 48.950
251.453 81.055 38.181 48.950
253.512 78.653 38.181 48.950
254.884 78.309 38.181 48.950
257.972 74.535 38.181 48.950
260.031 71.790 38.181 48.950
263.806 69.045 38.181 48.950
267.580 64.927 38.181 48.950
269.982 64.241 38.181 48.950
273.757 60.466 38.181 48.950
276.502 58.751 38.181 48.950
280.340 55.841 37.367 47.906
284.028 54.500 37.367 47.906
286.711 53.494 37.367 47.906
289.315 51.623 38.193 48.966
292.060 50.594 38.193 48.966
294.462 49.907 38.193 48.966
297.207 48.192 38.193 48.966
299.609 47.505 38.193 48.966
302.354 45.790 38.193 48.966
304.756 45.446 38.193 48.966
306.815 43.388 38.193 48.966
309.217 42.015 38.193 48.966
312.648 41.672 38.193 48.966
315.050 40.643 38.193 48.966
316.766 38.927 38.193 48.966
317.452 38.241 38.193 48.966
316.080 36.182 38.193 48.966
318.825 34.466 38.193 48.966
321.291 33.616 37.379 47.922
321.962 32.274 37.379 47.922
320.285 31.939 37.379 47.922
323.366 29.768 36.582 46.900
321.401 28.458 36.582 46.900
323.366 29.113 36.582 46.900
321.074 27.803 36.582 46.900
319.687 26.302 37.391 47.937
321.363 27.308 37.391 47.937
319.016 27.308 37.391 47.937
320.022 28.314 37.391 47.937
318.010 28.649 37.391 47.937
320.022 27.978 37.391 47.937
317.340 28.984 37.391 47.937
315.999 29.655 37.391 47.937
314.322 29.990 37.391 47.937
312.646 30.661 37.391 47.937
311.640 32.002 37.391 47.937
309.963 33.678 37.391 47.937
309.356 35.866 36.594 46.915
309.684 37.831 36.594 46.915
310.338 39.141 36.594 46.915
309.356 40.450 36.594 46.915
307.391 41.760 36.594 46.915
304.444 43.725 36.594 46.915
300.765 42.223 37.403 47.953
296.998 42.699 38.231 49.014
335.773 17.307 38.231 49.014
332.341 15.591 38.231 49.014
330.283 14.218 38.231 49.014
323.077 11.817 38.231 49.014
368.714 21.081 38.231 49.014
362.194 21.424 38.231 49.014
359.792 22.111 38.231 49.014
353.273 22.797 38.231 49.014
351.557 24.513 38.231 49.014
344.351 25.199 38.231 49.014
342.700 24.692 37.416 47.969
338.676 27.039 37.416 47.969
335.994 27.039 37.416 47.969
327.947 25.698 37.416 47.969
324.851 27.850 38.243 49.030
321.683 27.994 39.090 50.115
316.769 24.835 39.090 50.115
312.908 23.431 39.090 50.115
304.134 24.835 39.090 50.115
300.339 24.667 38.256 49.046
299.309 24.324 38.256 49.046
296.564 25.353 38.256 49.046
295.535 24.667 38.256 49.046
293.476 23.295 38.256 49.046
290.731 22.265 38.256 49.046
289.358 22.608 38.256 49.046
286.956 20.893 38.256 49.046
283.525 19.863 38.256 49.046
281.466 19.520 38.256 49.046
278.035 17.804 38.256 49.046
274.947 17.118 38.256 49.046
272.201 16.432 38.256 49.046
268.770 15.746 38.256 49.046
266.025 14.373 38.256 49.046
263.280 15.402 38.256 49.046
260.535 13.687 38.256 49.046
256.825 12.151 37.440 48.000
254.143 13.492 37.440 48.000
251.796 12.821 37.440 48.000
248.107 13.492 37.440 48.000
245.425 13.157 37.440 48.000
242.743 12.151 37.440 48.000
241.066 12.486 37.440 48.000
238.049 13.157 37.440 48.000
236.037 12.151 37.440 48.000
234.360 12.821 37.440 48.000
232.013 13.492 37.440 48.000
229.666 14.163 37.440 48.000
226.984 14.163 37.440 48.000
225.643 14.163 37.440 48.000
221.954 15.504 37.440 48.000
219.943 16.510 37.440 48.000
217.931 16.845 37.440 48.000
216.590 17.851 37.440 48.000
212.901 19.527 37.440 48.000
211.225 19.863 37.440 48.000
209.884 21.204 37.440 48.000
208.207 21.204 37.440 48.000
206.531 21.874 37.440 48.000
204.519 25.227 37.440 48.000
201.758 25.367 38.269 49.062
201.415 27.426 38.269 49.062
200.042 28.798 38.269 49.062
197.983 30.514 38.269 49.062
197.362 32.067 37.452 48.016
196.356 32.737 37.452 48.016
195.015 34.414 37.452 48.016
195.350 35.084 37.452 48.016
193.338 37.431 37.452 48.016
192.333 39.443 37.452 48.016
190.912 39.247 38.281 49.078
190.912 41.306 38.281 49.078
189.540 43.365 38.281 49.078
190.569 45.424 38.281 49.078
195.373 47.482 38.281 49.078
198.461 48.855 38.281 49.078
199.410 50.714 39.128 50.164
212.315 45.596 39.994 51.274
210.078 47.182 40.879 52.409
204.493 52.102 41.783 53.568
202.533 53.757 42.708 54.753
204.354 56.210 43.652 55.965
205.832 58.336 44.618 57.203
206.538 58.903 45.605 58.468
203.575 59.486 46.614 59.762
200.971 61.330 47.646 61.084
198.734 63.647 48.700 62.436
201.694 64.705 49.777 63.817
185.683 35.433 48.716 62.456
182.521 34.304 49.794 63.838
179.288 33.598 50.895 65.251
178.374 36.339 50.895 65.251
175.983 36.988 52.021 66.694
174.475 36.717 53.172 68.170
172.457 37.869 54.349 69.678
170.879 35.145 55.551 71.220
170.879 38.133 55.551 71.220
168.273 37.843 56.780 72.795
165.723 40.392 56.780 72.795
163.684 40.392 56.780 72.795
161.135 41.412 56.780 72.795
162.665 38.863 56.780 72.795
159.488 40.097 58.037 74.406
156.370 40.617 58.037 74.406
157.929 38.538 58.037 74.406
152.733 39.058 58.037 74.406
156.370 40.617 58.037 74.406
152.733 38.538 58.037 74.406
151.273 40.890 56.799 72.819
149.234 38.341 56.799 72.819
147.195 40.381 56.799 72.819
145.155 42.420 56.799 72.819
142.606 40.890 56.799 72.819
140.057 42.420 56.799 72.819
137.094 42.686 55.588 71.266
134.604 42.188 55.588 71.266
131.616 43.682 55.588 71.266
197.240 -2.926 56.818 72.843
192.652 -4.965 56.818 72.843
188.965 -5.261 58.075 74.455
185.835 -5.261 58.075 74.455
182.184 -4.739 58.075 74.455
179.055 -5.782 58.075 74.455
176.447 -6.304 58.075 74.455
173.318 -5.261 58.075 74.455
168.102 -5.261 58.075 74.455
164.330 -6.606 59.360 76.102
161.142 -8.200 59.360 76.102
155.703 -7.448 60.673 77.786
152.548 -9.334 59.379 76.127
152.014 -7.201 59.379 76.127
147.214 -8.801 59.379 76.127
141.881 -10.401 59.379 76.127
142.414 -9.867 59.379 76.127
136.548 -10.934 59.379 76.127
132.814 -10.934 59.379 76.127
126.824 -12.843 60.693 77.811
129.968 -12.068 62.036 79.533
123.157 -13.505 63.408 81.293
116.333 -12.937 63.408 81.293
111.215 -15.211 63.408 81.293
113.357 -13.836 64.811 83.091
108.134 -14.416 64.811 83.091
102.910 -13.836 64.811 83.091
98.267 -13.255 64.811 83.091
93.624 -12.095 64.811 83.091
90.141 -12.095 64.811 83.091
85.362 -11.853 66.245 84.930
82.985 -11.259 66.245 84.930
80.015 -10.665 66.245 84.930
77.638 -10.071 66.245 84.930
75.262 -11.259 66.245 84.930
71.697 -10.071 66.245 84.930
68.726 -10.071 66.245 84.930
65.023 -11.010 67.711 86.809
60.160 -9.795 67.711 86.809
55.764 -9.539 69.209 88.729
52.035 -8.296 69.209 88.729
48.927 -8.296 69.209 88.729
43.333 -6.431 69.209 88.729
40.225 -3.945 69.209 88.729
37.117 -5.188 69.209 88.729
33.865 -7.413 70.740 90.693
31.324 -8.048 70.740 90.693
29.271 -9.687 72.305 92.699
27.973 -10.336 72.305 92.699
27.324 -11.634 72.305 92.699
24.577 -10.712 73.905 94.750
23.914 -14.026 73.905 94.750
21.108 -10.435 75.540 96.846
21.108 -14.494 75.540 96.846
19.755 -9.758 75.540 96.846
22.590 -15.491 73.929 94.781
20.447 -11.900 75.565 96.878
20.289 -14.328 77.237 99.022
20.289 -10.176 77.237 99.022
20.289 -14.328 77.237 99.022
21.674 -17.097 77.237 99.022
22.366 -21.942 77.237 99.022
23.750 -17.097 77.237 99.022
23.058 -21.942 77.237 99.022
23.058 -13.636 77.237 99.022
23.058 -15.021 77.237 99.022
23.058 -16.405 77.237 99.022
23.058 -15.021 77.237 99.022
22.896 -12.655 78.946 101.212
23.438 -11.651 80.692 103.452
23.438 -13.822 80.692 103.452
24.162 -13.098 80.692 103.452
24.162 -15.269 80.692 103.452
24.162 -12.375 80.692 103.452
24.716 -15.690 82.478 105.741
26.194 -16.429 82.478 105.741
26.934 -17.908 82.478 105.741
27.673 -20.125 82.478 105.741
27.500 -18.338 84.303 108.080
28.257 -22.122 84.303 108.080
29.595 -17.263 86.168 110.471
31.912 -21.126 86.168 110.471
25.732 -24.989 86.168 110.471
27.869 -21.575 88.074 112.916
29.449 -27.107 88.074 112.916
31.820 -31.848 88.074 112.916
29.449 -31.848 88.074 112.916
31.030 -31.058 88.074 112.916
31.820 -30.268 88.074 112.916
32.610 -27.897 88.074 112.916
34.981 -20.785 88.074 112.916
42.698 -8.601 90.023 115.414
51.585 -3.754 90.023 115.414
49.969 -2.138 90.023 115.414
46.550 0.624 92.015 117.967
45.532 0.145 94.050 120.577
46.178 -1.189 96.131 123.245
49.628 2.262 96.131 123.245
45.977 1.761 98.258 125.972
44.216 2.641 98.258 125.972
48.411 3.889 100.432 128.759
44.600 2.465 102.654 131.608
40.922 -3.053 102.654 131.608
48.279 3.384 102.654 131.608
45.304 1.928 104.925 134.520
47.186 1.928 104.925 134.520
45.084 4.205 107.247 137.496
44.124 1.323 107.247 137.496
43.898 2.684 109.620 140.538
39.738 -0.836 112.045 143.648
48.774 2.176 112.045 143.648
42.514 1.591 114.524 146.826
50.734 2.619 114.524 146.826
46.624 4.673 114.524 146.826
40.220 3.049 117.058 150.074
49.661 -1.147 117.058 150.074
44.416 -1.147 117.058 150.074
48.366 -0.709 119.648 153.395
44.076 2.509 119.648 153.395
49.188 6.174 122.295 156.788
43.707 6.174 122.295 156.788
48.931 8.824 125.001 160.257
45.305 13.781 127.766 163.803
48.472 38.306 130.593 167.427
46.131 45.330 130.593 167.427
42.841 56.479 127.808 163.857
53.380 54.785 125.083 160.363
49.106 64.346 122.415 156.943
42.725 73.706 119.805 153.596
48.301 72.120 117.250 150.320
43.245 80.029 114.750 147.115
47.362 84.147 114.750 147.115
44.468 81.598 112.302 143.978
41.634 88.172 109.908 140.907
39.662 91.131 109.908 140.907
42.621 93.103 109.908 140.907
38.861 91.647 107.564 137.902
30.179 -21.224 107.564 137.902
