153.000 105.000 26.000 43.000
153.000 98.553 26.000 43.000
152.731 93.180 26.000 43.000
152.731 86.733 26.000 43.000
153.537 80.286 26.000 43.000
153.537 74.914 26.000 43.000
153.269 72.496 26.000 43.000
151.657 69.541 26.000 43.000
147.090 67.661 26.000 43.000
142.792 66.586 26.000 43.000
137.688 64.706 26.000 43.000
132.047 63.631 26.000 43.000
125.600 61.751 26.000 43.000
118.347 60.676 26.000 43.000
112.983 60.598 25.446 42.083
111.401 60.782 24.903 41.186
112.443 59.927 24.372 40.307
113.202 57.650 24.372 40.307
110.926 55.374 24.372 40.307
107.385 52.086 24.372 40.307
102.579 49.303 24.372 40.307
96.508 47.280 24.372 40.307
90.438 44.497 24.372 40.307
87.655 42.474 24.372 40.307
82.603 40.374 23.852 39.448
78.905 38.818 23.343 38.606
79.636 37.542 22.846 37.783
88.658 60.247 22.358 36.977
90.509 61.403 22.358 36.977
93.980 62.560 22.358 36.977
98.607 65.337 22.358 36.977
100.921 67.650 22.358 36.977
103.929 72.741 22.358 36.977
106.481 78.457 21.882 36.189
109.438 83.460 21.882 36.189
112.394 88.009 21.882 36.189
117.626 89.602 21.882 36.189
123.085 91.421 21.882 36.189
128.543 90.511 21.882 36.189
127.861 67.084 21.882 36.189
133.547 60.715 21.882 36.189
135.822 55.029 21.882 36.189
141.508 49.798 21.882 36.189
144.926 43.587 21.415 35.417
148.921 40.420 20.958 34.662
153.709 37.591 20.958 34.662
158.062 37.591 20.958 34.662
160.238 38.026 20.958 34.662
164.380 38.831 20.511 33.923
166.716 39.404 20.074 33.199
168.587 38.989 20.074 33.199
171.087 40.797 19.646 32.491
178.026 39.920 19.227 31.798
183.226 44.120 19.227 31.798
192.631 46.659 18.817 31.120
202.043 53.522 18.817 31.120
209.101 60.581 18.817 31.120
213.807 65.287 18.817 31.120
222.047 72.481 18.416 30.457
228.704 79.709 18.416 30.457
234.987 70.714 18.023 29.807
247.281 71.273 18.023 29.807
254.545 74.253 18.023 29.807
260.866 77.835 18.422 30.467
271.897 81.449 18.422 30.467
279.315 89.437 18.422 30.467
286.922 93.812 18.422 30.467
291.677 100.469 18.422 30.467
301.758 110.169 18.422 30.467
309.366 119.488 18.422 30.467
316.783 130.520 18.422 30.467
314.121 143.263 18.422 30.467
309.542 146.920 18.829 31.141
329.530 129.713 19.246 31.830
