245.000 64.000 12.000 13.000
244.412 64.098 12.000 13.000
244.706 64.196 12.000 13.000
245.196 64.196 12.000 13.000
245.098 64.196 12.000 13.000
245.196 64.098 12.000 13.000
245.294 64.000 12.000 13.000
245.392 63.902 12.000 13.000
245.588 63.706 12.000 13.000
245.980 63.608 12.000 13.000
246.373 63.412 12.000 13.000
245.686 64.294 12.000 13.000
246.078 64.196 12.000 13.000
245.784 64.098 12.000 13.000
246.667 64.098 12.000 13.000
246.667 64.098 12.000 13.000
246.667 64.098 12.000 13.000
246.373 64.098 12.000 13.000
245.882 64.000 12.000 13.000
246.078 64.000 12.000 13.000
245.098 63.902 12.000 13.000
245.098 63.804 12.000 13.000
244.902 63.706 12.000 13.000
245.392 63.804 12.000 13.000
244.412 63.902 12.000 13.000
243.824 64.098 12.000 13.000
243.431 64.392 12.000 13.000
242.353 64.588 12.000 13.000
241.471 63.902 12.000 13.000
240.882 64.196 12.000 13.000
240.294 64.588 12.000 13.000
238.725 64.098 12.000 13.000
238.039 64.588 12.000 13.000
236.176 64.392 12.000 13.000
235.098 65.373 12.000 13.000
233.725 65.569 12.000 13.000
232.843 64.882 12.000 13.000
231.569 65.275 12.000 13.000
229.608 65.667 12.000 13.000
227.843 65.176 12.000 13.000
226.373 65.569 12.000 13.000
224.020 65.078 12.000 13.000
221.863 65.176 12.000 13.000
220.784 64.980 12.000 13.000
218.725 64.392 12.000 13.000
216.863 64.392 12.000 13.000
215.294 64.000 12.000 13.000
213.039 63.118 12.000 13.000
210.980 62.922 12.000 13.000
210.000 62.627 12.000 13.000
207.255 62.137 12.000 13.000
205.784 62.529 12.000 13.000
204.510 62.137 12.000 13.000
202.647 62.824 12.000 13.000
201.078 62.725 12.000 13.000
198.725 62.922 12.000 13.000
197.647 63.216 12.000 13.000
195.784 63.510 12.000 13.000
194.314 63.118 12.000 13.000
191.863 63.510 12.000 13.000
190.686 62.725 12.000 13.000
188.824 62.725 12.000 13.000
187.353 62.431 12.000 13.000
185.196 62.922 12.000 13.000
183.299 62.091 12.265 13.288
182.199 61.591 12.265 13.288
180.299 61.791 12.265 13.288
178.699 61.891 12.265 13.288
176.163 60.744 12.537 13.582
174.430 61.152 12.537 13.582
172.798 61.764 12.537 13.582
170.212 61.308 12.814 13.882
168.836 61.414 12.814 13.882
166.612 61.837 12.814 13.882
164.389 62.367 12.814 13.882
163.330 62.049 12.814 13.882
161.530 63.108 12.814 13.882
159.942 62.261 12.814 13.882
157.930 62.579 12.814 13.882
156.130 62.579 12.814 13.882
154.860 62.155 12.814 13.882
153.165 61.414 12.814 13.882
152.424 61.202 12.814 13.882
151.577 60.249 12.814 13.882
150.730 59.826 12.814 13.882
149.248 60.143 12.814 13.882
149.248 59.296 12.814 13.882
149.036 59.720 12.814 13.882
148.259 60.096 13.098 14.189
148.259 60.635 13.098 14.189
148.006 60.262 13.388 14.503
148.665 61.141 13.388 14.503
148.555 60.701 13.388 14.503
148.627 61.639 13.684 14.824
149.369 61.587 13.987 15.152
149.824 61.473 13.987 15.152
149.824 61.132 13.987 15.152
150.052 60.791 13.987 15.152
150.507 61.700 13.987 15.152
150.166 61.018 13.987 15.152
150.579 60.396 14.296 15.487
151.050 59.807 14.296 15.487
150.815 60.160 14.296 15.487
151.521 60.278 14.296 15.487
151.756 59.219 14.296 15.487
152.109 59.925 14.296 15.487
151.403 60.043 14.296 15.487
151.874 60.396 14.296 15.487
151.285 59.454 14.296 15.487
151.874 60.043 14.296 15.487
152.109 60.866 14.296 15.487
152.462 61.572 14.296 15.487
152.815 62.160 14.296 15.487
153.285 62.984 14.296 15.487
152.932 63.337 14.296 15.487
152.815 62.749 14.296 15.487
153.874 63.690 14.296 15.487
153.521 64.278 14.296 15.487
154.344 64.396 14.296 15.487
154.697 64.513 14.296 15.487
155.285 64.160 14.296 15.487
154.657 64.812 14.612 15.830
154.776 63.975 14.612 15.830
155.015 63.258 14.612 15.830
154.375 63.920 14.936 16.180
153.481 62.647 15.266 16.538
152.935 62.589 15.604 16.904
153.145 61.128 15.949 17.278
152.751 60.208 15.949 17.278
151.700 59.814 15.949 17.278
150.735 59.886 16.302 17.660
150.069 58.686 16.302 17.660
149.935 58.152 16.302 17.660
149.002 58.552 16.302 17.660
148.202 58.819 16.302 17.660
147.802 58.019 16.302 17.660
146.869 58.419 16.302 17.660
146.469 58.819 16.302 17.660
145.535 58.419 16.302 17.660
145.402 59.352 16.302 17.660
145.135 59.619 16.302 17.660
145.802 60.019 16.302 17.660
145.402 59.086 16.302 17.660
144.869 59.086 16.302 17.660
144.955 58.223 16.663 18.051
144.543 57.400 16.663 18.051
144.543 56.439 16.663 18.051
143.857 55.890 16.663 18.051
142.484 56.027 16.663 18.051
142.210 55.067 16.663 18.051
140.975 54.929 16.663 18.051
139.739 56.027 16.663 18.051
138.367 55.616 16.663 18.051
137.406 56.439 16.663 18.051
135.896 56.439 16.663 18.051
133.700 56.714 16.663 18.051
131.457 56.926 17.031 18.450
130.204 56.787 17.031 18.450
128.116 56.787 17.031 18.450
126.306 56.926 17.031 18.450
124.635 56.926 17.031 18.450
122.269 56.787 17.031 18.450
121.155 56.508 17.031 18.450
119.345 57.065 17.031 18.450
117.953 55.951 17.031 18.450
116.143 54.977 17.031 18.450
114.751 54.141 17.031 18.450
113.359 53.445 17.031 18.450
112.384 52.888 17.031 18.450
110.992 51.914 17.031 18.450
109.322 51.496 17.031 18.450
108.069 52.053 17.031 18.450
106.537 51.357 17.031 18.450
104.261 51.710 17.408 18.859
103.974 51.424 17.408 18.859
102.829 52.139 17.408 18.859
101.684 51.853 17.408 18.859
100.682 51.996 17.408 18.859
100.110 52.139 17.408 18.859
99.631 52.217 17.793 19.276
98.615 52.217 17.793 19.276
98.035 52.217 17.793 19.276
97.693 51.713 18.187 19.702
97.395 51.117 18.187 19.702
97.343 50.899 18.589 20.138
95.966 50.135 18.589 20.138
95.966 50.441 18.589 20.138
95.049 49.370 18.589 20.138
94.284 50.288 18.589 20.138
92.601 49.829 18.589 20.138
91.837 49.676 18.589 20.138
91.072 49.982 18.589 20.138
89.796 50.371 19.001 20.584
88.092 50.371 19.001 20.584
87.008 50.836 19.001 20.584
85.459 50.061 19.001 20.584
83.854 51.072 19.421 21.039
81.948 52.025 19.421 21.039
79.986 52.269 19.851 21.505
78.359 51.781 19.851 21.505
75.698 52.194 20.290 21.981
74.365 51.194 20.290 21.981
72.698 50.361 20.290 21.981
72.032 49.861 20.290 21.981
70.532 49.527 20.290 21.981
70.698 48.194 20.290 21.981
70.698 47.027 20.290 21.981
70.198 47.194 20.290 21.981
69.865 46.361 20.290 21.981
69.474 46.784 20.739 22.467
70.097 46.706 21.198 22.964
70.795 47.055 21.198 22.964
71.319 47.753 21.198 22.964
72.540 47.579 21.198 22.964
73.064 47.579 21.198 22.964
74.460 47.404 21.198 22.964
74.749 48.023 21.667 23.472
77.069 47.487 21.667 23.472
78.496 46.238 21.667 23.472
79.031 46.774 21.667 23.472
80.280 45.703 21.667 23.472
80.459 44.989 21.667 23.472
80.398 45.087 22.146 23.991
81.127 44.175 22.146 23.991
80.882 44.274 22.636 24.522
81.441 44.647 22.636 24.522
81.936 44.934 23.137 25.065
82.506 43.793 23.137 25.065
82.887 44.173 23.137 25.065
83.647 44.744 23.137 25.065
84.218 44.364 23.137 25.065
84.979 45.124 23.137 25.065
85.169 45.315 23.137 25.065
85.549 46.075 23.137 25.065
84.789 45.124 23.137 25.065
84.913 45.608 23.649 25.619
85.040 45.713 24.172 26.186
85.634 43.930 24.172 26.186
85.564 44.235 24.707 26.766
86.170 43.023 24.707 26.766
86.099 43.737 25.253 27.358
87.138 42.490 25.253 27.358
87.762 42.074 25.253 27.358
87.969 42.282 25.253 27.358
88.593 41.866 25.253 27.358
88.801 41.035 25.253 27.358
89.217 40.619 25.253 27.358
90.048 39.996 25.253 27.358
90.671 39.996 25.253 27.358
91.087 39.788 25.253 27.358
92.126 39.788 25.253 27.358
93.373 39.996 25.253 27.358
93.718 40.524 25.812 27.963
95.550 40.639 26.383 28.582
98.138 41.717 26.383 28.582
99.356 41.401 26.967 29.214
101.495 41.964 27.563 29.860
104.426 42.866 27.563 29.860
107.357 43.768 27.563 29.860
109.758 44.114 28.173 30.521
114.155 44.577 28.173 30.521
116.157 44.702 28.797 31.196
119.921 44.702 28.797 31.196
124.157 43.996 28.797 31.196
125.250 42.474 29.434 31.887
128.867 41.751 29.434 31.887
130.073 41.510 29.434 31.887
132.003 40.545 29.434 31.887
133.691 39.821 29.434 31.887
135.138 39.580 29.434 31.887
136.826 38.616 29.434 31.887
138.032 38.374 29.434 31.887
139.479 37.651 29.434 31.887
140.444 37.892 29.434 31.887
141.891 38.133 29.434 31.887
143.820 37.651 29.434 31.887
146.714 38.374 29.434 31.887
149.126 38.133 29.434 31.887
153.226 37.651 29.434 31.887
156.362 38.616 29.434 31.887
157.965 39.227 30.085 32.592
162.659 38.980 30.085 32.592
166.365 40.463 30.085 32.592
171.059 40.710 30.085 32.592
174.765 41.945 30.085 32.592
178.965 42.686 30.085 32.592
182.833 43.067 30.751 33.313
187.891 42.561 30.751 33.313
191.598 42.951 31.431 34.050
195.451 42.438 31.431 34.050
198.790 41.667 31.431 34.050
201.782 41.804 32.126 34.804
204.935 40.753 32.126 34.804
208.088 40.228 32.126 34.804
210.978 39.177 32.126 34.804
213.343 39.439 32.126 34.804
216.496 39.702 32.126 34.804
218.335 40.228 32.126 34.804
222.013 39.965 32.126 34.804
224.378 41.016 32.126 34.804
227.794 41.804 32.126 34.804
230.158 42.330 32.126 34.804
234.100 42.592 32.126 34.804
236.990 43.643 32.126 34.804
239.617 44.694 32.126 34.804
242.507 45.220 32.126 34.804
245.135 44.957 32.126 34.804
249.076 45.745 32.126 34.804
251.441 45.483 32.126 34.804
253.280 44.694 32.126 34.804
257.221 44.694 32.126 34.804
259.323 44.169 32.126 34.804
262.213 43.118 32.126 34.804
264.052 42.855 32.126 34.804
266.417 43.643 32.126 34.804
269.307 43.643 32.126 34.804
271.409 44.169 32.126 34.804
274.300 44.169 32.126 34.804
276.402 44.694 32.126 34.804
278.766 45.745 32.126 34.804
280.605 46.271 32.126 34.804
282.970 46.008 32.126 34.804
284.809 46.271 32.126 34.804
285.860 44.957 32.126 34.804
286.911 44.432 32.126 34.804
288.225 43.118 32.126 34.804
289.802 41.804 32.126 34.804
290.327 41.541 32.126 34.804
291.641 40.490 32.126 34.804
291.903 39.177 32.126 34.804
292.429 37.863 32.126 34.804
293.217 37.600 32.126 34.804
294.005 36.024 32.126 34.804
294.531 35.235 32.126 34.804
295.056 33.659 32.126 34.804
296.370 33.922 32.126 34.804
297.684 34.447 32.126 34.804
298.209 34.973 32.126 34.804
300.049 36.549 32.126 34.804
301.625 38.126 32.126 34.804
303.727 39.177 32.126 34.804
305.829 40.228 32.126 34.804
307.931 41.016 32.126 34.804
310.558 41.804 32.126 34.804
312.660 41.279 32.126 34.804
315.551 40.228 32.126 34.804
317.127 39.177 32.126 34.804
320.017 37.600 32.126 34.804
321.594 36.286 32.126 34.804
322.382 34.710 32.126 34.804
323.696 33.659 32.126 34.804
323.170 32.345 32.126 34.804
322.815 30.909 32.837 35.574
322.009 30.909 32.837 35.574
320.840 29.710 33.564 36.361
319.370 29.308 34.306 37.165
316.748 28.336 35.065 37.987
315.595 29.489 35.065 37.987
313.577 30.065 35.065 37.987
311.559 30.930 35.065 37.987
309.254 32.947 35.065 37.987
306.659 34.965 35.065 37.987
303.489 36.695 35.065 37.987
300.318 36.406 35.065 37.987
296.472 35.410 35.841 38.828
292.546 36.157 36.634 39.687
288.540 33.917 37.445 40.565
285.462 33.610 37.445 40.565
282.384 32.994 37.445 40.565
279.613 30.839 37.445 40.565
277.458 28.992 37.445 40.565
274.995 28.376 37.445 40.565
272.533 28.376 37.445 40.565
269.454 28.684 37.445 40.565
265.961 28.543 38.273 41.463
262.401 27.457 39.120 42.380
259.396 27.953 39.985 43.318
256.776 27.298 39.985 43.318
253.714 26.819 40.870 44.276
250.915 26.329 41.774 45.256
248.051 25.485 42.699 46.257
249.684 24.974 43.643 47.280
246.331 24.092 44.609 48.326
242.904 23.557 45.596 49.396
239.404 22.636 46.605 50.488
236.211 22.460 47.636 51.606
232.953 22.279 48.690 52.747
229.615 21.696 49.767 53.914
226.209 22.731 50.868 55.107
222.723 23.374 51.994 56.326
220.020 23.602 53.144 57.573
216.821 24.271 54.320 58.846
216.220 24.510 55.522 60.148
213.945 23.600 55.522 60.148
213.331 23.845 56.750 61.479
212.703 23.165 58.006 62.839
213.180 22.688 58.006 62.839
212.703 21.259 58.006 62.839
213.656 20.306 58.006 62.839
214.132 19.353 58.006 62.839
213.656 17.923 58.006 62.839
214.609 16.018 58.006 62.839
214.609 14.588 58.006 62.839
215.085 12.682 58.006 62.839
214.609 10.776 58.006 62.839
215.085 8.870 58.006 62.839
215.085 7.918 58.006 62.839
215.562 6.965 58.006 62.839
216.515 6.965 58.006 62.839
216.991 6.012 58.006 62.839
216.515 6.488 58.006 62.839
214.609 6.965 58.006 62.839
212.227 6.965 58.006 62.839
208.891 7.918 58.006 62.839
206.032 8.394 58.006 62.839
200.933 10.017 56.769 61.499
196.892 12.067 55.558 60.188
192.025 14.073 54.373 58.904
185.349 15.409 54.373 58.904
177.337 17.634 54.373 58.904
167.545 18.969 54.373 58.904
157.753 20.750 54.373 58.904
146.760 22.268 53.214 57.648
135.391 24.017 53.214 57.648
123.148 25.329 53.214 57.648
110.905 26.641 53.214 57.648
99.536 26.203 53.214 57.648
89.917 25.766 53.214 57.648
80.297 24.017 53.214 57.648
73.301 24.017 53.214 57.648
66.305 23.143 53.214 57.648
59.746 22.705 53.214 57.648
54.062 21.394 53.214 57.648
48.815 22.268 53.214 57.648
45.317 22.268 53.214 57.648
41.381 23.143 53.214 57.648
38.321 23.143 53.214 57.648
36.134 23.143 53.214 57.648
34.385 22.705 53.214 57.648
33.948 21.831 53.214 57.648
31.762 20.956 53.214 57.648
32.636 20.082 53.214 57.648
31.762 18.770 53.214 57.648
31.762 16.584 53.214 57.648
31.325 15.272 53.214 57.648
30.450 13.086 53.214 57.648
30.450 11.337 53.214 57.648
30.013 10.462 53.214 57.648
28.701 8.713 53.214 57.648
28.701 6.964 53.214 57.648
27.389 6.090 53.214 57.648
25.640 6.090 53.214 57.648
23.891 4.778 53.214 57.648
22.142 4.778 53.214 57.648
18.644 5.215 53.214 57.648
16.021 6.090 53.214 57.648
11.211 6.527 53.214 57.648
7.276 6.964 53.214 57.648
2.466 5.652 53.214 57.648
-2.781 5.652 53.214 57.648
