125.000 86.000 15.000 16.000
126.094 85.027 15.000 16.000
127.796 84.176 15.000 16.000
130.471 83.447 15.000 16.000
131.565 82.718 15.000 16.000
132.780 81.502 15.000 16.000
134.118 80.894 15.000 16.000
134.725 81.745 15.000 16.000
137.278 81.745 15.000 16.000
138.980 82.231 15.000 16.000
141.655 83.204 15.000 16.000
143.357 83.325 15.000 16.000
144.937 83.447 15.000 16.000
147.004 83.569 15.000 16.000
147.247 82.596 15.000 16.000
148.706 82.110 15.000 16.000
150.286 82.110 15.000 16.000
151.137 81.137 15.000 16.000
152.110 80.165 15.000 16.000
153.325 79.071 15.000 16.000
154.298 77.855 15.000 16.000
155.514 76.518 15.000 16.000
156.973 75.302 15.000 16.000
158.553 75.424 15.000 16.000
159.404 75.302 15.000 16.000
160.012 74.329 15.000 16.000
159.603 74.396 15.332 16.354
160.356 74.145 15.332 16.354
161.234 73.894 15.332 16.354
163.493 73.517 15.332 16.354
163.869 73.768 15.332 16.354
165.124 73.517 15.332 16.354
166.505 73.015 15.332 16.354
166.128 72.262 15.332 16.354
166.505 71.886 15.332 16.354
166.630 71.760 15.332 16.354
166.881 72.262 15.332 16.354
168.262 72.011 15.332 16.354
168.763 72.764 15.332 16.354
168.889 75.023 15.332 16.354
169.265 75.525 15.332 16.354
170.395 75.148 15.332 16.354
169.516 79.415 15.332 16.354
170.018 78.286 15.332 16.354
170.351 79.736 15.671 16.716
172.517 82.413 15.671 16.716
171.880 78.589 15.671 16.716
172.262 78.971 15.671 16.716
171.753 78.207 15.671 16.716
185.981 92.424 16.018 17.086
188.052 94.106 16.018 17.086
174.981 76.765 16.018 17.086
175.628 77.541 16.018 17.086
176.405 77.930 16.018 17.086
178.346 78.836 16.018 17.086
178.864 79.353 16.018 17.086
179.252 79.741 16.018 17.086
179.899 80.647 16.018 17.086
180.287 81.553 16.018 17.086
181.193 82.459 16.018 17.086
181.145 84.729 16.372 17.464
181.945 85.529 16.372 17.464
182.345 84.729 16.372 17.464
184.479 85.529 16.372 17.464
185.279 85.262 16.372 17.464
186.345 85.662 16.372 17.464
187.545 84.996 16.372 17.464
189.012 84.462 16.372 17.464
189.545 82.196 16.372 17.464
191.812 86.729 16.372 17.464
190.745 84.729 16.372 17.464
190.879 83.796 16.372 17.464
189.679 82.196 16.372 17.464
190.745 80.329 16.372 17.464
191.679 77.662 16.372 17.464
191.279 76.062 16.372 17.464
190.479 74.996 16.372 17.464
191.145 72.996 16.372 17.464
190.345 71.529 16.372 17.464
190.345 69.662 16.372 17.464
189.945 68.996 16.372 17.464
189.279 68.729 16.372 17.464
189.412 68.996 16.372 17.464
188.879 69.796 16.372 17.464
187.412 70.062 16.372 17.464
187.012 70.996 16.372 17.464
185.279 72.196 16.372 17.464
183.812 73.396 16.372 17.464
181.945 73.529 16.372 17.464
178.745 74.729 16.372 17.464
177.412 75.529 16.372 17.464
174.479 76.329 16.372 17.464
171.631 76.936 16.734 17.850
169.281 77.685 17.105 18.245
166.864 77.762 17.483 18.649
165.719 77.476 17.483 18.649
164.574 76.331 17.483 18.649
163.143 75.758 17.483 18.649
161.568 75.472 17.483 18.649
160.996 74.613 17.483 18.649
159.994 74.184 17.483 18.649
159.421 72.609 17.483 18.649
158.419 73.754 17.483 18.649
158.562 72.752 17.483 18.649
157.990 72.323 17.483 18.649
156.845 71.607 17.483 18.649
155.986 71.893 17.483 18.649
155.270 72.180 17.483 18.649
154.555 71.893 17.483 18.649
153.696 73.182 17.483 18.649
152.551 73.325 17.483 18.649
151.119 74.184 17.483 18.649
149.258 75.042 17.483 18.649
147.684 76.903 17.483 18.649
146.109 77.905 17.483 18.649
143.533 79.193 17.483 18.649
142.102 80.338 17.483 18.649
139.955 82.772 17.483 18.649
137.807 85.778 17.483 18.649
135.660 88.497 17.483 18.649
134.945 91.503 17.483 18.649
132.798 95.225 17.483 18.649
130.600 99.169 17.870 19.061
129.585 103.522 17.870 19.061
128.081 106.939 18.265 19.483
127.634 110.068 18.265 19.483
125.793 113.876 18.669 19.914
124.283 116.896 18.669 19.914
123.528 118.104 18.669 19.914
122.773 119.010 18.669 19.914
121.414 121.425 18.669 19.914
121.613 121.638 18.271 19.489
120.421 121.787 18.271 19.489
119.573 119.759 17.882 19.074
118.557 117.873 17.882 19.074
118.702 114.100 17.882 19.074
116.816 108.587 17.882 19.074
114.877 104.023 18.277 19.496
113.983 98.509 18.277 19.496
113.238 94.187 18.277 19.496
111.396 88.458 18.682 19.927
112.467 84.634 18.682 19.927
114.860 83.802 19.095 20.368
115.015 82.718 19.095 20.368
115.635 80.859 19.095 20.368
115.424 77.691 19.517 20.819
106.420 71.877 19.101 20.375
106.885 68.160 19.101 20.375
105.181 67.540 19.101 20.375
104.406 67.695 19.101 20.375
103.477 67.850 19.101 20.375
101.773 66.766 19.101 20.375
100.224 67.230 19.101 20.375
98.830 66.301 19.101 20.375
96.971 66.146 19.101 20.375
95.267 65.371 19.101 20.375
93.873 65.526 19.101 20.375
90.465 58.711 19.101 20.375
81.481 63.822 19.101 20.375
75.904 69.554 19.101 20.375
96.710 63.730 18.694 19.940
93.345 64.342 18.694 19.940
94.263 64.495 18.694 19.940
95.028 64.953 18.694 19.940
96.098 65.106 18.694 19.940
97.169 64.648 18.694 19.940
98.851 65.259 18.694 19.940
100.380 65.259 18.694 19.940
103.286 65.412 18.694 19.940
105.068 65.498 19.108 20.381
107.180 65.427 19.530 20.832
109.880 64.633 19.530 20.832
111.309 63.045 19.530 20.832
112.580 63.203 19.530 20.832
114.270 63.449 19.962 21.293
117.362 62.961 19.962 21.293
120.291 63.938 19.962 21.293
122.512 65.167 20.404 21.764
126.512 66.500 20.404 21.764
130.178 69.667 20.404 21.764
132.286 72.926 20.856 22.246
135.638 76.433 21.317 22.738
137.300 81.358 21.789 23.241
139.176 85.160 22.271 23.755
141.275 88.324 22.763 24.281
143.487 93.669 22.763 24.281
146.620 96.618 22.763 24.281
141.761 97.824 23.267 24.818
151.651 104.671 23.267 24.818
158.240 106.109 23.782 25.367
159.530 106.022 24.308 25.929
160.124 104.438 24.308 25.929
160.917 105.032 24.308 25.929
160.322 104.240 24.308 25.929
160.124 104.636 24.308 25.929
161.907 103.448 24.308 25.929
158.205 103.526 23.790 25.376
158.593 103.526 23.790 25.376
157.748 104.604 24.316 25.937
145.002 102.139 24.854 26.511
140.357 96.888 24.854 26.511
136.116 91.233 24.854 26.511
131.875 85.780 24.854 26.511
128.442 80.327 24.854 26.511
122.787 74.874 24.854 26.511
120.628 67.684 24.324 25.946
117.460 66.694 24.324 25.946
115.281 65.110 24.324 25.946
114.291 63.921 24.324 25.946
112.509 62.337 24.324 25.946
110.132 61.545 24.324 25.946
108.944 60.159 24.324 25.946
107.756 60.555 24.324 25.946
106.369 59.168 24.324 25.946
104.983 59.564 24.324 25.946
104.587 58.178 24.324 25.946
103.399 58.178 24.324 25.946
102.409 57.188 24.324 25.946
101.220 56.990 24.324 25.946
100.824 56.396 24.324 25.946
99.042 56.594 24.324 25.946
97.260 55.802 24.324 25.946
95.477 56.594 24.324 25.946
93.299 57.782 24.324 25.946
91.715 60.357 24.324 25.946
89.338 63.723 24.324 25.946
86.962 66.100 24.324 25.946
84.783 70.259 24.324 25.946
82.011 74.021 24.324 25.946
79.238 77.586 24.324 25.946
76.267 80.557 24.324 25.946
73.297 83.329 24.324 25.946
70.453 87.003 24.862 26.520
67.828 89.830 24.862 26.520
65.331 92.364 25.412 27.106
62.243 96.070 25.412 27.106
60.802 97.306 25.412 27.106
58.668 97.623 25.974 27.706
53.797 87.882 25.974 27.706
57.821 88.729 25.974 27.706
56.974 96.776 25.974 27.706
54.856 101.012 25.974 27.706
54.009 102.282 25.974 27.706
54.432 97.623 25.974 27.706
52.239 92.870 26.549 28.319
51.592 88.340 26.549 28.319
53.671 84.576 27.136 28.946
55.365 78.938 27.737 29.586
56.411 72.523 28.351 30.241
57.568 66.970 28.351 30.241
59.187 61.186 28.351 30.241
60.807 56.789 28.351 30.241
62.889 54.244 28.351 30.241
64.658 51.133 28.978 30.910
67.246 48.780 28.978 30.910
68.338 48.909 29.619 31.594
69.061 47.221 29.619 31.594
67.855 47.944 29.619 31.594
66.804 48.318 30.274 32.293
65.569 48.813 30.274 32.293
63.592 49.801 30.274 32.293
60.046 50.679 30.944 33.007
55.528 51.432 30.944 33.007
52.014 52.687 30.944 33.007
46.652 56.839 31.629 33.737
38.853 58.007 32.329 34.484
32.453 60.779 33.044 35.247
25.468 62.122 33.044 35.247
-5.155 48.153 33.044 35.247
-5.424 49.765 33.044 35.247
-5.692 51.108 33.044 35.247
-5.961 57.824 33.044 35.247
-7.036 58.361 33.044 35.247
-8.110 58.898 33.044 35.247
-8.110 60.510 33.044 35.247
-8.110 55.675 33.044 35.247
-6.767 48.959 33.044 35.247
-5.692 46.810 33.044 35.247
-5.424 45.467 33.044 35.247
-7.036 46.541 33.044 35.247
-7.304 44.124 33.044 35.247
-8.379 45.198 33.044 35.247
-7.842 47.347 33.044 35.247
