253.000 66.000 23.000 28.000
252.200 66.400 23.000 28.000
250.200 67.400 23.000 28.000
247.000 67.800 23.000 28.000
243.400 69.000 23.000 28.000
241.000 68.600 23.000 28.000
239.000 69.200 23.000 28.000
237.400 68.800 23.000 28.000
236.000 69.200 23.000 28.000
234.000 67.800 23.000 28.000
233.000 67.600 23.000 28.000
233.200 66.800 23.000 28.000
233.200 66.000 23.000 28.000
232.800 64.600 23.000 28.000
231.600 65.200 23.000 28.000
230.600 64.800 23.000 28.000
230.800 65.400 23.000 28.000
231.400 65.000 23.000 28.000
232.000 65.400 23.000 28.000
232.000 64.600 23.000 28.000
231.400 64.800 23.000 28.000
231.600 64.600 23.000 28.000
230.400 64.000 23.000 28.000
231.200 63.800 23.000 28.000
229.800 62.200 23.000 28.000
228.200 60.400 23.000 28.000
226.800 59.800 23.000 28.000
224.546 59.090 23.509 28.620
222.899 57.649 23.509 28.620
221.869 57.649 23.509 28.620
220.016 57.237 23.509 28.620
217.903 56.509 24.029 29.253
215.120 55.976 24.561 29.900
212.982 56.403 24.561 29.900
211.486 57.472 24.561 29.900
210.204 58.113 24.561 29.900
209.291 57.568 25.104 30.561
207.476 58.109 25.659 31.238
204.957 57.987 26.227 31.929
203.290 57.633 26.807 32.635
202.357 58.100 26.807 32.635
200.490 57.167 26.807 32.635
198.624 56.233 26.807 32.635
195.824 55.533 26.807 32.635
194.424 54.600 26.807 32.635
194.190 53.200 26.807 32.635
193.490 51.100 26.807 32.635
192.960 48.872 27.401 33.357
191.461 47.307 28.007 34.095
190.481 46.572 28.007 34.095
190.726 45.592 28.007 34.095
190.236 45.101 28.007 34.095
190.971 46.082 28.007 34.095
190.236 46.327 28.007 34.095
190.726 48.043 28.007 34.095
191.706 48.533 28.007 34.095
191.887 48.156 28.626 34.850
191.321 49.015 29.260 35.621
191.762 48.876 29.907 36.409
191.953 49.256 30.569 37.214
193.019 51.122 30.569 37.214
192.148 49.911 31.245 38.038
192.966 51.546 31.245 38.038
193.238 50.183 31.245 38.038
193.511 48.820 31.245 38.038
191.530 47.582 31.937 38.879
192.643 46.190 31.937 38.879
190.341 44.646 32.643 39.739
189.127 43.353 33.365 40.619
189.998 44.514 33.365 40.619
186.727 42.904 34.104 41.517
183.369 41.253 34.858 42.436
181.160 42.607 35.629 43.375
179.217 41.197 36.418 44.335
176.590 41.342 37.223 45.315
174.637 42.644 37.223 45.315
173.010 42.319 37.223 45.315
171.708 42.970 37.223 45.315
170.080 41.342 37.223 45.315
169.104 41.668 37.223 45.315
166.826 39.389 37.223 45.315
163.896 37.762 37.223 45.315
161.531 35.959 38.047 46.318
159.785 34.783 38.889 47.343
157.659 34.599 39.749 48.390
155.229 34.946 39.749 48.390
152.800 35.293 39.749 48.390
148.982 36.334 39.749 48.390
144.123 35.987 39.749 48.390
138.571 38.417 39.749 48.390
134.406 40.152 39.749 48.390
130.241 43.275 39.749 48.390
125.035 46.052 39.749 48.390
119.829 48.134 39.749 48.390
114.276 50.217 39.749 48.390
108.631 50.375 40.629 49.461
101.083 50.538 41.528 50.555
95.642 51.989 41.528 50.555
89.475 52.352 41.528 50.555
84.397 53.803 41.528 50.555
79.681 53.803 41.528 50.555
76.417 52.715 41.528 50.555
76.417 54.528 41.528 50.555
69.428 53.969 42.446 51.674
64.610 56.193 42.446 51.674
65.351 55.081 42.446 51.674
65.722 58.787 42.446 51.674
67.204 61.381 42.446 51.674
67.204 62.122 42.446 51.674
68.687 66.198 42.446 51.674
70.540 68.422 42.446 51.674
71.651 71.387 42.446 51.674
72.763 73.981 42.446 51.674
73.875 76.204 42.446 51.674
74.245 75.463 42.446 51.674
76.098 76.575 42.446 51.674
77.210 75.463 42.446 51.674
81.657 75.834 42.446 51.674
84.251 76.204 42.446 51.674
86.475 74.722 42.446 51.674
93.145 73.610 42.446 51.674
97.593 72.498 42.446 51.674
93.516 69.904 42.446 51.674
94.998 69.163 42.446 51.674
97.123 67.850 43.385 52.817
99.015 68.986 43.385 52.817
100.150 67.472 43.385 52.817
102.043 67.850 43.385 52.817
104.313 67.850 43.385 52.817
106.584 67.472 43.385 52.817
108.753 64.617 44.345 53.986
107.876 62.861 45.326 55.180
105.499 66.822 45.326 55.180
109.460 65.237 45.326 55.180
108.563 62.251 46.329 56.401
110.070 59.203 47.354 57.649
109.960 55.669 48.402 58.924
112.068 45.130 48.402 58.924
112.911 40.914 48.402 58.924
113.332 41.757 48.402 58.924
111.224 39.650 48.402 58.924
109.538 41.336 48.402 58.924
106.587 43.022 48.402 58.924
104.479 45.973 48.402 58.924
104.152 43.650 47.370 57.668
102.911 47.374 47.370 57.668
100.015 51.098 47.370 57.668
97.119 49.856 47.370 57.668
92.982 48.615 47.370 57.668
87.603 52.752 47.370 57.668
82.225 51.098 47.370 57.668
76.433 53.994 47.370 57.668
71.468 52.752 47.370 57.668
66.917 51.511 47.370 57.668
64.021 54.821 47.370 57.668
62.366 52.339 47.370 57.668
62.780 49.029 47.370 57.668
64.848 44.892 47.370 57.668
66.503 43.237 47.370 57.668
69.813 44.892 47.370 57.668
73.537 46.133 47.370 57.668
77.260 44.064 47.370 57.668
81.397 44.478 47.370 57.668
85.948 44.478 47.370 57.668
90.913 43.650 47.370 57.668
95.878 44.064 47.370 57.668
101.256 42.409 47.370 57.668
106.635 43.237 47.370 57.668
112.013 40.341 47.370 57.668
115.323 41.996 47.370 57.668
119.874 37.858 47.370 57.668
122.770 34.135 47.370 57.668
126.080 37.031 47.370 57.668
128.976 41.996 47.370 57.668
132.699 41.582 47.370 57.668
135.595 40.754 47.370 57.668
138.492 39.927 47.370 57.668
141.388 42.823 47.370 57.668
143.870 41.582 47.370 57.668
146.352 44.892 47.370 57.668
150.581 45.507 46.360 56.438
155.114 49.744 45.371 55.234
156.699 50.932 45.371 55.234
159.075 50.932 45.371 55.234
158.679 50.932 45.371 55.234
160.660 50.536 45.371 55.234
162.640 50.140 45.371 55.234
165.412 48.951 45.371 55.234
168.185 46.971 45.371 55.234
171.750 44.991 45.371 55.234
175.314 43.010 45.371 55.234
178.087 40.634 45.371 55.234
180.860 38.653 45.371 55.234
183.632 36.277 45.371 55.234
187.197 33.900 45.371 55.234
189.969 32.316 45.371 55.234
192.346 32.316 45.371 55.234
195.514 33.108 45.371 55.234
197.891 34.297 45.371 55.234
197.099 36.673 45.371 55.234
201.456 39.446 45.371 55.234
205.416 42.218 45.371 55.234
208.189 45.387 45.371 55.234
210.962 48.555 45.371 55.234
214.526 52.120 45.371 55.234
218.883 53.308 45.371 55.234
220.159 53.897 44.404 54.056
224.794 55.442 44.404 54.056
225.268 56.019 43.457 52.904
228.295 56.397 43.457 52.904
227.538 56.397 43.457 52.904
227.245 56.204 42.530 51.776
226.133 55.463 42.530 51.776
224.921 54.520 43.471 52.921
226.435 55.277 43.471 52.921
226.520 57.355 42.544 51.793
225.779 57.725 42.544 51.793
225.492 62.354 41.637 50.688
227.024 64.708 40.749 49.607
227.734 66.483 40.749 49.607
227.734 67.902 40.749 49.607
227.379 70.032 40.749 49.607
228.443 71.096 40.749 49.607
227.379 71.096 40.749 49.607
226.314 70.387 40.749 49.607
224.539 68.967 40.749 49.607
222.055 67.902 40.749 49.607
219.216 66.128 40.749 49.607
216.022 64.708 40.749 49.607
212.473 62.934 40.749 49.607
208.924 61.869 40.749 49.607
204.665 61.159 40.749 49.607
200.406 61.159 40.749 49.607
196.502 61.869 40.749 49.607
192.953 62.579 40.749 49.607
186.565 63.998 40.749 49.607
184.435 66.838 40.749 49.607
181.596 68.967 40.749 49.607
178.402 71.451 40.749 49.607
174.143 73.226 40.749 49.607
170.239 74.291 40.749 49.607
166.690 75.355 40.749 49.607
162.786 75.710 40.749 49.607
159.592 75.710 40.749 49.607
156.753 75.000 40.749 49.607
154.624 73.936 40.749 49.607
157.108 72.871 40.749 49.607
159.592 71.451 40.749 49.607
162.077 69.677 40.749 49.607
163.851 69.322 40.749 49.607
166.690 68.612 40.749 49.607
169.884 68.612 40.749 49.607
172.724 68.257 40.749 49.607
174.853 68.967 40.749 49.607
178.047 70.742 40.749 49.607
181.951 71.806 40.749 49.607
183.371 72.871 40.749 49.607
185.145 73.581 40.749 49.607
187.630 73.581 40.749 49.607
190.824 74.291 40.749 49.607
195.437 73.581 40.749 49.607
201.826 75.355 40.749 49.607
205.375 73.936 40.749 49.607
211.763 71.096 40.749 49.607
213.796 67.708 41.650 50.705
217.787 69.159 41.650 50.705
225.486 72.602 40.762 49.623
227.164 69.569 41.664 50.721
228.978 66.304 41.664 50.721
230.429 68.118 41.664 50.721
231.880 67.030 41.664 50.721
234.419 65.941 41.664 50.721
282.664 104.030 41.664 50.721
285.648 101.668 40.775 49.640
284.583 103.088 40.775 49.640
287.422 100.959 40.775 49.640
287.067 102.378 40.775 49.640
286.712 99.184 40.775 49.640
286.357 98.119 40.775 49.640
287.857 99.004 39.906 48.581
286.816 96.574 39.906 48.581
285.427 97.615 39.906 48.581
284.039 95.186 39.906 48.581
282.998 96.921 39.906 48.581
281.957 93.798 39.906 48.581
280.916 94.145 39.906 48.581
279.180 92.062 39.906 48.581
276.404 90.327 39.906 48.581
276.057 91.021 39.906 48.581
274.322 89.286 39.906 48.581
274.669 89.633 39.906 48.581
271.892 87.551 39.906 48.581
270.157 87.898 39.906 48.581
268.500 86.333 39.055 47.545
266.794 87.357 39.055 47.545
265.164 86.158 38.222 46.531
267.238 88.654 37.407 45.539
265.610 88.980 37.407 45.539
266.261 88.329 37.407 45.539
266.335 87.838 36.609 44.568
268.003 87.034 35.828 43.617
268.385 86.564 35.064 42.687
271.206 86.714 34.317 41.777
273.072 86.259 33.585 40.886
274.533 85.383 33.585 40.886
276.644 85.526 32.869 40.014
276.072 85.526 32.869 40.014
277.503 84.381 32.869 40.014
279.285 83.377 32.168 39.161
278.724 84.218 32.168 39.161
281.528 83.937 32.168 39.161
284.675 82.112 31.482 38.326
286.047 81.837 31.482 38.326
285.498 81.837 31.482 38.326
286.047 81.563 31.482 38.326
284.949 81.288 31.482 38.326
284.400 82.112 31.482 38.326
284.400 81.563 31.482 38.326
283.912 81.148 30.810 37.508
282.898 81.548 30.153 36.708
281.847 80.497 30.153 36.708
280.855 79.837 29.510 35.926
279.628 80.220 28.881 35.159
278.373 79.467 28.881 35.159
276.867 79.969 28.881 35.159
275.920 79.340 28.265 34.410
