294.000 135.000 44.000 171.000
294.000 134.192 44.000 171.000
294.000 135.000 44.000 171.000
294.808 135.000 44.000 171.000
296.424 135.000 44.000 171.000
297.231 135.000 44.000 171.000
297.231 135.000 44.000 171.000
298.039 135.000 44.000 171.000
298.039 135.808 44.000 171.000
298.039 136.616 44.000 171.000
297.231 135.808 44.000 171.000
296.424 136.616 44.000 171.000
295.616 136.616 44.000 171.000
293.192 135.808 44.000 171.000
290.769 135.808 44.000 171.000
289.153 136.616 44.000 171.000
286.729 135.808 44.000 171.000
285.114 135.808 44.000 171.000
283.498 136.616 44.000 171.000
281.882 136.616 44.000 171.000
281.075 137.424 44.000 171.000
278.651 138.231 44.000 171.000
277.035 138.231 44.000 171.000
276.227 139.039 44.000 171.000
275.420 139.847 44.000 171.000
274.612 139.847 44.000 171.000
274.612 140.655 44.000 171.000
273.804 140.655 44.000 171.000
273.804 141.463 44.000 171.000
272.996 143.078 44.000 171.000
272.188 144.694 44.000 171.000
270.573 145.502 44.000 171.000
269.765 146.310 44.000 171.000
268.957 147.925 44.000 171.000
267.341 148.733 44.000 171.000
266.533 149.541 44.000 171.000
264.110 149.541 44.000 171.000
262.963 152.172 43.062 167.353
262.171 152.172 43.062 167.353
258.210 152.964 43.062 167.353
258.210 152.964 43.062 167.353
257.418 152.964 43.062 167.353
257.418 153.757 43.062 167.353
257.085 156.333 42.143 163.785
258.309 158.080 41.245 160.292
259.068 158.838 41.245 160.292
260.266 161.306 40.365 156.873
261.749 161.306 40.365 156.873
261.749 162.048 40.365 156.873
261.749 162.048 40.365 156.873
260.697 163.720 39.504 153.528
259.246 161.544 39.504 153.528
258.942 163.181 38.662 150.254
257.522 161.051 38.662 150.254
256.102 159.632 38.662 150.254
255.393 159.632 38.662 150.254
255.393 158.922 38.662 150.254
254.683 157.502 38.662 150.254
253.973 155.373 38.662 150.254
252.835 150.162 39.517 153.578
253.124 144.110 40.392 156.976
252.677 139.401 41.285 160.449
254.497 136.108 42.199 163.999
255.583 131.964 43.132 167.628
256.690 130.110 44.087 171.337
257.500 129.300 44.087 171.337
257.500 129.300 44.087 171.337
257.822 128.215 45.062 175.128
258.151 126.277 46.059 179.002
258.998 125.430 46.059 179.002
257.304 127.971 46.059 179.002
255.610 129.666 46.059 179.002
251.374 133.054 46.059 179.002
249.680 127.124 46.059 179.002
249.324 131.574 45.077 175.185
252.293 135.101 44.116 171.449
251.952 136.929 43.175 167.793
251.158 133.753 43.175 167.793
251.952 134.547 43.175 167.793
257.177 137.130 42.254 164.215
255.624 137.130 42.254 164.215
254.847 136.353 42.254 164.215
254.847 135.577 42.254 164.215
255.624 135.577 42.254 164.215
255.624 135.577 42.254 164.215
256.400 135.577 42.254 164.215
256.400 134.801 42.254 164.215
256.400 134.801 42.254 164.215
257.177 134.801 42.254 164.215
258.730 132.471 42.254 164.215
259.506 131.695 42.254 164.215
259.506 130.142 42.254 164.215
259.506 130.918 42.254 164.215
260.283 130.918 42.254 164.215
261.836 130.918 42.254 164.215
262.612 130.918 42.254 164.215
263.389 130.918 42.254 164.215
264.165 130.918 42.254 164.215
266.495 130.918 42.254 164.215
268.498 132.669 41.353 160.713
270.020 134.191 41.353 160.713
271.541 134.951 41.353 160.713
271.541 134.191 41.353 160.713
276.106 134.191 41.353 160.713
279.149 134.191 41.353 160.713
277.931 129.370 42.268 164.268
270.166 162.758 42.268 164.268
271.719 173.629 42.268 164.268
276.828 178.486 41.367 160.765
284.436 179.247 41.367 160.765
290.964 185.526 40.484 157.337
300.624 184.782 40.484 157.337
305.083 183.296 40.484 157.337
311.460 187.946 39.621 153.982
321.644 192.311 39.621 153.982
327.753 191.335 40.498 157.389
331.910 192.268 39.634 154.032
276.898 163.275 38.789 150.747
281.180 158.993 38.789 150.747
282.608 156.138 38.789 150.747
283.321 160.420 38.789 150.747
282.608 156.138 38.789 150.747
283.735 151.322 37.962 147.533
285.131 154.114 37.962 147.533
284.433 149.926 37.962 147.533
287.923 148.530 37.962 147.533
287.225 148.530 37.962 147.533
287.225 148.530 37.962 147.533
287.225 149.926 37.962 147.533
286.932 150.103 37.152 144.387
286.249 152.150 37.152 144.387
285.567 153.515 37.152 144.387
285.567 154.879 37.152 144.387
284.885 156.926 37.152 144.387
284.202 154.879 37.152 144.387
282.838 157.609 37.152 144.387
282.155 156.244 37.152 144.387
281.473 157.609 37.152 144.387
280.791 154.197 37.152 144.387
280.791 156.926 37.152 144.387
280.791 156.926 37.152 144.387
280.108 154.197 37.152 144.387
279.426 156.926 37.152 144.387
278.744 152.150 37.152 144.387
278.744 155.562 37.152 144.387
278.744 152.150 37.152 144.387
279.426 154.197 37.152 144.387
280.108 152.150 37.152 144.387
280.108 154.879 37.152 144.387
280.791 154.197 37.152 144.387
282.838 156.244 37.152 144.387
283.520 156.244 37.152 144.387
284.202 155.562 37.152 144.387
284.885 153.515 37.152 144.387
286.932 154.197 37.152 144.387
286.932 154.879 37.152 144.387
286.249 155.562 37.152 144.387
285.567 154.197 37.152 144.387
284.885 158.291 37.152 144.387
284.202 155.562 37.152 144.387
282.838 157.609 37.152 144.387
282.427 159.423 37.974 147.581
281.729 157.329 37.974 147.581
278.516 159.187 38.814 150.846
279.514 155.377 39.673 154.184
279.076 155.130 40.551 157.595
279.372 155.622 41.448 161.082
280.439 154.603 42.365 164.646
281.996 156.159 42.365 164.646
283.553 156.159 42.365 164.646
285.110 156.159 42.365 164.646
286.667 155.381 42.365 164.646
288.223 154.603 42.365 164.646
289.002 154.603 42.365 164.646
289.002 153.824 42.365 164.646
289.002 153.046 42.365 164.646
289.780 153.046 42.365 164.646
289.780 152.267 42.365 164.646
290.559 153.046 42.365 164.646
290.559 153.046 42.365 164.646
290.868 149.667 43.302 168.289
290.868 150.464 43.302 168.289
292.461 150.464 43.302 168.289
293.257 151.260 43.302 168.289
295.645 152.056 43.302 168.289
296.441 152.056 43.302 168.289
297.237 153.648 43.302 168.289
297.237 153.648 43.302 168.289
297.237 152.852 43.302 168.289
297.237 154.444 43.302 168.289
298.033 155.240 43.302 168.289
298.033 156.832 43.302 168.289
298.033 158.424 43.302 168.289
298.033 158.424 43.302 168.289
298.033 159.220 43.302 168.289
297.237 160.813 43.302 168.289
296.441 161.609 43.302 168.289
295.645 161.609 43.302 168.289
295.311 161.811 42.379 164.700
295.311 161.032 42.379 164.700
295.311 159.476 42.379 164.700
295.620 156.097 43.317 168.344
297.212 154.505 43.317 168.344
299.601 153.708 43.317 168.344
302.306 152.642 44.275 172.068
305.561 153.456 44.275 172.068
308.002 154.270 44.275 172.068
309.629 153.456 44.275 172.068
312.884 151.015 44.275 172.068
316.139 150.201 44.275 172.068
320.532 146.670 45.254 175.875
323.026 147.501 45.254 175.875
323.857 149.996 45.254 175.875
323.026 150.827 45.254 175.875
321.363 151.658 45.254 175.875
320.532 152.490 45.254 175.875
318.037 154.152 45.254 175.875
315.543 154.152 45.254 175.875
312.218 154.152 45.254 175.875
313.049 154.152 45.254 175.875
320.532 154.152 45.254 175.875
318.869 152.490 45.254 175.875
317.206 153.321 45.254 175.875
318.037 153.321 45.254 175.875
317.206 153.321 45.254 175.875
317.206 153.321 45.254 175.875
317.206 152.490 45.254 175.875
317.206 153.321 45.254 175.875
318.037 153.321 45.254 175.875
318.037 152.490 45.254 175.875
318.037 152.490 45.254 175.875
318.869 152.490 45.254 175.875
319.700 151.658 45.254 175.875
320.532 152.490 45.254 175.875
322.194 152.490 45.254 175.875
325.520 153.321 45.254 175.875
327.183 154.152 45.254 175.875
329.677 154.152 45.254 175.875
331.339 154.152 45.254 175.875
333.834 154.984 45.254 175.875
336.328 155.815 45.254 175.875
337.990 156.647 45.254 175.875
339.653 157.478 45.254 175.875
341.316 157.478 45.254 175.875
343.810 157.478 45.254 175.875
345.473 156.647 45.254 175.875
347.135 159.141 45.254 175.875
348.798 157.478 45.254 175.875
349.630 157.478 45.254 175.875
350.461 157.478 45.254 175.875
351.292 156.647 45.254 175.875
353.786 156.647 45.254 175.875
355.449 157.478 45.254 175.875
357.112 157.478 45.254 175.875
361.269 157.478 45.254 175.875
364.594 157.478 45.254 175.875
367.088 158.309 45.254 175.875
371.245 158.309 45.254 175.875
373.739 158.309 45.254 175.875
377.896 157.478 45.254 175.875
381.222 158.309 45.254 175.875
384.547 157.478 45.254 175.875
386.210 159.972 45.254 175.875
388.704 159.141 45.254 175.875
390.367 157.478 45.254 175.875
392.030 159.141 45.254 175.875
392.861 156.647 45.254 175.875
393.692 158.309 45.254 175.875
395.355 158.309 45.254 175.875
396.186 159.141 45.254 175.875
397.018 159.972 45.254 175.875
397.849 160.803 45.254 175.875
398.681 162.466 45.254 175.875
399.512 163.298 45.254 175.875
401.175 164.129 45.254 175.875
402.837 164.960 45.254 175.875
405.332 164.960 45.254 175.875
408.657 165.792 45.254 175.875
411.983 164.960 45.254 175.875
416.139 164.129 45.254 175.875
418.634 163.298 45.254 175.875
421.128 163.298 45.254 175.875
423.622 163.298 45.254 175.875
425.285 162.466 45.254 175.875
428.610 159.972 45.254 175.875
430.273 157.478 45.254 175.875
432.266 152.207 46.256 179.767
432.266 150.505 46.256 179.767
432.606 151.920 47.279 183.744
432.606 149.314 47.279 183.744
432.606 151.920 47.279 183.744
432.606 149.314 47.279 183.744
432.606 152.789 47.279 183.744
432.606 150.183 47.279 183.744
431.737 152.789 47.279 183.744
430.345 149.887 48.325 187.809
428.569 152.552 48.325 187.809
427.681 151.664 48.325 187.809
425.369 150.475 49.394 191.965
422.646 151.382 49.394 191.965
419.922 150.475 49.394 191.965
414.475 148.659 49.394 191.965
410.844 149.567 49.394 191.965
408.120 147.751 49.394 191.965
406.305 150.475 49.394 191.965
402.673 149.567 49.394 191.965
400.858 149.567 49.394 191.965
399.042 149.567 49.394 191.965
398.134 148.659 49.394 191.965
397.226 148.659 49.394 191.965
397.226 148.659 49.394 191.965
397.226 147.751 49.394 191.965
397.226 147.751 49.394 191.965
397.226 147.751 49.394 191.965
397.226 146.843 49.394 191.965
395.772 142.904 50.487 196.212
394.845 141.049 50.487 196.212
395.383 145.923 49.411 192.028
395.383 145.016 49.411 192.028
395.383 145.016 49.411 192.028
395.383 145.016 49.411 192.028
396.291 145.016 49.411 192.028
396.291 145.923 49.411 192.028
396.652 142.891 50.504 196.276
396.652 143.819 50.504 196.276
398.507 142.891 50.504 196.276
399.434 142.891 50.504 196.276
398.876 138.865 51.621 200.619
398.876 136.018 51.621 200.619
399.825 136.018 51.621 200.619
398.876 134.120 51.621 200.619
398.876 135.069 51.621 200.619
399.825 134.120 51.621 200.619
400.774 134.120 51.621 200.619
402.672 133.171 51.621 200.619
402.672 134.120 51.621 200.619
403.621 134.120 51.621 200.619
403.621 135.069 51.621 200.619
403.621 136.018 51.621 200.619
403.621 134.120 51.621 200.619
404.570 134.120 51.621 200.619
407.417 134.120 51.621 200.619
408.366 135.069 51.621 200.619
410.264 136.018 51.621 200.619
412.162 135.069 51.621 200.619
413.111 136.018 51.621 200.619
413.111 135.069 51.621 200.619
412.162 135.069 51.621 200.619
410.264 135.069 51.621 200.619
408.366 135.069 51.621 200.619
404.948 130.952 52.763 205.057
402.036 130.952 52.763 205.057
401.065 129.981 52.763 205.057
396.212 128.040 52.763 205.057
390.389 127.069 52.763 205.057
389.418 126.099 52.763 205.057
385.536 126.099 52.763 205.057
383.595 126.099 52.763 205.057
380.683 126.099 52.763 205.057
378.742 125.128 52.763 205.057
375.830 124.158 52.763 205.057
373.889 123.187 52.763 205.057
371.948 122.216 52.763 205.057
370.007 120.275 52.763 205.057
369.036 119.305 52.763 205.057
368.065 118.334 52.763 205.057
367.095 116.393 52.763 205.057
367.095 115.422 52.763 205.057
367.095 115.422 52.763 205.057
367.095 113.481 52.763 205.057
366.124 112.510 52.763 205.057
365.154 110.569 52.763 205.057
364.183 108.628 52.763 205.057
363.212 108.628 52.763 205.057
362.242 108.628 52.763 205.057
361.271 108.628 52.763 205.057
361.271 108.628 52.763 205.057
360.301 106.687 52.763 205.057
360.301 106.687 52.763 205.057
359.330 107.658 52.763 205.057
359.330 107.658 52.763 205.057
358.360 107.658 52.763 205.057
357.389 108.628 52.763 205.057
356.418 108.628 52.763 205.057
355.448 109.599 52.763 205.057
354.477 109.599 52.763 205.057
353.507 110.569 52.763 205.057
352.536 111.540 52.763 205.057
351.565 112.510 52.763 205.057
350.595 113.481 52.763 205.057
348.654 114.452 52.763 205.057
347.683 114.452 52.763 205.057
345.742 115.422 52.763 205.057
343.801 116.393 52.763 205.057
341.860 116.393 52.763 205.057
338.948 115.422 52.763 205.057
337.007 114.452 52.763 205.057
334.095 114.452 52.763 205.057
332.154 115.422 52.763 205.057
327.301 116.393 52.763 205.057
325.360 117.363 52.763 205.057
321.477 117.363 52.763 205.057
319.536 118.334 52.763 205.057
317.595 118.334 52.763 205.057
314.683 118.334 52.763 205.057
312.742 117.363 52.763 205.057
308.860 118.334 52.763 205.057
306.918 119.305 52.763 205.057
304.007 120.275 52.763 205.057
301.095 120.275 52.763 205.057
299.154 120.275 52.763 205.057
297.212 120.275 52.763 205.057
296.242 121.246 52.763 205.057
295.271 117.363 52.763 205.057
294.301 120.275 52.763 205.057
292.922 122.462 51.638 200.685
291.973 125.309 51.638 200.685
289.126 126.258 51.638 200.685
288.177 126.258 51.638 200.685
287.228 123.411 51.638 200.685
285.330 126.258 51.638 200.685
285.330 124.360 51.638 200.685
285.330 124.360 51.638 200.685
283.432 124.360 51.638 200.685
282.483 125.309 51.638 200.685
281.534 125.309 51.638 200.685
280.585 127.207 51.638 200.685
280.585 128.156 51.638 200.685
278.687 129.105 51.638 200.685
277.738 131.003 51.638 200.685
276.789 129.105 51.638 200.685
274.891 130.054 51.638 200.685
273.942 127.207 51.638 200.685
272.993 129.105 51.638 200.685
272.044 130.054 51.638 200.685
270.146 130.054 51.638 200.685
269.197 131.952 51.638 200.685
268.248 131.003 51.638 200.685
268.248 133.850 51.638 200.685
268.625 132.579 52.781 205.125
269.596 135.491 52.781 205.125
269.983 134.192 53.948 209.663
269.983 135.184 53.948 209.663
269.983 135.184 53.948 209.663
270.975 136.176 53.948 209.663
271.967 137.168 53.948 209.663
273.951 136.176 53.948 209.663
274.943 137.168 53.948 209.663
279.904 135.184 53.948 209.663
279.904 134.192 53.948 209.663
281.889 134.192 53.948 209.663
282.881 134.192 53.948 209.663
283.456 133.451 52.798 205.192
284.989 138.551 51.672 200.816
284.591 139.743 50.570 196.534
285.131 139.980 49.492 192.343
284.749 143.850 48.436 188.241
284.375 147.638 47.403 184.227
283.139 151.343 46.392 180.298
282.781 157.530 45.403 176.453
280.759 157.741 44.435 172.690
279.941 159.377 44.435 172.690
278.306 161.829 44.435 172.690
275.509 157.947 43.487 169.007
274.373 160.549 42.560 165.403
272.808 156.638 42.560 165.403
271.697 158.401 41.652 161.876
270.168 159.931 41.652 161.876
269.403 161.460 41.652 161.876
268.318 157.068 40.764 158.424
268.318 159.316 40.764 158.424
268.318 161.563 40.764 158.424
267.569 163.810 40.764 158.424
268.004 162.503 39.895 155.045
268.004 163.969 39.895 155.045
268.004 165.436 39.895 155.045
268.004 166.903 39.895 155.045
268.737 168.369 39.895 155.045
269.470 169.836 39.895 155.045
269.896 172.223 39.044 151.739
272.049 172.940 39.044 151.739
271.331 173.658 39.044 151.739
272.049 172.940 39.044 151.739
270.613 172.940 39.044 151.739
269.896 172.223 39.044 151.739
269.178 171.505 39.044 151.739
268.460 170.070 39.044 151.739
267.743 170.070 39.044 151.739
266.307 169.352 39.044 151.739
264.872 162.893 39.044 151.739
262.719 163.611 39.044 151.739
261.284 165.046 39.044 151.739
259.131 158.587 39.044 151.739
257.981 159.062 39.908 155.096
256.073 155.146 40.791 158.528
254.575 155.895 40.791 158.528
253.375 152.643 41.693 162.035
252.608 149.577 41.693 162.035
253.053 152.838 40.804 158.580
253.053 152.838 40.804 158.580
253.053 151.340 40.804 158.580
253.053 150.591 40.804 158.580
253.802 152.089 40.804 158.580
254.551 151.340 40.804 158.580
255.300 149.841 40.804 158.580
256.049 149.841 40.804 158.580
258.296 147.594 40.804 158.580
258.296 144.598 40.804 158.580
259.045 146.845 40.804 158.580
259.794 138.606 40.804 158.580
260.092 139.848 41.707 162.088
260.858 132.948 41.707 162.088
261.625 136.781 41.707 162.088
261.625 129.881 41.707 162.088
262.392 133.715 41.707 162.088
262.392 128.348 41.707 162.088
262.697 130.388 42.630 165.675
263.481 129.604 42.630 165.675
264.266 125.682 42.630 165.675
263.481 124.114 42.630 165.675
263.481 124.898 42.630 165.675
262.697 124.898 42.630 165.675
262.697 124.114 42.630 165.675
261.913 124.898 42.630 165.675
261.913 124.114 42.630 165.675
261.913 124.114 42.630 165.675
261.913 124.898 42.630 165.675
261.913 124.898 42.630 165.675
261.913 125.682 42.630 165.675
261.128 124.898 42.630 165.675
260.344 124.898 42.630 165.675
259.560 124.114 42.630 165.675
259.560 120.976 42.630 165.675
259.560 118.624 42.630 165.675
259.560 116.271 42.630 165.675
259.560 112.349 42.630 165.675
258.775 109.212 42.630 165.675
259.230 110.978 41.721 162.142
258.463 107.912 41.721 162.142
257.697 106.378 41.721 162.142
256.930 102.545 41.721 162.142
255.397 102.545 41.721 162.142
253.863 100.245 41.721 162.142
251.563 101.778 41.721 162.142
250.030 101.012 41.721 162.142
249.263 99.478 41.721 162.142
246.963 97.945 41.721 162.142
246.963 98.712 41.721 162.142
246.197 97.945 41.721 162.142
245.430 94.878 41.721 162.142
245.430 94.112 41.721 162.142
244.663 94.112 41.721 162.142
244.663 91.045 41.721 162.142
243.897 89.512 41.721 162.142
243.897 87.978 41.721 162.142
243.130 86.445 41.721 162.142
241.902 80.051 42.644 165.729
241.117 72.992 42.644 165.729
240.333 72.208 42.644 165.729
239.549 72.992 42.644 165.729
238.764 68.287 42.644 165.729
237.980 70.639 42.644 165.729
237.196 65.149 42.644 165.729
235.627 66.718 42.644 165.729
234.843 65.149 42.644 165.729
234.843 64.365 42.644 165.729
233.274 65.934 42.644 165.729
232.490 63.581 42.644 165.729
231.706 68.287 42.644 165.729
230.921 65.934 42.644 165.729
230.137 68.287 42.644 165.729
230.137 65.934 42.644 165.729
229.665 58.610 43.587 169.396
229.665 61.016 43.587 169.396
228.863 59.412 43.587 169.396
228.863 57.808 43.587 169.396
227.579 51.924 44.552 173.144
226.760 55.203 44.552 173.144
226.760 49.465 44.552 173.144
226.760 46.187 44.552 173.144
226.267 39.354 45.537 176.974
227.104 33.493 45.537 176.974
227.104 30.144 45.537 176.974
227.104 29.307 45.537 176.974
226.267 29.307 45.537 176.974
225.429 30.144 45.537 176.974
225.429 30.981 45.537 176.974
226.752 34.543 44.566 173.200
227.227 37.209 43.616 169.507
227.227 37.209 43.616 169.507
228.029 35.605 43.616 169.507
228.831 37.209 43.616 169.507
229.953 36.938 44.581 173.257
230.772 36.938 44.581 173.257
230.279 34.202 45.567 177.090
231.116 35.039 45.567 177.090
231.116 35.876 45.567 177.090
230.279 34.202 45.567 177.090
230.279 30.853 45.567 177.090
227.767 32.527 45.567 177.090
226.426 30.568 46.575 181.009
226.426 32.282 46.575 181.009
225.569 32.282 46.575 181.009
224.197 31.136 47.606 185.013
223.323 31.136 47.606 185.013
221.574 32.885 47.606 185.013
218.076 27.638 47.606 185.013
214.578 32.011 47.606 185.013
225.579 38.356 46.591 181.068
222.649 36.859 45.597 177.207
220.137 41.883 45.597 177.207
227.672 46.907 45.597 177.207
225.998 50.256 45.597 177.207
225.160 51.930 45.597 177.207
231.858 56.954 45.597 177.207
231.021 61.977 45.597 177.207
229.833 59.680 44.625 173.428
237.209 67.876 44.625 173.428
239.668 69.516 44.625 173.428
242.603 72.184 43.673 169.729
245.009 73.788 43.673 169.729
245.009 72.184 43.673 169.729
246.613 69.779 43.673 169.729
251.743 60.683 44.639 173.484
252.563 63.962 44.639 173.484
254.528 57.125 45.627 177.323
256.206 54.607 45.627 177.323
258.724 52.929 45.627 177.323
263.759 54.607 45.627 177.323
265.438 58.803 45.627 177.323
265.772 57.681 46.636 181.246
266.970 56.533 47.668 185.256
269.072 55.360 48.723 189.355
273.909 54.161 49.801 193.544
263.837 55.993 49.801 193.544
264.202 54.767 50.903 197.827
266.072 54.767 50.903 197.827
266.444 51.643 52.029 202.203
265.869 44.622 53.180 206.677
265.459 0.932 52.046 202.270
268.330 0.932 52.046 202.270
270.625 -0.349 53.198 206.745
274.538 1.608 53.198 206.745
275.517 4.543 53.198 206.745
276.495 7.479 53.198 206.745
276.885 -4.593 54.375 211.319
279.885 -1.593 54.375 211.319
278.885 0.407 54.375 211.319
280.885 1.407 54.375 211.319
285.465 -2.340 53.215 206.813
289.379 -1.361 53.215 206.813
293.293 -0.383 53.215 206.813
295.249 1.574 53.215 206.813
298.574 -10.498 54.392 211.388
299.574 -7.498 54.392 211.388
299.574 -4.498 54.392 211.388
299.574 0.502 54.392 211.388
298.973 23.163 55.596 216.065
299.994 19.077 55.596 216.065
302.444 12.601 56.826 220.846
302.444 18.871 56.826 220.846
302.444 15.736 56.826 220.846
303.906 9.112 58.083 225.732
306.463 9.815 59.368 230.726
309.734 9.815 59.368 230.726
310.824 7.635 59.368 230.726
310.824 11.996 59.368 230.726
313.004 8.725 59.368 230.726
314.528 6.173 60.682 235.831
317.875 5.057 60.682 235.831
318.319 4.679 62.024 241.049
318.319 6.958 62.024 241.049
322.876 3.540 62.024 241.049
319.912 2.013 63.397 246.382
322.241 -0.317 63.397 246.382
324.570 -0.317 63.397 246.382
320.587 -1.184 62.045 241.128
323.325 -1.569 63.417 246.463
326.819 -0.404 63.417 246.463
316.336 -0.404 63.417 246.463
323.325 -1.569 63.417 246.463
315.848 2.224 62.065 241.207
319.933 3.655 60.741 236.063
321.049 9.233 60.741 236.063
322.812 8.403 59.446 231.029
316.694 11.308 60.761 236.141
320.695 9.355 59.466 231.105
318.945 11.167 60.781 236.218
320.062 12.285 60.781 236.218
320.710 13.686 59.485 231.181
321.805 18.063 59.485 231.181
322.899 21.345 59.485 231.181
325.087 23.533 59.485 231.181
327.275 22.439 59.485 231.181
328.805 17.693 60.801 236.296
331.486 11.726 62.146 241.524
332.148 13.159 60.821 236.373
334.384 15.394 60.821 236.373
336.619 13.159 60.821 236.373
339.503 19.032 59.524 231.332
341.691 13.561 59.524 231.332
343.879 16.844 59.524 231.332
344.315 13.190 60.841 236.451
344.759 10.575 62.187 241.682
344.759 12.861 62.187 241.682
344.759 12.861 62.187 241.682
345.422 12.009 60.861 236.528
344.749 13.863 62.208 241.761
344.749 16.149 62.208 241.761
344.269 16.440 60.881 236.606
346.038 23.442 59.583 231.560
345.379 25.256 60.901 236.683
347.148 26.660 59.602 231.636
348.880 28.034 58.331 226.696
349.952 21.599 58.331 226.696
350.574 24.016 57.087 221.862
353.281 24.284 55.870 217.131
354.904 22.489 54.678 212.500
353.293 14.103 55.888 217.202
353.293 11.021 55.888 217.202
352.266 6.911 55.888 217.202
353.293 3.829 55.888 217.202
353.889 2.035 54.696 212.570
353.889 2.035 54.696 212.570
355.901 0.023 54.696 212.570
357.913 -1.989 54.696 212.570
356.907 -4.001 54.696 212.570
356.907 -2.995 54.696 212.570
356.484 -0.728 53.530 208.037
366.898 7.396 52.388 203.600
364.010 2.582 52.388 203.600
362.084 -0.306 52.388 203.600
359.196 2.582 52.388 203.600
356.691 0.330 53.547 208.105
356.691 -0.654 53.547 208.105
356.691 0.330 53.547 208.105
358.067 -1.972 54.732 212.709
357.061 -0.966 54.732 212.709
355.633 1.302 53.565 208.173
356.204 0.568 52.423 203.734
358.689 1.778 51.305 199.389
358.689 8.380 51.305 199.389
360.575 11.209 51.305 199.389
358.689 7.437 51.305 199.389
359.632 7.437 51.305 199.389
361.518 9.323 51.305 199.389
360.575 9.323 51.305 199.389
361.518 11.209 51.305 199.389
359.632 13.096 51.305 199.389
360.575 10.266 51.305 199.389
361.518 5.551 51.305 199.389
361.518 7.437 51.305 199.389
360.951 9.947 52.440 203.801
360.951 9.947 52.440 203.801
362.880 13.806 52.440 203.801
361.510 11.155 51.322 199.454
362.453 10.212 51.322 199.454
361.510 13.985 51.322 199.454
362.828 8.949 52.457 203.867
363.793 16.666 52.457 203.867
361.458 13.052 51.338 199.520
362.949 11.407 50.244 195.265
362.393 15.711 51.355 199.585
362.393 12.882 51.355 199.585
362.393 15.711 51.355 199.585
363.336 13.825 51.355 199.585
363.336 16.654 51.355 199.585
364.827 22.555 50.260 195.329
365.194 18.547 51.372 199.651
363.681 15.393 52.509 204.068
362.716 16.358 52.509 204.068
362.716 13.464 52.509 204.068
361.752 14.429 52.509 204.068
358.857 15.393 52.509 204.068
359.822 12.499 52.509 204.068
356.347 11.207 53.670 208.583
356.347 11.207 53.670 208.583
354.375 15.152 53.670 208.583
356.740 13.830 54.858 213.198
357.747 14.838 54.858 213.198
347.062 12.480 56.072 217.915
348.691 14.803 54.876 213.268
349.699 12.788 54.876 213.268
345.668 11.780 54.876 213.268
346.676 11.780 54.876 213.268
335.589 11.780 54.876 213.268
336.175 14.054 53.706 208.720
336.747 16.279 52.560 204.269
336.341 18.457 51.440 199.913
334.054 18.699 50.343 195.650
331.815 20.785 49.269 191.477
332.340 21.015 48.218 187.394
330.567 21.015 48.218 187.394
328.795 21.901 48.218 187.394
327.908 21.901 48.218 187.394
329.309 25.672 47.190 183.398
328.945 27.627 46.184 179.487
326.042 27.843 45.199 175.659
319.873 29.716 44.235 171.913
319.873 29.716 44.235 171.913
320.344 33.177 43.292 168.247
317.956 32.380 43.292 168.247
309.516 28.131 44.249 171.969
309.988 29.965 43.306 168.302
309.192 29.169 43.306 168.302
306.804 29.169 43.306 168.302
306.008 28.372 43.306 168.302
305.212 26.780 43.306 168.302
305.212 28.372 43.306 168.302
303.620 27.576 43.306 168.302
302.824 27.576 43.306 168.302
301.231 27.576 43.306 168.302
298.843 25.984 43.306 168.302
296.455 26.780 43.306 168.302
294.863 26.780 43.306 168.302
292.475 28.372 43.306 168.302
289.290 26.780 43.306 168.302
287.698 26.780 43.306 168.302
286.902 30.761 43.306 168.302
286.106 29.965 43.306 168.302
285.310 32.353 43.306 168.302
284.514 31.557 43.306 168.302
283.718 33.945 43.306 168.302
283.383 33.351 42.382 164.713
282.605 38.800 42.382 164.713
282.605 37.243 42.382 164.713
282.605 40.357 42.382 164.713
281.826 38.800 42.382 164.713
282.278 39.778 41.478 161.201
283.041 44.355 41.478 161.201
283.345 39.520 42.396 164.767
285.354 38.164 41.492 161.253
284.591 45.791 41.492 161.253
283.369 44.770 42.410 164.821
282.900 45.288 43.348 168.468
281.625 45.812 44.308 172.195
282.097 46.835 43.363 168.523
282.097 48.427 43.363 168.523
282.893 48.427 43.363 168.523
282.097 47.631 43.363 168.523
282.893 46.835 43.363 168.523
282.893 45.242 43.363 168.523
283.210 42.582 44.322 172.252
282.396 41.768 44.322 172.252
282.396 40.141 44.322 172.252
282.719 39.049 45.303 176.063
282.369 39.260 44.337 172.308
282.842 42.728 43.391 168.634
282.842 41.132 43.391 168.634
283.640 40.334 43.391 168.634
285.236 39.536 43.391 168.634
286.034 38.738 43.391 168.634
287.630 38.738 43.391 168.634
288.428 38.738 43.391 168.634
290.024 38.738 43.391 168.634
292.418 39.536 43.391 168.634
294.014 40.334 43.391 168.634
296.871 41.334 42.466 165.037
299.212 40.554 42.466 165.037
301.553 40.554 42.466 165.037
303.425 40.289 43.405 168.689
305.021 40.289 43.405 168.689
306.617 41.087 43.405 168.689
309.011 39.491 43.405 168.689
311.405 39.491 43.405 168.689
312.203 40.289 43.405 168.689
315.395 38.693 43.405 168.689
315.395 37.895 43.405 168.689
315.395 37.097 43.405 168.689
316.991 35.501 43.405 168.689
318.905 32.837 44.366 172.421
321.677 30.929 45.347 176.236
323.344 33.429 45.347 176.236
324.177 33.429 45.347 176.236
325.011 35.096 45.347 176.236
327.511 34.262 45.347 176.236
330.011 34.262 45.347 176.236
329.509 30.646 46.351 180.135
328.658 29.795 46.351 180.135
329.509 29.795 46.351 180.135
329.509 32.348 46.351 180.135
331.211 32.348 46.351 180.135
332.062 34.050 46.351 180.135
333.764 33.199 46.351 180.135
332.913 33.199 46.351 180.135
335.466 32.348 46.351 180.135
335.466 33.199 46.351 180.135
340.572 34.050 46.351 180.135
339.721 34.901 46.351 180.135
339.721 34.901 46.351 180.135
338.019 34.050 46.351 180.135
328.658 30.646 46.351 180.135
336.317 31.497 46.351 180.135
346.529 35.752 46.351 180.135
343.976 35.752 46.351 180.135
353.336 37.454 46.351 180.135
353.831 40.226 45.362 176.294
360.981 44.605 44.395 172.534
360.639 48.892 43.448 168.855
368.284 53.885 42.521 165.254
367.955 55.647 41.615 161.730
369.164 56.607 40.727 158.281
376.339 59.792 39.859 154.905
375.298 58.511 39.009 151.602
381.756 57.793 39.009 151.602
382.474 57.075 39.009 151.602
384.325 59.410 38.177 148.369
390.348 60.290 37.363 145.205
391.433 62.524 36.566 142.109
392.495 64.039 35.786 139.078
395.779 63.383 35.786 139.078
397.093 63.383 35.786 139.078
398.407 62.726 35.786 139.078
399.064 61.412 35.786 139.078
400.378 63.383 35.786 139.078
401.034 61.412 35.786 139.078
401.034 62.069 35.786 139.078
400.378 61.412 35.786 139.078
399.721 63.383 35.786 139.078
399.721 62.726 35.786 139.078
398.407 62.726 35.786 139.078
396.436 63.383 35.786 139.078
394.466 66.010 35.786 139.078
393.152 65.353 35.786 139.078
391.181 68.637 35.786 139.078
389.211 67.324 35.786 139.078
387.897 67.324 35.786 139.078
386.844 65.785 36.578 142.155
385.889 68.646 35.798 139.124
384.295 70.788 35.035 136.157
383.008 72.075 35.035 136.157
389.440 74.647 35.035 136.157
388.796 75.290 35.035 136.157
390.726 78.506 35.035 136.157
392.268 78.286 35.810 139.169
392.927 80.262 35.810 139.169
393.585 80.262 35.810 139.169
394.244 82.898 35.810 139.169
394.903 82.239 35.810 139.169
392.268 81.580 35.810 139.169
392.268 78.945 35.810 139.169
391.609 82.898 35.810 139.169
391.213 85.311 36.602 142.248
390.540 83.293 36.602 142.248
389.868 88.674 36.602 142.248
388.523 87.329 36.602 142.248
388.790 89.118 37.412 145.396
388.102 87.053 37.412 145.396
388.790 92.559 37.412 145.396
389.478 91.871 37.412 145.396
388.790 94.624 37.412 145.396
389.478 96.688 37.412 145.396
389.478 96.000 37.412 145.396
390.441 96.456 38.239 148.613
391.845 96.456 38.239 148.613
393.249 97.860 38.239 148.613
393.951 98.562 38.239 148.613
394.653 100.668 38.239 148.613
398.163 101.370 38.239 148.613
398.163 99.966 38.239 148.613
398.163 99.966 38.239 148.613
397.461 98.562 38.239 148.613
397.461 99.966 38.239 148.613
398.163 99.264 38.239 148.613
398.865 99.966 38.239 148.613
398.163 102.774 38.239 148.613
391.143 104.880 38.239 148.613
390.441 105.582 38.239 148.613
389.037 109.794 38.239 148.613
388.335 109.092 38.239 148.613
388.041 116.292 37.424 145.443
387.752 115.778 36.626 142.342
385.734 122.504 36.626 142.342
387.752 121.831 36.626 142.342
388.692 122.274 37.436 145.491
392.133 124.339 37.436 145.491
394.198 124.339 37.436 145.491
396.262 126.404 37.436 145.491
388.003 126.404 37.436 145.491
382.498 126.404 37.436 145.491
385.250 127.780 37.436 145.491
382.498 129.156 37.436 145.491
380.433 129.156 37.436 145.491
378.368 129.845 37.436 145.491
376.303 131.221 37.436 145.491
376.303 131.909 37.436 145.491
375.201 129.612 38.265 148.710
374.497 130.316 38.265 148.710
374.497 130.316 38.265 148.710
371.681 130.316 38.265 148.710
373.793 130.316 38.265 148.710
364.642 129.612 38.265 148.710
368.162 131.020 38.265 148.710
373.793 126.796 38.265 148.710
373.793 123.980 38.265 148.710
373.793 122.572 38.265 148.710
374.778 120.223 39.111 152.000
381.254 120.223 39.111 152.000
372.619 120.223 39.111 152.000
377.656 118.784 39.111 152.000
371.899 124.541 39.111 152.000
374.058 121.663 39.111 152.000
375.497 124.541 39.111 152.000
375.784 119.981 39.976 155.363
377.255 123.658 39.976 155.363
379.887 106.932 39.124 152.050
382.046 109.810 39.124 152.050
384.205 113.408 39.124 152.050
388.522 116.287 39.124 152.050
382.046 133.557 39.124 152.050
384.491 137.632 39.990 155.414
386.697 133.956 39.990 155.414
387.433 140.573 39.990 155.414
388.168 137.632 39.990 155.414
388.903 135.426 39.990 155.414
388.461 137.383 40.874 158.853
388.760 132.622 41.779 162.367
389.528 126.473 41.779 162.367
379.843 133.132 42.703 165.960
383.764 129.995 42.703 165.960
385.333 128.426 42.703 165.960
385.645 131.296 43.648 169.632
387.249 126.484 43.648 169.632
388.051 133.702 43.648 169.632
389.172 130.221 44.614 173.385
391.630 134.319 44.614 173.385
396.874 129.943 45.601 177.221
398.044 125.470 46.610 181.142
402.329 129.755 46.610 181.142
406.613 125.470 46.610 181.142
409.183 132.325 46.610 181.142
412.611 128.041 46.610 181.142
411.238 121.753 47.641 185.150
405.980 129.641 47.641 185.150
407.733 124.382 47.641 185.150
410.711 128.469 48.695 189.246
411.961 121.905 49.772 193.433
417.455 127.399 49.772 193.433
407.383 122.821 49.772 193.433
409.214 120.989 49.772 193.433
414.708 127.399 49.772 193.433
427.528 122.821 49.772 193.433
429.359 120.074 49.772 193.433
426.612 128.315 49.772 193.433
423.314 122.512 50.873 197.713
413.961 118.771 50.873 197.713
402.738 126.253 50.873 197.713
404.046 120.325 51.999 202.087
405.380 113.315 53.150 206.558
404.404 118.197 53.150 206.558
407.722 110.053 54.325 211.128
409.117 104.724 55.527 215.800
411.156 110.841 55.527 215.800
412.581 105.395 56.756 220.574
402.149 112.697 56.756 220.574
408.408 110.611 56.756 220.574
411.538 108.525 56.756 220.574
413.624 112.697 56.756 220.574
402.565 106.085 58.012 225.454
415.790 99.324 59.295 230.443
421.675 95.684 60.607 235.541
421.675 106.822 60.607 235.541
418.334 103.480 60.607 235.541
414.322 101.988 61.948 240.752
410.219 100.464 63.319 246.079
412.549 102.794 63.319 246.079
414.878 102.794 63.319 246.079
417.672 101.236 64.720 251.524
420.052 102.426 64.720 251.524
422.432 103.617 64.720 251.524
424.813 101.236 64.720 251.524
426.003 104.807 64.720 251.524
428.383 103.617 64.720 251.524
430.764 103.617 64.720 251.524
433.144 105.997 64.720 251.524
434.334 103.617 64.720 251.524
434.334 102.426 64.720 251.524
435.525 98.856 64.720 251.524
437.905 94.095 64.720 251.524
439.095 91.715 64.720 251.524
442.666 88.144 64.720 251.524
431.954 86.954 64.720 251.524
447.427 86.954 64.720 251.524
433.144 85.764 64.720 251.524
426.003 84.573 64.720 251.524
427.193 94.095 64.720 251.524
427.667 90.122 66.151 257.089
426.452 91.338 66.151 257.089
426.936 87.278 67.615 262.777
428.179 92.251 67.615 262.777
427.431 89.344 69.111 268.591
427.431 90.615 69.111 268.591
426.666 88.914 70.640 274.533
425.885 87.175 72.203 280.607
427.212 87.175 72.203 280.607
427.212 85.847 72.203 280.607
425.885 88.502 72.203 280.607
426.655 95.477 70.663 274.623
426.110 97.107 69.156 268.767
427.381 99.648 69.156 268.767
428.651 98.377 69.156 268.767
430.659 102.514 67.682 263.035
433.145 101.271 67.682 263.035
434.389 100.027 67.682 263.035
434.883 95.875 69.179 268.855
437.424 94.604 69.179 268.855
438.695 93.333 69.179 268.855
439.965 92.063 69.179 268.855
439.965 98.416 69.179 268.855
439.965 94.604 69.179 268.855
439.965 97.145 69.179 268.855
441.236 95.875 69.179 268.855
442.507 93.333 69.179 268.855
439.965 99.686 69.179 268.855
439.965 95.875 69.179 268.855
441.236 93.333 69.179 268.855
442.507 100.957 69.179 268.855
445.048 97.145 69.179 268.855
434.883 95.875 69.179 268.855
442.507 95.875 69.179 268.855
432.342 98.416 69.179 268.855
440.471 92.900 70.710 274.803
426.171 91.600 70.710 274.803
435.271 89.000 70.710 274.803
454.225 43.830 69.202 268.943
456.770 40.013 69.202 268.943
456.235 40.335 67.726 263.208
452.500 37.845 67.726 263.208
449.487 34.426 66.282 257.595
450.704 45.385 66.282 257.595
448.753 36.447 67.748 263.294
445.018 32.712 67.748 263.294
443.024 26.064 69.247 269.119
445.569 26.064 69.247 269.119
446.841 23.519 69.247 269.119
449.386 20.974 69.247 269.119
448.114 17.156 69.247 269.119
446.075 10.361 70.779 275.074
448.675 6.461 70.779 275.074
451.275 2.561 70.779 275.074
455.930 1.594 69.270 269.208
455.930 -2.223 69.270 269.208
450.073 -7.747 70.802 275.164
451.375 -7.747 70.802 275.164
455.281 -7.747 70.802 275.164
456.583 -6.445 70.802 275.164
465.697 -3.841 70.802 275.164
520.379 -10.351 70.802 275.164
527.408 -13.395 72.369 281.252
556.097 -9.066 70.826 275.254
519.642 50.824 70.826 275.254
514.434 56.032 70.826 275.254
509.226 59.938 70.826 275.254
512.586 62.873 69.315 269.384
510.036 62.873 69.315 269.384
511.311 62.873 69.315 269.384
513.860 59.049 69.315 269.384
512.586 57.775 69.315 269.384
516.409 56.500 69.315 269.384
515.135 53.951 69.315 269.384
517.684 56.500 69.315 269.384
513.093 52.245 70.849 275.344
515.697 53.547 70.849 275.344
516.999 54.849 70.849 275.344
519.603 50.944 70.849 275.344
520.905 53.547 70.849 275.344
520.905 52.245 70.849 275.344
516.999 53.547 70.849 275.344
514.395 53.547 70.849 275.344
524.264 57.785 69.338 269.473
518.399 56.079 70.872 275.435
515.795 57.381 70.872 275.435
524.363 61.620 69.361 269.561
521.046 59.912 70.895 275.525
517.135 61.216 70.895 275.525
527.018 65.458 69.383 269.649
531.581 68.333 67.904 263.899
522.329 72.394 66.456 258.271
529.145 77.591 65.039 252.764
539.408 81.482 63.652 247.373
532.384 83.823 63.652 247.373
541.257 87.631 62.294 242.098
532.552 87.243 63.672 247.454
543.087 88.414 63.672 247.454
544.937 96.905 62.315 242.177
547.891 104.068 60.986 237.013
542.284 104.068 60.986 237.013
548.542 107.717 59.685 231.958
541.305 108.439 61.006 237.091
543.548 110.682 61.006 237.091
546.913 111.804 61.006 237.091
538.387 112.546 62.355 242.336
545.922 119.710 61.026 237.168
537.396 119.329 62.376 242.416
529.367 121.624 62.376 242.416
518.353 122.383 63.756 247.779
524.216 118.865 63.756 247.779
531.931 121.507 62.396 242.495
531.931 122.654 62.396 242.495
525.049 124.949 62.396 242.495
528.490 123.801 62.396 242.495
536.519 121.507 62.396 242.495
535.372 120.360 62.396 242.495
527.343 120.360 62.396 242.495
529.637 121.507 62.396 242.495
519.314 122.654 62.396 242.495
538.332 124.093 61.066 237.324
543.469 127.745 59.764 232.263
541.273 127.745 59.764 232.263
543.469 126.647 59.764 232.263
552.891 129.124 58.489 227.310
553.514 127.249 57.242 222.462
554.125 127.515 56.021 217.718
554.722 137.043 54.826 213.075
552.706 132.004 54.826 213.075
551.699 129.988 54.826 213.075
555.730 123.941 54.826 213.075
559.338 118.150 53.657 208.531
559.910 112.483 52.513 204.084
559.505 115.624 51.393 199.732
557.218 120.589 50.297 195.473
556.295 129.824 50.297 195.473
557.754 120.826 49.225 191.304
557.210 125.941 50.314 195.537
555.895 116.920 49.241 191.367
556.420 120.773 48.191 187.286
553.762 125.204 48.191 187.286
552.503 129.860 47.163 183.292
551.636 134.193 47.163 183.292
551.636 127.260 47.163 183.292
551.272 130.947 46.157 179.383
548.725 131.797 46.157 179.383
546.670 135.407 45.173 175.558
543.834 137.279 44.210 171.814
548.705 138.903 44.210 171.814
550.651 144.308 45.188 175.616
551.483 136.826 45.188 175.616
552.314 142.645 45.188 175.616
548.157 126.849 45.188 175.616
546.494 126.849 45.188 175.616
544.000 127.680 45.188 175.616
539.843 121.029 45.188 175.616
538.512 122.412 46.187 179.501
555.493 111.375 46.187 179.501
577.211 103.950 45.202 175.673
596.332 104.781 45.202 175.673
606.309 109.769 45.202 175.673
598.826 128.891 45.202 175.673
595.151 134.089 44.239 171.927
593.524 139.786 44.239 171.927
592.710 134.903 44.239 171.927
598.064 138.364 43.295 168.261
594.880 140.752 43.295 168.261
594.084 142.344 43.295 168.261
598.381 143.667 44.253 171.983
597.226 140.619 43.309 168.316
599.135 131.592 44.268 172.040
597.507 135.661 44.268 172.040
599.607 133.426 43.323 168.371
601.661 135.222 42.400 164.780
600.883 135.222 42.400 164.780
599.326 136.000 42.400 164.780
601.661 136.000 42.400 164.780
600.104 136.778 42.400 164.780
602.892 140.871 41.495 161.266
601.366 142.396 41.495 161.266
601.808 144.879 40.611 157.827
602.556 146.373 40.611 157.827
601.359 144.627 41.509 161.319
600.596 144.627 41.509 161.319
599.071 144.627 41.509 161.319
600.596 144.627 41.509 161.319
601.039 147.872 40.624 157.879
602.219 151.797 39.758 154.512
604.106 154.907 38.910 151.217
606.668 159.382 38.080 147.992
607.368 187.382 38.080 147.992
605.968 188.782 38.080 147.992
605.268 188.082 38.080 147.992
590.974 191.760 37.268 144.836
597.530 193.989 36.473 141.748
605.174 152.856 37.280 144.884
603.393 147.832 38.105 148.089
599.193 133.832 38.105 148.089
597.499 133.311 37.292 144.931
593.655 133.080 38.117 148.138
602.755 141.480 38.117 148.138
595.055 131.680 38.117 148.138
598.555 129.580 38.117 148.138
575.455 102.280 38.117 148.138
573.061 112.260 37.305 144.979
571.400 128.217 36.509 141.887
568.437 133.754 35.730 138.861
579.328 129.979 34.968 135.900
562.336 88.981 34.223 133.002
581.583 88.511 33.493 130.166
600.411 95.440 32.779 127.390
607.032 90.625 32.779 127.390
575.970 92.225 33.504 130.208
575.095 90.535 32.789 127.432
580.513 93.545 32.789 127.432
583.762 88.523 33.515 130.251
598.784 89.545 34.256 133.133
606.587 86.814 35.014 136.079
602.341 84.022 35.789 139.089
605.886 82.483 36.581 142.167
604.809 76.875 37.390 145.312
528.219 103.405 38.217 148.527
536.921 105.974 39.063 151.813
562.039 100.950 39.063 151.813
576.678 93.530 39.927 155.172
593.970 85.651 39.076 151.863
602.582 88.521 39.076 151.863
592.820 119.853 39.940 155.223
602.353 158.720 39.940 155.223
600.887 160.187 39.940 155.223
600.445 159.936 40.824 158.657
602.382 166.134 39.954 155.274
603.543 169.260 39.101 151.963
602.824 169.260 39.101 151.963
604.680 170.161 38.268 148.722
608.200 175.088 38.268 148.722
607.904 177.378 37.452 145.550
606.113 177.832 38.280 148.771
612.152 181.530 37.464 145.598
611.175 183.083 36.665 142.493
610.892 189.998 35.883 139.454
610.233 191.975 35.883 139.454
608.639 196.756 35.118 136.481
611.594 200.146 34.369 133.570
608.057 201.826 35.129 136.525
607.668 205.476 35.907 139.546
607.668 210.102 35.907 139.546
605.289 163.624 36.701 142.633
602.185 155.976 37.513 145.789
600.804 157.356 37.513 145.789
599.699 156.434 38.343 149.015
596.459 156.193 39.191 152.312
592.142 155.474 39.191 152.312
590.702 156.193 39.191 152.312
597.465 156.667 40.058 155.682
595.259 157.402 40.058 155.682
590.112 156.667 40.058 155.682
597.465 159.608 40.058 155.682
595.994 157.402 40.058 155.682
600.406 160.344 40.058 155.682
598.200 158.873 40.058 155.682
595.994 158.138 40.058 155.682
594.081 156.415 40.945 159.126
601.157 153.902 41.851 162.647
595.314 152.871 42.777 166.245
594.054 150.246 43.723 169.923
593.250 150.246 43.723 169.923
600.002 151.582 44.690 173.683
596.221 147.196 45.679 177.526
593.704 149.714 45.679 177.526
592.864 148.874 45.679 177.526
551.743 139.643 45.679 177.526
515.304 137.340 44.705 173.740
404.720 179.783 45.694 177.584
398.845 178.104 45.694 177.584
392.971 175.586 45.694 177.584
397.167 178.104 45.694 177.584
389.947 174.461 46.705 181.513
392.007 172.453 47.738 185.529
393.760 171.577 47.738 185.529
393.760 170.700 47.738 185.529
393.760 168.947 47.738 185.529
392.884 168.071 47.738 185.529
392.884 165.441 47.738 185.529
392.884 162.812 47.738 185.529
392.884 160.183 47.738 185.529
392.884 158.430 47.738 185.529
392.007 156.677 47.738 185.529
390.254 154.047 47.738 185.529
390.254 151.418 47.738 185.529
390.254 149.665 47.738 185.529
388.501 147.036 47.738 185.529
389.378 145.283 47.738 185.529
388.501 141.777 47.738 185.529
389.378 140.900 47.738 185.529
389.378 139.147 47.738 185.529
389.378 139.147 47.738 185.529
391.131 141.777 47.738 185.529
392.884 141.777 47.738 185.529
394.637 137.394 47.738 185.529
396.390 140.024 47.738 185.529
398.143 134.765 47.738 185.529
400.404 139.373 46.720 181.573
402.981 134.220 46.720 181.573
410.710 134.220 46.720 181.573
421.875 134.220 46.720 181.573
429.088 126.199 47.754 185.590
407.477 121.511 48.811 189.696
396.161 116.718 49.891 193.893
403.502 115.801 49.891 193.893
414.514 115.801 49.891 193.893
425.525 114.883 49.891 193.893
424.222 117.868 48.827 189.758
381.637 111.809 47.785 185.712
383.025 116.424 46.766 181.751
385.601 117.283 46.766 181.751
385.601 119.001 46.766 181.751
384.382 121.798 45.769 177.875
383.541 122.639 45.769 177.875
383.035 121.512 46.782 181.811
377.009 120.651 46.782 181.811
377.870 120.651 46.782 181.811
377.870 120.651 46.782 181.811
371.844 120.651 46.782 181.811
372.705 119.791 46.782 181.811
371.844 119.791 46.782 181.811
370.984 121.512 46.782 181.811
368.401 122.373 46.782 181.811
364.097 121.512 46.782 181.811
364.097 123.234 46.782 181.811
363.735 126.033 45.784 177.934
361.700 128.772 44.808 174.139
360.053 131.242 44.808 174.139
359.229 132.889 44.808 174.139
357.582 135.360 44.808 174.139
356.759 135.360 44.808 174.139
355.112 137.830 44.808 174.139
354.288 139.478 44.808 174.139
354.288 139.478 44.808 174.139
353.465 139.478 44.808 174.139
353.465 141.125 44.808 174.139
352.641 142.772 44.808 174.139
351.818 146.066 44.808 174.139
350.994 146.066 44.808 174.139
350.171 147.713 44.808 174.139
350.171 150.183 44.808 174.139
350.171 151.007 44.808 174.139
350.171 151.007 44.808 174.139
349.347 151.830 44.808 174.139
349.347 153.478 44.808 174.139
349.347 154.301 44.808 174.139
349.347 154.301 44.808 174.139
349.347 156.772 44.808 174.139
349.347 157.595 44.808 174.139
348.524 157.595 44.808 174.139
347.700 157.595 44.808 174.139
346.877 157.595 44.808 174.139
346.053 157.595 44.808 174.139
345.229 157.595 44.808 174.139
344.406 158.419 44.808 174.139
343.582 160.066 44.808 174.139
342.759 160.066 44.808 174.139
341.935 161.713 44.808 174.139
340.288 164.183 44.808 174.139
339.465 164.183 44.808 174.139
338.641 164.183 44.808 174.139
336.171 165.830 44.808 174.139
335.347 166.654 44.808 174.139
333.700 166.654 44.808 174.139
332.053 166.654 44.808 174.139
330.884 168.511 43.852 170.426
330.078 172.540 43.852 170.426
328.466 173.346 43.852 170.426
326.854 174.152 43.852 170.426
326.048 174.958 43.852 170.426
325.243 175.764 43.852 170.426
322.019 177.375 43.852 170.426
321.213 177.375 43.852 170.426
317.990 178.181 43.852 170.426
316.378 178.181 43.852 170.426
314.766 178.987 43.852 170.426
311.543 180.599 43.852 170.426
308.319 182.211 43.852 170.426
306.707 183.017 43.852 170.426
303.484 181.405 43.852 170.426
300.260 181.405 43.852 170.426
297.037 181.405 43.852 170.426
295.425 181.405 43.852 170.426
291.395 182.211 43.852 170.426
288.978 183.017 43.852 170.426
286.560 182.211 43.852 170.426
284.143 182.211 43.852 170.426
281.725 182.211 43.852 170.426
279.307 183.017 43.852 170.426
277.695 182.211 43.852 170.426
275.278 182.211 43.852 170.426
273.328 184.834 42.917 166.791
270.963 185.622 42.917 166.791
268.598 186.410 42.917 166.791
266.691 188.977 42.002 163.234
262.829 188.204 42.002 163.234
260.511 188.977 42.002 163.234
258.193 189.750 42.002 163.234
255.103 189.750 42.002 163.234
252.785 190.522 42.002 163.234
250.468 190.522 42.002 163.234
248.150 189.750 42.002 163.234
245.060 190.522 42.002 163.234
242.742 191.295 42.002 163.234
241.197 192.067 42.002 163.234
238.879 191.295 42.002 163.234
236.562 191.295 42.002 163.234
234.244 191.295 42.002 163.234
231.927 189.750 42.002 163.234
