57.000 21.000 31.000 45.000
57.596 20.106 31.000 45.000
57.596 20.404 31.000 45.000
59.086 20.106 31.000 45.000
61.769 18.914 31.000 45.000
64.749 16.827 31.000 45.000
66.537 15.337 31.000 45.000
69.473 16.330 31.686 45.996
72.208 17.241 31.686 45.996
75.855 17.849 31.686 45.996
78.286 17.849 31.686 45.996
79.806 18.761 31.686 45.996
79.806 19.369 31.686 45.996
76.463 20.585 31.686 45.996
71.296 19.977 31.686 45.996
63.698 20.281 31.686 45.996
56.708 20.281 31.686 45.996
52.453 19.369 31.686 45.996
47.894 17.849 31.686 45.996
40.904 17.241 31.686 45.996
36.041 19.369 31.686 45.996
30.267 20.281 31.686 45.996
25.404 19.369 31.686 45.996
22.669 19.673 31.686 45.996
19.022 19.065 31.686 45.996
17.806 20.888 31.686 45.996
19.326 21.192 31.686 45.996
22.095 20.163 31.010 45.015
21.829 20.345 30.349 44.055
20.661 20.637 30.349 44.055
19.784 21.806 30.349 44.055
18.908 22.682 30.349 44.055
17.479 23.152 29.702 43.115
20.055 23.438 29.702 43.115
21.486 23.152 29.702 43.115
23.777 24.584 29.702 43.115
23.234 25.043 29.068 42.196
26.019 25.879 29.068 42.196
29.917 27.271 29.068 42.196
33.815 27.549 29.068 42.196
37.434 28.941 29.068 42.196
42.725 30.333 29.068 42.196
44.395 31.726 29.068 42.196
46.901 33.675 29.068 42.196
46.623 35.067 29.068 42.196
46.623 36.459 29.068 42.196
47.136 35.157 29.711 43.129
48.854 34.298 29.711 43.129
49.098 31.817 30.369 44.084
50.267 26.850 30.369 44.084
52.312 21.007 30.369 44.084
52.896 18.670 30.369 44.084
53.772 16.917 30.369 44.084
55.525 16.041 30.369 44.084
56.694 14.872 30.369 44.084
58.447 17.793 30.369 44.084
60.200 21.299 30.369 44.084
60.524 23.814 29.721 43.144
62.558 25.133 29.087 42.224
63.710 24.462 28.467 41.323
65.935 25.726 27.860 40.442
68.918 25.620 27.266 39.579
68.946 26.568 26.684 38.735
71.542 25.439 26.115 37.909
71.821 26.095 25.558 37.101
72.338 26.245 25.013 36.310
69.952 25.426 24.480 35.535
66.893 25.662 24.480 35.535
62.893 27.073 24.480 35.535
60.331 27.923 23.958 34.778
60.331 28.382 23.958 34.778
61.019 28.841 23.958 34.778
62.396 28.611 23.958 34.778
62.625 29.529 23.958 34.778
63.543 29.758 23.958 34.778
64.231 28.382 23.958 34.778
63.772 29.070 23.958 34.778
63.772 29.299 23.958 34.778
63.313 28.611 23.958 34.778
61.478 28.382 23.958 34.778
59.872 27.694 23.958 34.778
58.954 27.923 23.958 34.778
57.807 27.923 23.958 34.778
55.284 28.382 23.958 34.778
52.990 28.841 23.958 34.778
50.696 27.923 23.958 34.778
48.631 28.152 23.958 34.778
47.025 27.923 23.958 34.778
44.731 26.776 23.958 34.778
44.466 27.079 24.488 35.547
42.819 25.903 24.488 35.547
43.995 24.256 24.488 35.547
45.172 23.785 24.488 35.547
46.583 24.491 24.488 35.547
47.525 26.138 24.488 35.547
48.466 25.197 24.488 35.547
48.727 24.164 23.966 34.789
49.186 23.476 23.966 34.789
47.606 24.306 23.455 34.047
48.508 25.208 23.455 34.047
51.214 25.208 23.455 34.047
53.042 24.218 22.955 33.321
56.587 23.996 22.955 33.321
57.917 23.332 22.955 33.321
61.019 24.439 22.955 33.321
64.342 23.775 22.955 33.321
66.558 24.883 22.955 33.321
70.546 23.996 22.955 33.321
68.741 25.622 23.462 34.058
66.452 26.598 23.981 34.812
67.841 25.673 23.981 34.812
65.956 25.982 24.512 35.582
66.390 25.823 25.054 36.369
62.978 26.627 25.609 37.174
59.483 25.968 26.175 37.996
58.691 25.046 26.754 38.837
59.462 24.532 26.754 38.837
60.489 25.303 26.754 38.837
62.031 24.532 26.754 38.837
62.801 24.789 26.754 38.837
63.572 24.019 26.754 38.837
64.856 24.532 26.754 38.837
59.719 24.532 26.754 38.837
55.866 23.505 26.754 38.837
54.068 22.478 26.754 38.837
54.068 21.450 26.754 38.837
52.784 20.166 26.754 38.837
51.499 18.625 26.754 38.837
52.527 17.083 26.754 38.837
52.784 21.964 26.754 38.837
51.974 25.130 27.346 39.696
52.237 28.020 27.346 39.696
52.722 29.946 27.951 40.575
54.065 31.558 27.951 40.575
54.603 33.170 27.951 40.575
57.289 34.244 27.951 40.575
59.438 35.050 27.951 40.575
61.318 35.587 27.951 40.575
62.393 37.199 27.951 40.575
62.930 38.005 27.951 40.575
62.930 38.005 27.951 40.575
58.901 38.811 27.951 40.575
56.483 40.154 27.951 40.575
54.871 36.930 27.951 40.575
55.438 31.722 27.355 39.709
55.701 29.357 27.355 39.709
58.094 28.729 26.772 38.863
58.865 29.500 26.772 38.863
59.636 30.784 26.772 38.863
59.407 29.914 26.201 38.034
58.654 27.154 26.201 38.034
57.650 23.138 26.201 38.034
56.897 24.142 26.201 38.034
56.897 24.393 26.201 38.034
57.399 25.146 26.201 38.034
58.683 24.798 25.642 37.223
57.721 24.701 25.096 36.429
57.024 26.054 24.560 35.652
56.580 25.258 24.037 34.892
55.679 26.556 23.524 34.148
54.552 25.879 23.524 34.148
53.424 27.232 23.524 34.148
52.522 26.105 23.524 34.148
51.169 25.879 23.524 34.148
50.493 27.007 23.524 34.148
49.140 25.654 23.524 34.148
48.463 26.781 23.524 34.148
47.111 26.105 23.524 34.148
46.434 25.203 23.524 34.148
44.179 25.879 23.524 34.148
43.503 26.105 23.524 34.148
42.375 24.977 23.524 34.148
42.601 24.752 23.524 34.148
47.111 25.654 23.524 34.148
50.718 25.654 23.524 34.148
51.620 26.330 23.524 34.148
51.169 25.654 23.524 34.148
50.518 25.341 23.022 33.420
50.075 25.341 23.022 33.420
49.213 25.033 22.531 32.707
50.075 25.896 22.531 32.707
50.075 25.249 22.531 32.707
50.507 23.954 22.531 32.707
51.370 23.307 22.531 32.707
52.473 21.715 22.051 32.009
56.073 22.350 22.051 32.009
57.343 23.833 22.051 32.009
60.096 23.197 22.051 32.009
61.367 21.927 22.051 32.009
62.182 21.149 22.539 32.718
64.554 19.424 22.539 32.718
64.305 18.630 23.037 33.441
63.828 20.033 23.547 34.181
62.215 18.978 24.068 34.938
60.133 18.747 24.068 34.938
57.588 17.821 24.068 34.938
54.811 22.449 24.068 34.938
52.266 23.606 24.068 34.938
49.686 22.062 24.601 35.711
49.923 21.825 24.601 35.711
48.737 21.351 24.601 35.711
47.551 23.249 24.601 35.711
46.839 21.825 24.601 35.711
46.364 20.876 24.601 35.711
45.178 20.639 24.601 35.711
44.229 21.825 24.601 35.711
39.721 21.113 24.601 35.711
41.382 22.062 24.601 35.711
44.906 21.430 25.145 36.501
48.765 20.465 25.145 36.501
47.559 19.501 25.145 36.501
45.871 19.259 25.145 36.501
46.353 19.983 25.145 36.501
46.594 21.430 25.145 36.501
46.594 23.359 25.145 36.501
47.318 25.048 25.145 36.501
49.934 25.367 25.701 37.308
50.428 25.367 25.701 37.308
53.145 23.391 25.701 37.308
54.381 22.156 25.701 37.308
58.087 21.909 25.701 37.308
59.322 20.920 25.701 37.308
60.804 20.673 25.701 37.308
61.298 20.179 25.701 37.308
61.793 19.191 25.701 37.308
61.755 18.778 26.270 38.134
62.514 19.537 26.270 38.134
63.273 18.272 26.270 38.134
63.526 18.272 26.270 38.134
64.538 19.284 26.270 38.134
62.767 17.766 26.270 38.134
62.476 18.609 26.851 38.977
64.806 19.386 26.851 38.977
67.653 18.609 26.851 38.977
64.547 20.421 26.851 38.977
60.665 20.680 26.851 38.977
56.523 21.198 26.851 38.977
57.327 20.060 26.279 38.146
58.339 17.531 26.279 38.146
60.363 15.001 26.279 38.146
64.663 10.701 26.279 38.146
65.927 8.931 26.279 38.146
66.901 8.762 26.860 38.990
67.381 9.625 27.454 39.853
64.469 10.419 27.454 39.853
62.616 11.477 27.454 39.853
62.881 12.536 27.454 39.853
59.704 13.330 27.454 39.853
56.556 12.961 26.869 39.003
53.478 14.930 26.296 38.171
51.987 14.072 25.735 37.357
53.470 16.790 25.735 37.357
54.705 19.261 25.735 37.357
55.693 20.496 25.735 37.357
55.940 20.990 25.735 37.357
57.670 20.002 25.735 37.357
58.164 19.755 25.735 37.357
60.140 20.743 25.735 37.357
61.623 20.249 25.735 37.357
63.599 19.755 25.735 37.357
64.368 20.647 25.186 36.561
63.885 19.200 25.186 36.561
61.501 18.143 24.649 35.781
61.501 18.380 24.649 35.781
64.111 20.041 24.649 35.781
66.746 22.083 24.123 35.018
69.985 24.628 24.123 35.018
69.060 25.554 24.123 35.018
65.821 25.091 24.123 35.018
61.656 24.166 24.123 35.018
58.150 24.241 24.657 35.793
57.201 24.004 24.657 35.793
54.591 23.529 24.657 35.793
53.642 24.478 24.657 35.793
52.420 24.082 25.203 36.585
51.448 23.596 25.203 36.585
51.205 24.082 25.203 36.585
52.177 22.623 25.203 36.585
53.636 22.867 25.203 36.585
55.095 21.165 25.203 36.585
57.769 21.408 25.203 36.585
58.012 20.678 25.203 36.585
59.471 21.165 25.203 36.585
59.922 25.136 25.760 37.394
61.651 28.348 25.760 37.394
62.392 28.595 25.760 37.394
64.122 29.089 25.760 37.394
65.357 28.101 25.760 37.394
66.592 28.101 25.760 37.394
64.616 28.348 25.760 37.394
64.616 28.595 25.760 37.394
65.357 28.595 25.760 37.394
66.592 29.089 25.760 37.394
65.851 28.348 25.760 37.394
66.345 28.842 25.760 37.394
65.357 27.854 25.760 37.394
63.134 28.348 25.760 37.394
60.663 29.089 25.760 37.394
58.439 29.583 25.760 37.394
59.428 30.325 25.760 37.394
60.416 31.066 25.760 37.394
61.404 31.066 25.760 37.394
61.898 31.560 25.760 37.394
62.145 31.807 25.760 37.394
62.392 31.807 25.760 37.394
59.181 31.807 25.760 37.394
56.463 32.795 25.760 37.394
56.425 33.864 26.330 38.221
56.640 32.176 26.913 39.067
56.898 30.623 26.913 39.067
57.895 32.003 27.508 39.931
56.836 29.621 27.508 39.931
57.365 24.856 27.508 39.931
55.777 23.003 27.508 39.931
54.983 20.885 27.508 39.931
52.865 19.032 27.508 39.931
50.748 17.974 27.508 39.931
48.630 18.238 27.508 39.931
46.777 19.826 27.508 39.931
44.924 23.003 27.508 39.931
42.542 24.062 27.508 39.931
39.895 24.326 27.508 39.931
38.307 25.915 27.508 39.931
36.454 26.709 27.508 39.931
37.777 27.768 27.508 39.931
38.865 27.929 26.922 39.080
43.006 30.258 26.922 39.080
44.328 29.640 26.348 38.246
44.834 31.663 26.348 38.246
44.796 31.493 26.930 39.093
45.313 30.716 26.930 39.093
45.572 30.199 26.930 39.093
47.901 26.834 26.930 39.093
50.748 24.764 26.930 39.093
53.596 24.764 26.930 39.093
56.184 24.764 26.930 39.093
57.737 24.764 26.930 39.093
59.290 23.987 26.930 39.093
59.290 23.469 26.930 39.093
59.548 23.211 26.930 39.093
59.807 21.916 26.930 39.093
59.031 22.175 26.930 39.093
58.513 20.881 26.930 39.093
56.184 20.622 26.930 39.093
52.043 18.293 26.930 39.093
47.901 17.258 26.930 39.093
44.278 17.258 26.930 39.093
38.066 16.481 26.930 39.093
31.596 18.293 26.930 39.093
29.486 17.084 27.526 39.958
27.104 16.025 27.526 39.958
27.633 15.496 27.526 39.958
28.956 16.290 27.526 39.958
31.074 17.878 27.526 39.958
32.927 19.202 27.526 39.958
31.339 17.349 27.526 39.958
30.770 17.965 28.135 40.842
32.123 19.048 28.135 40.842
35.099 17.154 28.135 40.842
35.870 16.161 28.758 41.745
36.934 15.699 29.394 42.669
37.739 16.074 30.044 43.613
38.027 15.209 30.044 43.613
38.027 14.633 30.044 43.613
38.603 15.497 30.044 43.613
40.621 16.939 30.044 43.613
40.909 19.821 30.044 43.613
40.909 22.127 30.044 43.613
41.197 23.280 30.044 43.613
42.927 24.145 30.044 43.613
43.215 24.721 30.044 43.613
45.809 24.433 30.044 43.613
47.539 25.586 30.044 43.613
49.844 26.450 30.044 43.613
51.574 26.739 30.044 43.613
52.439 25.297 30.044 43.613
55.321 25.009 30.044 43.613
56.762 24.145 30.044 43.613
57.627 24.145 30.044 43.613
60.797 22.127 30.044 43.613
63.103 20.974 30.044 43.613
66.274 18.092 30.044 43.613
66.562 14.633 30.044 43.613
62.527 7.715 30.044 43.613
57.627 0.797 30.044 43.613
54.700 -1.703 30.709 44.578
52.628 -0.222 30.709 44.578
52.584 6.687 31.389 45.564
51.980 19.369 31.389 45.564
51.980 31.749 31.389 45.564
51.678 38.091 31.389 45.564
51.376 39.600 31.389 45.564
51.376 38.996 31.389 45.564
51.678 37.789 31.389 45.564
53.188 34.165 31.389 45.564
54.396 32.051 31.389 45.564
53.490 28.428 31.389 45.564
52.886 25.408 31.389 45.564
52.315 24.082 30.719 44.592
51.131 24.674 30.719 44.592
49.354 25.563 30.719 44.592
49.354 25.859 30.719 44.592
49.650 24.970 30.719 44.592
48.762 25.859 30.719 44.592
48.170 26.155 30.719 44.592
48.762 26.747 30.719 44.592
48.170 26.451 30.719 44.592
48.762 27.043 30.719 44.592
48.466 26.747 30.719 44.592
48.762 27.339 30.719 44.592
47.874 27.635 30.719 44.592
47.578 27.931 30.719 44.592
48.170 27.043 30.719 44.592
47.282 27.339 30.719 44.592
46.985 27.931 30.719 44.592
46.985 27.043 30.719 44.592
46.689 27.635 30.719 44.592
46.689 28.227 30.719 44.592
46.393 26.747 30.719 44.592
47.609 26.630 30.064 43.641
47.033 27.495 30.064 43.641
47.930 26.519 29.423 42.711
48.494 27.366 29.423 42.711
47.647 26.801 29.423 42.711
48.212 26.237 29.423 42.711
49.059 26.237 29.423 42.711
48.777 26.237 29.423 42.711
49.341 26.237 29.423 42.711
49.059 24.825 29.423 42.711
50.753 24.825 29.423 42.711
49.624 23.978 29.423 42.711
51.318 24.260 29.423 42.711
50.189 23.413 29.423 42.711
47.604 23.223 30.074 43.656
47.028 22.070 30.074 43.656
48.757 22.935 30.074 43.656
48.181 22.935 30.074 43.656
48.757 23.800 30.074 43.656
49.334 23.511 30.074 43.656
49.334 23.800 30.074 43.656
49.334 23.223 30.074 43.656
49.045 24.376 30.074 43.656
48.757 25.529 30.074 43.656
48.469 24.953 30.074 43.656
47.604 24.953 30.074 43.656
47.604 24.376 30.074 43.656
47.604 25.529 30.074 43.656
47.604 24.953 30.074 43.656
47.604 24.376 30.074 43.656
47.892 25.241 30.074 43.656
48.757 24.088 30.074 43.656
48.757 24.088 30.074 43.656
49.334 23.223 30.074 43.656
50.487 23.800 30.074 43.656
50.487 23.223 30.074 43.656
50.487 23.800 30.074 43.656
50.198 22.935 30.074 43.656
51.928 22.935 30.074 43.656
50.154 23.028 30.739 44.622
49.858 22.436 30.739 44.622
50.746 23.324 30.739 44.622
52.258 23.800 30.084 43.670
53.411 23.512 30.084 43.670
53.987 24.088 30.084 43.670
52.867 23.113 29.442 42.739
53.997 24.525 29.442 42.739
53.714 25.089 29.442 42.739
53.149 25.089 29.442 42.739
54.028 23.851 28.814 41.827
53.752 24.680 28.814 41.827
53.475 23.575 28.814 41.827
52.880 25.600 29.452 42.753
53.162 26.447 29.452 42.753
53.727 25.318 29.452 42.753
53.445 25.035 29.452 42.753
53.162 25.318 29.452 42.753
53.445 25.600 29.452 42.753
52.880 25.600 29.452 42.753
53.162 25.882 29.452 42.753
53.445 25.318 29.452 42.753
52.598 25.600 29.452 42.753
51.707 25.692 30.104 43.699
51.707 24.821 30.104 43.699
51.417 25.402 30.104 43.699
52.287 25.692 30.104 43.699
52.287 24.821 30.104 43.699
51.374 24.918 30.770 44.666
51.078 24.622 30.770 44.666
50.782 25.510 30.770 44.666
50.486 25.214 30.770 44.666
51.078 25.214 30.770 44.666
51.078 24.918 30.770 44.666
51.078 24.918 30.770 44.666
51.374 24.918 30.770 44.666
51.966 24.918 30.770 44.666
51.966 24.326 30.770 44.666
51.966 24.918 30.770 44.666
52.262 24.622 30.770 44.666
52.558 25.510 30.770 44.666
53.150 25.214 30.770 44.666
