167.000 69.000 24.000 127.000
167.559 69.000 24.000 127.000
168.676 69.559 24.000 127.000
170.353 70.118 24.000 127.000
171.471 70.676 24.000 127.000
172.588 70.676 24.000 127.000
173.706 71.235 24.000 127.000
174.824 71.794 24.000 127.000
175.941 71.235 24.000 127.000
176.500 71.794 24.000 127.000
177.059 71.794 24.000 127.000
177.618 71.794 24.000 127.000
178.735 71.794 24.000 127.000
179.294 72.912 24.000 127.000
179.853 74.029 24.000 127.000
180.971 74.029 24.000 127.000
181.529 75.706 24.000 127.000
180.412 71.235 24.000 127.000
179.294 72.912 24.000 127.000
177.911 73.742 24.531 129.810
173.917 85.724 24.531 129.810
172.205 89.148 24.531 129.810
172.776 87.436 24.531 129.810
169.923 93.713 24.531 129.810
170.493 89.148 24.531 129.810
175.629 84.013 24.531 129.810
180.193 90.860 24.531 129.810
179.052 96.566 24.531 129.810
178.482 94.283 24.531 129.810
180.764 90.289 24.531 129.810
180.193 73.172 24.531 129.810
184.187 67.466 24.531 129.810
184.187 67.466 24.531 129.810
184.187 67.466 24.531 129.810
184.758 68.036 24.531 129.810
184.758 68.607 24.531 129.810
185.329 68.036 24.531 129.810
185.899 69.177 24.531 129.810
185.899 69.177 24.531 129.810
186.470 68.607 24.531 129.810
187.040 69.748 24.531 129.810
187.611 69.748 24.531 129.810
188.752 69.748 24.531 129.810
188.752 69.748 24.531 129.810
189.323 69.748 24.531 129.810
190.464 70.889 24.531 129.810
191.605 69.748 24.531 129.810
191.605 69.177 24.531 129.810
192.176 68.607 24.531 129.810
192.746 68.607 24.531 129.810
192.746 68.607 24.531 129.810
192.746 67.466 24.531 129.810
192.176 67.466 24.531 129.810
192.746 68.036 24.531 129.810
192.176 68.036 24.531 129.810
192.176 68.036 24.531 129.810
192.176 69.177 24.531 129.810
191.035 70.319 24.531 129.810
191.035 71.460 24.531 129.810
192.176 71.460 24.531 129.810
193.887 72.601 24.531 129.810
195.029 68.607 24.531 129.810
191.605 70.889 24.531 129.810
189.323 73.172 24.531 129.810
186.470 73.742 24.531 129.810
184.758 74.883 24.531 129.810
183.617 73.172 24.531 129.810
183.046 74.883 24.531 129.810
181.905 76.595 24.531 129.810
183.617 70.319 24.531 129.810
183.617 73.172 24.531 129.810
182.476 76.024 24.531 129.810
182.204 76.300 25.074 132.682
182.789 73.379 25.074 132.682
183.096 74.248 25.629 135.618
183.096 71.864 25.629 135.618
183.096 72.460 25.629 135.618
182.499 72.460 25.629 135.618
181.307 70.672 25.629 135.618
183.692 71.864 25.629 135.618
185.792 73.344 26.196 138.618
187.012 74.564 26.196 138.618
188.232 70.295 26.196 138.618
187.622 67.246 26.196 138.618
187.012 67.856 26.196 138.618
187.622 64.807 26.196 138.618
188.232 64.197 26.196 138.618
189.451 61.758 26.196 138.618
188.232 62.977 26.196 138.618
189.451 64.197 26.196 138.618
190.061 62.367 26.196 138.618
190.671 63.587 26.196 138.618
190.671 64.197 26.196 138.618
191.281 64.197 26.196 138.618
191.890 64.807 26.196 138.618
192.500 64.807 26.196 138.618
192.500 65.416 26.196 138.618
193.110 63.587 26.196 138.618
193.720 63.587 26.196 138.618
193.110 63.587 26.196 138.618
192.500 64.197 26.196 138.618
191.281 64.197 26.196 138.618
191.890 62.977 26.196 138.618
190.061 63.587 26.196 138.618
189.451 63.587 26.196 138.618
190.671 62.367 26.196 138.618
190.671 62.977 26.196 138.618
190.671 64.197 26.196 138.618
190.671 64.197 26.196 138.618
190.061 62.977 26.196 138.618
190.061 63.587 26.196 138.618
189.451 64.197 26.196 138.618
188.841 64.197 26.196 138.618
189.451 64.197 26.196 138.618
189.451 64.197 26.196 138.618
188.841 63.587 26.196 138.618
188.841 64.197 26.196 138.618
188.841 62.367 26.196 138.618
189.451 62.977 26.196 138.618
188.841 64.197 26.196 138.618
189.451 63.587 26.196 138.618
189.451 64.807 26.196 138.618
189.451 64.807 26.196 138.618
189.451 64.807 26.196 138.618
188.841 64.807 26.196 138.618
189.451 64.197 26.196 138.618
189.451 62.977 26.196 138.618
189.451 64.197 26.196 138.618
189.451 61.758 26.196 138.618
188.841 62.367 26.196 138.618
189.451 61.148 26.196 138.618
188.841 61.758 26.196 138.618
187.622 61.758 26.196 138.618
187.622 62.367 26.196 138.618
188.232 62.977 26.196 138.618
188.841 62.977 26.196 138.618
189.451 62.977 26.196 138.618
188.841 62.977 26.196 138.618
190.061 62.367 26.196 138.618
190.671 59.928 26.196 138.618
189.451 60.538 26.196 138.618
192.500 60.538 26.196 138.618
192.500 60.538 26.196 138.618
195.549 61.758 26.196 138.618
192.500 61.148 26.196 138.618
196.159 61.758 26.196 138.618
190.061 59.928 26.196 138.618
188.841 59.928 26.196 138.618
186.402 61.148 26.196 138.618
186.402 62.977 26.196 138.618
185.792 64.807 26.196 138.618
187.622 65.416 26.196 138.618
190.061 67.246 26.196 138.618
193.110 68.465 26.196 138.618
194.650 68.761 26.775 141.685
193.106 67.818 27.368 144.820
196.293 63.357 27.368 144.820
198.842 63.994 27.368 144.820
195.655 64.631 27.368 144.820
197.567 63.357 27.368 144.820
195.655 63.994 27.368 144.820
196.930 65.269 27.368 144.820
196.930 65.269 27.368 144.820
198.204 65.906 27.368 144.820
198.842 65.906 27.368 144.820
196.293 63.357 27.368 144.820
198.204 64.631 27.368 144.820
196.293 65.906 27.368 144.820
195.018 67.180 27.368 144.820
195.655 63.357 27.368 144.820
198.204 65.269 27.368 144.820
202.363 64.941 27.973 148.024
205.959 63.303 28.592 151.299
209.292 63.970 28.592 151.299
212.626 66.637 28.592 151.299
211.959 67.303 28.592 151.299
213.959 67.970 28.592 151.299
215.292 67.303 28.592 151.299
217.292 67.970 28.592 151.299
218.626 69.303 28.592 151.299
220.626 69.303 28.592 151.299
221.959 69.970 28.592 151.299
223.292 67.970 28.592 151.299
223.959 69.303 28.592 151.299
224.626 69.303 28.592 151.299
225.959 66.637 28.592 151.299
226.626 65.303 28.592 151.299
227.959 65.970 28.592 151.299
227.292 66.637 28.592 151.299
227.292 67.303 28.592 151.299
227.959 69.303 28.592 151.299
225.959 71.970 28.592 151.299
225.959 67.970 28.592 151.299
225.292 69.970 28.592 151.299
225.292 72.637 28.592 151.299
224.626 67.970 28.592 151.299
222.976 68.296 29.225 154.646
220.935 65.575 29.225 154.646
220.935 66.936 29.225 154.646
218.894 64.894 29.225 154.646
218.213 64.214 29.225 154.646
216.852 63.534 29.225 154.646
215.492 64.214 29.225 154.646
214.131 62.173 29.225 154.646
212.770 60.812 29.225 154.646
211.409 60.812 29.225 154.646
210.729 62.173 29.225 154.646
210.049 62.173 29.225 154.646
209.368 62.853 29.225 154.646
208.007 62.173 29.225 154.646
206.647 62.853 29.225 154.646
205.286 60.132 29.225 154.646
203.925 60.812 29.225 154.646
202.564 61.492 29.225 154.646
201.203 61.492 29.225 154.646
200.523 62.173 29.225 154.646
199.162 61.492 29.225 154.646
198.482 62.173 29.225 154.646
197.121 61.492 29.225 154.646
197.121 62.173 29.225 154.646
196.441 61.492 29.225 154.646
195.080 62.173 29.225 154.646
194.400 61.492 29.225 154.646
193.039 62.173 29.225 154.646
193.039 61.492 29.225 154.646
191.678 62.853 29.225 154.646
190.317 60.812 29.225 154.646
190.317 61.492 29.225 154.646
188.956 62.853 29.225 154.646
188.276 61.492 29.225 154.646
188.276 62.853 29.225 154.646
188.276 62.173 29.225 154.646
188.956 62.173 29.225 154.646
188.956 62.853 29.225 154.646
188.956 63.534 29.225 154.646
188.956 65.575 29.225 154.646
189.637 63.534 29.225 154.646
189.637 64.214 29.225 154.646
190.317 63.534 29.225 154.646
192.358 64.214 29.225 154.646
194.400 63.534 29.225 154.646
193.719 64.214 29.225 154.646
196.441 63.534 29.225 154.646
195.760 64.214 29.225 154.646
197.801 62.853 29.225 154.646
198.482 63.534 29.225 154.646
197.801 62.853 29.225 154.646
197.801 60.812 29.225 154.646
198.482 60.132 29.225 154.646
199.162 59.451 29.225 154.646
201.203 60.132 29.225 154.646
202.564 60.812 29.225 154.646
202.921 59.101 29.871 158.068
204.313 59.797 29.871 158.068
205.010 59.101 29.871 158.068
205.706 59.101 29.871 158.068
206.402 59.101 29.871 158.068
206.402 59.797 29.871 158.068
206.402 60.493 29.871 158.068
206.402 61.190 29.871 158.068
206.402 59.797 29.871 158.068
205.706 61.190 29.871 158.068
205.706 59.797 29.871 158.068
205.706 60.493 29.871 158.068
205.706 59.797 29.871 158.068
205.706 60.493 29.871 158.068
205.706 59.797 29.871 158.068
205.706 59.797 29.871 158.068
205.706 59.101 29.871 158.068
205.375 57.353 30.532 161.565
204.663 57.353 30.532 161.565
203.952 58.776 30.532 161.565
202.528 59.488 30.532 161.565
202.528 58.064 30.532 161.565
201.816 58.776 30.532 161.565
201.105 56.641 30.532 161.565
201.105 55.929 30.532 161.565
200.393 56.641 30.532 161.565
199.681 56.641 30.532 161.565
198.969 56.641 30.532 161.565
197.546 56.641 30.532 161.565
199.681 56.641 30.532 161.565
200.393 56.641 30.532 161.565
200.393 58.064 30.532 161.565
200.393 58.064 30.532 161.565
199.681 58.776 30.532 161.565
199.681 58.776 30.532 161.565
199.681 58.064 30.532 161.565
199.681 57.353 30.532 161.565
199.681 55.217 30.532 161.565
199.681 55.929 30.532 161.565
200.393 56.641 30.532 161.565
200.393 55.929 30.532 161.565
201.105 57.353 30.532 161.565
201.105 55.929 30.532 161.565
202.528 58.776 30.532 161.565
203.952 56.641 30.532 161.565
204.663 58.064 30.532 161.565
206.087 58.776 30.532 161.565
206.799 57.353 30.532 161.565
207.510 58.776 30.532 161.565
208.222 58.064 30.532 161.565
208.934 60.200 30.532 161.565
209.646 58.064 30.532 161.565
210.358 59.488 30.532 161.565
210.358 58.776 30.532 161.565
211.069 58.776 30.532 161.565
211.069 58.064 30.532 161.565
211.069 59.488 30.532 161.565
211.069 58.776 30.532 161.565
211.069 60.200 30.532 161.565
211.781 60.200 30.532 161.565
211.781 60.200 30.532 161.565
212.493 59.488 30.532 161.565
213.916 58.064 30.532 161.565
215.340 59.488 30.532 161.565
217.475 59.488 30.532 161.565
218.187 60.200 30.532 161.565
218.899 61.623 30.532 161.565
220.322 61.623 30.532 161.565
222.458 60.200 30.532 161.565
223.881 60.200 30.532 161.565
224.593 59.488 30.532 161.565
224.593 58.064 30.532 161.565
224.593 56.641 30.532 161.565
225.305 56.641 30.532 161.565
228.152 57.353 30.532 161.565
229.575 58.064 30.532 161.565
230.999 58.776 30.532 161.565
231.710 58.776 30.532 161.565
233.134 59.488 30.532 161.565
233.134 60.200 30.532 161.565
234.558 60.200 30.532 161.565
236.693 60.200 30.532 161.565
239.540 60.200 30.532 161.565
240.252 60.912 30.532 161.565
241.675 59.488 30.532 161.565
239.540 60.200 30.532 161.565
238.116 60.912 30.532 161.565
240.252 60.200 30.532 161.565
238.828 61.623 30.532 161.565
240.963 59.488 30.532 161.565
240.963 57.353 30.532 161.565
242.387 58.776 30.532 161.565
245.234 59.488 30.532 161.565
246.658 60.200 30.532 161.565
247.369 62.335 30.532 161.565
248.081 60.200 30.532 161.565
249.505 61.623 30.532 161.565
250.216 61.623 30.532 161.565
250.928 63.047 30.532 161.565
250.928 61.623 30.532 161.565
250.928 62.335 30.532 161.565
249.505 62.335 30.532 161.565
250.928 63.047 30.532 161.565
248.081 63.759 30.532 161.565
248.455 62.683 31.208 165.140
246.273 62.683 31.208 165.140
244.090 61.956 31.208 165.140
241.908 59.773 31.208 165.140
240.453 61.956 31.208 165.140
237.543 58.318 31.208 165.140
235.361 60.501 31.208 165.140
233.179 61.956 31.208 165.140
230.996 60.501 31.208 165.140
228.086 60.501 31.208 165.140
225.904 61.228 31.208 165.140
223.722 59.773 31.208 165.140
221.539 59.773 31.208 165.140
219.357 59.773 31.208 165.140
217.902 59.046 31.208 165.140
215.720 59.046 31.208 165.140
214.265 58.318 31.208 165.140
212.810 58.318 31.208 165.140
211.355 59.046 31.208 165.140
209.173 59.046 31.208 165.140
206.990 59.046 31.208 165.140
205.535 58.318 31.208 165.140
204.081 59.046 31.208 165.140
202.626 58.318 31.208 165.140
201.898 59.046 31.208 165.140
201.171 59.773 31.208 165.140
200.443 60.501 31.208 165.140
197.533 61.956 31.208 165.140
197.533 61.228 31.208 165.140
193.896 62.683 31.208 165.140
191.714 62.683 31.208 165.140
190.259 61.228 31.208 165.140
185.894 60.501 31.208 165.140
185.167 59.773 31.208 165.140
180.075 59.046 31.208 165.140
177.165 58.318 31.208 165.140
173.528 59.046 31.208 165.140
173.860 61.534 30.542 161.618
173.860 61.534 30.542 161.618
173.149 60.822 30.542 161.618
173.860 60.822 30.542 161.618
174.572 62.246 30.542 161.618
175.284 61.534 30.542 161.618
175.996 62.246 30.542 161.618
174.572 60.111 30.542 161.618
174.572 61.534 30.542 161.618
175.284 60.111 30.542 161.618
175.996 60.111 30.542 161.618
175.284 60.822 30.542 161.618
176.707 61.534 30.542 161.618
176.707 61.534 30.542 161.618
177.419 61.534 30.542 161.618
177.419 60.822 30.542 161.618
178.131 60.822 30.542 161.618
178.131 62.958 30.542 161.618
178.131 62.958 30.542 161.618
178.843 63.669 30.542 161.618
179.554 60.822 30.542 161.618
180.266 61.534 30.542 161.618
180.266 61.534 30.542 161.618
180.266 60.822 30.542 161.618
180.266 61.534 30.542 161.618
180.266 61.534 30.542 161.618
180.266 61.534 30.542 161.618
180.266 61.534 30.542 161.618
180.266 61.534 30.542 161.618
180.266 60.822 30.542 161.618
181.690 60.111 30.542 161.618
182.402 60.822 30.542 161.618
183.113 60.111 30.542 161.618
182.402 59.399 30.542 161.618
183.113 58.687 30.542 161.618
183.113 59.399 30.542 161.618
183.825 58.687 30.542 161.618
183.825 59.399 30.542 161.618
184.537 58.687 30.542 161.618
185.249 59.399 30.542 161.618
185.249 59.399 30.542 161.618
185.960 59.399 30.542 161.618
187.384 58.687 30.542 161.618
188.096 59.399 30.542 161.618
188.807 58.687 30.542 161.618
189.519 59.399 30.542 161.618
190.231 59.399 30.542 161.618
190.943 59.399 30.542 161.618
190.943 59.399 30.542 161.618
190.943 59.399 30.542 161.618
190.231 58.687 30.542 161.618
190.943 60.111 30.542 161.618
190.943 60.111 30.542 161.618
190.943 60.111 30.542 161.618
191.654 60.111 30.542 161.618
192.366 60.111 30.542 161.618
192.366 60.822 30.542 161.618
193.078 59.399 30.542 161.618
193.078 59.399 30.542 161.618
193.790 59.399 30.542 161.618
194.502 58.687 30.542 161.618
195.213 58.687 30.542 161.618
196.637 58.687 30.542 161.618
197.349 59.399 30.542 161.618
198.060 58.687 30.542 161.618
198.772 58.687 30.542 161.618
199.484 58.687 30.542 161.618
200.907 59.399 30.542 161.618
201.619 58.687 30.542 161.618
202.331 59.399 30.542 161.618
203.754 58.687 30.542 161.618
203.754 58.687 30.542 161.618
204.466 59.399 30.542 161.618
205.178 59.399 30.542 161.618
205.890 58.687 30.542 161.618
206.602 59.399 30.542 161.618
207.313 58.687 30.542 161.618
208.025 60.111 30.542 161.618
208.737 59.399 30.542 161.618
208.737 58.687 30.542 161.618
208.737 59.399 30.542 161.618
209.449 59.399 30.542 161.618
210.872 60.111 30.542 161.618
210.872 60.111 30.542 161.618
211.584 60.111 30.542 161.618
212.296 60.111 30.542 161.618
213.007 60.111 30.542 161.618
213.007 60.111 30.542 161.618
213.007 60.822 30.542 161.618
213.719 60.111 30.542 161.618
214.431 60.822 30.542 161.618
215.143 60.111 30.542 161.618
215.143 60.111 30.542 161.618
214.431 60.111 30.542 161.618
215.143 60.111 30.542 161.618
213.719 59.399 30.542 161.618
215.143 58.687 30.542 161.618
213.719 58.687 30.542 161.618
212.296 58.687 30.542 161.618
210.872 57.975 30.542 161.618
208.025 57.975 30.542 161.618
206.602 56.552 30.542 161.618
213.007 55.840 30.542 161.618
215.854 57.975 30.542 161.618
217.278 58.687 30.542 161.618
215.143 57.263 30.542 161.618
215.143 57.975 30.542 161.618
215.143 58.687 30.542 161.618
216.892 60.410 29.891 158.172
217.588 59.714 29.891 158.172
216.892 59.714 29.891 158.172
217.588 59.714 29.891 158.172
217.588 59.714 29.891 158.172
218.284 59.714 29.891 158.172
218.284 59.714 29.891 158.172
218.980 60.410 29.891 158.172
218.980 59.714 29.891 158.172
218.980 60.410 29.891 158.172
219.676 59.018 29.891 158.172
218.284 59.714 29.891 158.172
218.284 60.410 29.891 158.172
218.980 59.714 29.891 158.172
218.980 59.714 29.891 158.172
219.676 60.410 29.891 158.172
218.980 59.714 29.891 158.172
219.676 59.714 29.891 158.172
218.980 60.410 29.891 158.172
219.676 59.714 29.891 158.172
218.980 60.410 29.891 158.172
219.676 60.410 29.891 158.172
218.284 60.410 29.891 158.172
217.588 60.410 29.891 158.172
217.588 59.714 29.891 158.172
216.196 60.410 29.891 158.172
215.500 59.018 29.891 158.172
214.804 58.322 29.891 158.172
214.804 59.714 29.891 158.172
214.804 59.018 29.891 158.172
214.804 58.322 29.891 158.172
214.804 58.322 29.891 158.172
215.122 59.312 29.253 154.799
215.122 59.312 29.253 154.799
214.442 59.312 29.253 154.799
213.762 59.312 29.253 154.799
213.762 60.673 29.253 154.799
214.442 59.312 29.253 154.799
213.081 59.312 29.253 154.799
213.762 59.993 29.253 154.799
213.762 59.312 29.253 154.799
213.762 58.632 29.253 154.799
213.762 57.952 29.253 154.799
213.081 59.993 29.253 154.799
213.762 58.632 29.253 154.799
213.081 58.632 29.253 154.799
213.762 59.312 29.253 154.799
213.762 59.312 29.253 154.799
213.762 59.993 29.253 154.799
213.081 59.312 29.253 154.799
213.081 61.354 29.253 154.799
213.762 60.673 29.253 154.799
213.081 59.993 29.253 154.799
213.762 60.673 29.253 154.799
213.762 59.993 29.253 154.799
213.762 59.312 29.253 154.799
213.762 59.312 29.253 154.799
215.122 59.312 29.253 154.799
216.483 57.952 29.253 154.799
216.483 57.952 29.253 154.799
215.803 58.632 29.253 154.799
216.483 56.591 29.253 154.799
215.803 58.632 29.253 154.799
215.122 56.591 29.253 154.799
215.803 57.952 29.253 154.799
215.122 55.911 29.253 154.799
215.803 55.911 29.253 154.799
215.122 57.952 29.253 154.799
215.122 57.271 29.253 154.799
215.803 59.312 29.253 154.799
215.122 58.632 29.253 154.799
215.803 57.952 29.253 154.799
215.803 60.673 29.253 154.799
217.164 59.993 29.253 154.799
217.164 60.673 29.253 154.799
217.844 61.354 29.253 154.799
217.164 62.714 29.253 154.799
216.483 60.673 29.253 154.799
216.483 62.714 29.253 154.799
216.483 61.354 29.253 154.799
217.164 62.714 29.253 154.799
217.164 62.034 29.253 154.799
216.483 62.034 29.253 154.799
215.803 62.034 29.253 154.799
216.483 61.354 29.253 154.799
215.803 61.354 29.253 154.799
215.803 60.673 29.253 154.799
215.803 59.993 29.253 154.799
215.803 60.673 29.253 154.799
216.483 60.673 29.253 154.799
214.442 60.673 29.253 154.799
215.803 60.673 29.253 154.799
214.442 61.354 29.253 154.799
214.442 61.354 29.253 154.799
213.762 61.354 29.253 154.799
213.762 60.673 29.253 154.799
213.081 59.993 29.253 154.799
213.081 59.312 29.253 154.799
212.401 59.993 29.253 154.799
212.401 59.312 29.253 154.799
212.401 59.993 29.253 154.799
213.081 59.312 29.253 154.799
213.081 60.673 29.253 154.799
213.762 59.312 29.253 154.799
213.762 59.312 29.253 154.799
214.074 61.643 28.629 151.497
214.074 61.643 28.629 151.497
214.740 61.643 28.629 151.497
214.740 60.977 28.629 151.497
214.740 60.310 28.629 151.497
214.074 60.977 28.629 151.497
214.740 60.977 28.629 151.497
214.074 60.310 28.629 151.497
214.074 60.310 28.629 151.497
213.407 60.977 28.629 151.497
212.074 60.977 28.629 151.497
213.407 60.977 28.629 151.497
212.074 60.310 28.629 151.497
212.740 59.643 28.629 151.497
212.740 60.977 28.629 151.497
213.407 58.977 28.629 151.497
212.740 60.310 28.629 151.497
213.407 58.977 28.629 151.497
214.074 58.977 28.629 151.497
212.740 59.643 28.629 151.497
211.407 60.977 28.629 151.497
210.740 59.643 28.629 151.497
206.740 60.977 28.629 151.497
208.074 61.643 28.629 151.497
209.407 61.643 28.629 151.497
206.740 62.977 28.629 151.497
209.407 61.643 28.629 151.497
206.740 62.977 28.629 151.497
209.407 63.643 28.629 151.497
206.740 63.643 28.629 151.497
208.740 64.310 28.629 151.497
207.407 62.977 28.629 151.497
208.074 62.977 28.629 151.497
208.740 62.977 28.629 151.497
206.074 63.643 28.629 151.497
208.740 61.643 28.629 151.497
205.407 63.643 28.629 151.497
208.740 60.310 28.629 151.497
204.740 62.977 28.629 151.497
207.407 61.643 28.629 151.497
208.740 62.977 28.629 151.497
209.407 60.310 28.629 151.497
206.740 62.310 28.629 151.497
208.740 60.977 28.629 151.497
208.740 61.643 28.629 151.497
210.740 60.310 28.629 151.497
209.407 59.643 28.629 151.497
208.074 61.643 28.629 151.497
209.407 62.977 28.629 151.497
208.074 60.310 28.629 151.497
208.740 60.977 28.629 151.497
209.407 60.310 28.629 151.497
211.407 59.643 28.629 151.497
212.740 61.643 28.629 151.497
211.407 59.643 28.629 151.497
208.740 60.310 28.629 151.497
206.074 61.643 28.629 151.497
203.407 62.977 28.629 151.497
201.407 63.643 28.629 151.497
202.740 62.977 28.629 151.497
202.074 63.643 28.629 151.497
202.074 64.977 28.629 151.497
202.740 62.977 28.629 151.497
200.074 64.310 28.629 151.497
198.074 64.977 28.629 151.497
195.407 64.310 28.629 151.497
192.074 64.977 28.629 151.497
193.407 63.643 28.629 151.497
188.074 65.643 28.629 151.497
184.740 67.643 28.629 151.497
182.074 70.310 28.629 151.497
182.074 68.977 28.629 151.497
177.407 70.310 28.629 151.497
179.407 66.977 28.629 151.497
172.074 69.643 28.629 151.497
174.074 64.310 28.629 151.497
171.407 67.643 28.629 151.497
171.407 70.310 28.629 151.497
173.407 67.643 28.629 151.497
166.740 72.977 28.629 151.497
168.740 68.977 28.629 151.497
164.740 70.977 28.629 151.497
163.407 68.977 28.629 151.497
168.074 66.310 28.629 151.497
172.740 69.643 28.629 151.497
173.407 66.310 28.629 151.497
174.074 63.643 28.629 151.497
175.407 65.643 28.629 151.497
176.740 63.643 28.629 151.497
178.074 63.643 28.629 151.497
179.407 64.310 28.629 151.497
180.074 63.643 28.629 151.497
181.407 62.977 28.629 151.497
181.407 62.977 28.629 151.497
182.740 62.977 28.629 151.497
184.074 62.310 28.629 151.497
184.740 63.643 28.629 151.497
185.407 64.310 28.629 151.497
186.074 63.643 28.629 151.497
187.407 64.977 28.629 151.497
188.074 62.977 28.629 151.497
189.407 62.310 28.629 151.497
190.074 62.310 28.629 151.497
191.407 62.310 28.629 151.497
192.740 61.643 28.629 151.497
194.740 62.310 28.629 151.497
196.740 61.643 28.629 151.497
198.074 62.977 28.629 151.497
198.740 62.310 28.629 151.497
198.074 62.310 28.629 151.497
199.407 62.977 28.629 151.497
199.407 61.643 28.629 151.497
200.074 62.977 28.629 151.497
201.407 62.310 28.629 151.497
202.074 62.310 28.629 151.497
203.407 62.977 28.629 151.497
204.740 62.310 28.629 151.497
205.407 62.977 28.629 151.497
206.740 62.977 28.629 151.497
207.407 62.310 28.629 151.497
208.074 62.977 28.629 151.497
208.740 61.643 28.629 151.497
207.407 62.977 28.629 151.497
208.740 64.310 28.629 151.497
210.074 65.643 28.629 151.497
209.407 66.310 28.629 151.497
208.740 65.643 28.629 151.497
208.074 65.643 28.629 151.497
207.407 65.643 28.629 151.497
206.074 66.977 28.629 151.497
206.074 66.977 28.629 151.497
206.074 68.310 28.629 151.497
205.407 70.310 28.629 151.497
205.407 72.310 28.629 151.497
206.074 69.643 28.629 151.497
206.740 72.310 28.629 151.497
207.407 70.310 28.629 151.497
207.090 69.301 29.263 154.849
207.090 66.571 29.263 154.849
207.090 67.936 29.263 154.849
207.772 67.254 29.263 154.849
209.137 65.889 29.263 154.849
208.455 67.936 29.263 154.849
208.455 68.618 29.263 154.849
209.137 68.618 29.263 154.849
209.820 67.936 29.263 154.849
209.820 68.618 29.263 154.849
209.137 68.618 29.263 154.849
208.455 69.301 29.263 154.849
208.455 69.301 29.263 154.849
208.455 69.301 29.263 154.849
208.455 69.983 29.263 154.849
208.455 71.348 29.263 154.849
208.455 69.983 29.263 154.849
208.455 70.666 29.263 154.849
207.772 70.666 29.263 154.849
207.772 70.666 29.263 154.849
207.772 70.666 29.263 154.849
207.772 70.666 29.263 154.849
207.772 69.983 29.263 154.849
206.408 70.666 29.263 154.849
