110.000 101.000 30.000 91.000
109.539 103.765 30.000 91.000
110.000 102.843 30.000 91.000
107.696 102.382 30.000 91.000
108.618 103.765 30.000 91.000
107.235 105.147 30.000 91.000
104.931 108.373 30.000 91.000
105.853 108.833 30.000 91.000
103.088 107.912 30.000 91.000
102.296 105.523 30.664 93.013
102.296 105.993 30.664 93.013
102.296 105.052 30.664 93.013
101.486 103.082 31.342 95.071
101.968 103.564 31.342 95.071
101.139 101.066 32.036 97.175
98.186 99.589 32.036 97.175
96.710 99.097 32.036 97.175
95.725 99.589 32.036 97.175
93.265 97.620 32.036 97.175
92.280 97.128 32.036 97.175
93.757 98.113 32.036 97.175
94.249 97.620 32.036 97.175
93.265 96.144 32.036 97.175
95.725 97.128 32.036 97.175
97.202 97.128 32.036 97.175
94.741 99.097 32.036 97.175
96.067 101.610 31.352 95.102
95.102 101.127 31.352 95.102
94.620 99.680 31.352 95.102
95.585 100.645 31.352 95.102
94.620 100.645 31.352 95.102
94.620 100.162 31.352 95.102
94.137 99.198 31.352 95.102
93.173 99.198 31.352 95.102
92.690 98.233 31.352 95.102
92.344 95.734 32.046 97.207
91.851 95.734 32.046 97.207
88.899 94.257 32.046 97.207
84.811 94.310 31.363 95.134
85.293 94.792 31.363 95.134
83.846 97.204 31.363 95.134
82.399 97.686 31.363 95.134
82.399 99.133 31.363 95.134
80.952 99.616 31.363 95.134
79.023 101.063 31.363 95.134
78.540 100.580 31.363 95.134
78.540 101.063 31.363 95.134
78.540 100.098 31.363 95.134
78.058 100.098 31.363 95.134
78.058 99.133 31.363 95.134
79.505 99.133 31.363 95.134
81.917 101.063 31.363 95.134
82.399 102.027 31.363 95.134
83.364 100.098 31.363 95.134
82.052 96.634 32.057 97.238
81.068 97.126 32.057 97.238
80.576 96.634 32.057 97.238
79.099 97.618 32.057 97.238
79.591 98.602 32.057 97.238
78.115 97.618 32.057 97.238
77.964 98.655 31.373 95.165
77.964 99.137 31.373 95.165
78.447 98.655 31.373 95.165
78.447 99.620 31.373 95.165
79.412 100.584 31.373 95.165
78.929 100.584 31.373 95.165
77.000 100.584 31.373 95.165
76.852 100.152 30.704 93.135
75.434 99.207 30.704 93.135
75.434 98.262 30.704 93.135
74.962 97.789 30.704 93.135
75.289 99.727 30.049 91.149
76.211 100.649 30.049 91.149
75.750 99.267 30.049 91.149
76.211 100.649 30.049 91.149
75.750 98.345 30.049 91.149
77.132 98.345 30.049 91.149
77.593 98.806 30.049 91.149
76.671 98.806 30.049 91.149
77.132 98.806 30.049 91.149
75.289 98.806 30.049 91.149
75.289 98.806 30.049 91.149
76.671 98.806 30.049 91.149
76.211 99.727 30.049 91.149
76.671 100.188 30.049 91.149
77.132 102.031 30.049 91.149
78.054 101.570 30.049 91.149
78.054 100.649 30.049 91.149
76.671 100.649 30.049 91.149
76.671 99.267 30.049 91.149
75.149 101.621 29.408 89.205
75.149 100.719 29.408 89.205
76.051 102.072 29.408 89.205
76.051 99.366 29.408 89.205
74.823 98.830 30.059 91.179
75.286 99.756 30.059 91.179
75.749 99.756 30.059 91.179
76.212 100.218 30.059 91.179
73.565 98.747 30.724 93.197
74.038 97.802 30.724 93.197
71.675 97.802 30.724 93.197
72.148 97.329 30.724 93.197
73.093 98.274 30.724 93.197
73.093 98.274 30.724 93.197
73.565 98.747 30.724 93.197
75.456 97.802 30.724 93.197
75.456 98.747 30.724 93.197
75.456 99.219 30.724 93.197
76.401 100.164 30.724 93.197
75.928 100.637 30.724 93.197
73.565 99.219 30.724 93.197
74.510 98.747 30.724 93.197
72.753 96.298 31.404 95.258
71.306 96.781 31.404 95.258
69.859 96.298 31.404 95.258
69.376 94.851 31.404 95.258
69.376 95.334 31.404 95.258
68.894 93.404 31.404 95.258
67.929 92.439 31.404 95.258
68.264 93.455 30.734 93.227
67.792 91.565 30.734 93.227
67.319 91.565 30.734 93.227
67.792 92.510 30.734 93.227
68.737 92.983 30.734 93.227
68.264 93.455 30.734 93.227
70.627 92.510 30.734 93.227
72.517 93.455 30.734 93.227
73.462 94.873 30.734 93.227
