326.000 414.000 15.000 42.000
326.871 416.176 15.000 42.000
327.306 416.829 15.000 42.000
326.871 415.959 15.000 42.000
326.653 415.741 15.000 42.000
326.000 416.829 15.000 42.000
324.259 417.918 15.000 42.000
322.518 419.659 15.000 42.000
320.994 419.659 15.000 42.000
320.341 419.006 15.000 42.000
319.471 419.441 15.000 42.000
317.294 420.094 15.000 42.000
316.206 420.312 15.000 42.000
315.771 420.747 15.000 42.000
316.859 420.094 15.000 42.000
316.859 420.965 15.000 42.000
317.512 421.400 15.000 42.000
317.512 422.488 15.000 42.000
317.729 422.924 15.000 42.000
318.165 422.271 15.000 42.000
317.294 423.576 15.000 42.000
316.206 422.706 15.000 42.000
317.512 421.400 15.000 42.000
319.253 422.488 15.000 42.000
319.035 423.794 15.000 42.000
318.818 423.576 15.000 42.000
320.559 424.447 15.000 42.000
323.606 428.365 15.000 42.000
325.129 430.976 15.000 42.000
322.735 432.500 15.000 42.000
322.518 431.412 15.000 42.000
321.647 430.324 15.000 42.000
321.481 429.424 15.332 42.929
320.587 428.082 15.332 42.929
319.693 426.741 15.332 42.929
318.575 426.965 15.332 42.929
316.116 427.859 15.332 42.929
315.669 429.871 15.332 42.929
314.775 432.553 15.332 42.929
313.658 435.682 15.332 42.929
312.763 438.141 15.332 42.929
312.093 440.377 15.332 42.929
309.858 439.706 15.332 42.929
308.963 435.459 15.332 42.929
309.634 432.553 15.332 42.929
308.293 427.859 15.332 42.929
305.387 424.059 15.332 42.929
300.693 420.035 15.332 42.929
300.693 421.600 15.332 42.929
299.799 421.600 15.332 42.929
299.352 422.718 15.332 42.929
301.363 426.741 15.332 42.929
301.363 425.400 15.332 42.929
300.693 425.400 15.332 42.929
299.799 424.282 15.332 42.929
299.352 423.165 15.332 42.929
297.340 423.612 15.332 42.929
294.211 422.494 15.332 42.929
293.763 422.941 15.332 42.929
292.869 422.271 15.332 42.929
291.528 421.377 15.332 42.929
287.559 418.666 15.671 43.879
287.559 416.847 15.671 43.879
286.876 416.619 15.671 43.879
285.966 417.074 15.671 43.879
285.512 418.211 15.671 43.879
286.649 419.576 15.671 43.879
288.696 420.713 15.671 43.879
288.241 420.941 15.671 43.879
288.923 420.486 15.671 43.879
288.923 420.713 15.671 43.879
288.923 419.804 15.671 43.879
288.468 420.031 15.671 43.879
288.241 418.439 15.671 43.879
287.331 417.074 15.671 43.879
287.559 414.572 15.671 43.879
286.876 412.298 15.671 43.879
286.194 411.388 15.671 43.879
285.966 408.886 15.671 43.879
284.602 405.474 15.671 43.879
284.147 402.745 15.671 43.879
282.782 398.423 15.671 43.879
282.327 395.011 15.671 43.879
282.100 390.690 15.671 43.879
280.962 386.823 15.671 43.879
279.825 384.321 15.671 43.879
279.370 384.094 15.671 43.879
279.143 382.957 15.671 43.879
278.233 379.317 15.671 43.879
278.233 377.953 15.671 43.879
278.233 377.043 15.671 43.879
278.233 376.588 15.671 43.879
279.825 375.678 15.671 43.879
279.825 376.360 15.671 43.879
279.825 377.498 15.671 43.879
280.053 378.862 15.671 43.879
280.280 379.317 15.671 43.879
280.280 381.819 15.671 43.879
280.280 383.866 15.671 43.879
280.280 385.459 15.671 43.879
279.825 385.004 15.671 43.879
279.598 384.549 15.671 43.879
279.598 385.231 15.671 43.879
278.461 384.549 15.671 43.879
277.551 385.459 15.671 43.879
274.821 385.686 15.671 43.879
273.229 385.231 15.671 43.879
269.817 385.459 15.671 43.879
266.861 385.686 15.671 43.879
265.723 384.094 15.671 43.879
263.449 383.639 15.671 43.879
263.904 384.776 15.671 43.879
263.221 386.141 15.671 43.879
263.221 386.823 15.671 43.879
262.766 386.823 15.671 43.879
262.539 386.823 15.671 43.879
262.766 387.051 15.671 43.879
261.402 387.506 15.671 43.879
261.629 387.733 15.671 43.879
261.629 387.051 15.671 43.879
261.402 386.368 15.671 43.879
261.174 387.506 15.671 43.879
260.492 387.733 15.671 43.879
260.492 387.960 15.671 43.879
260.719 388.870 15.671 43.879
261.174 391.372 15.671 43.879
262.084 394.557 15.671 43.879
262.994 397.059 15.671 43.879
262.994 397.286 15.671 43.879
262.994 398.196 15.671 43.879
263.048 397.938 16.018 44.850
263.281 398.171 16.018 44.850
263.748 396.071 16.018 44.850
263.281 396.071 16.018 44.850
264.215 396.304 16.018 44.850
264.448 393.738 16.018 44.850
264.448 393.738 16.018 44.850
264.448 393.971 16.018 44.850
263.748 394.204 16.018 44.850
263.048 394.204 16.018 44.850
262.115 394.904 16.018 44.850
261.181 395.838 16.018 44.850
261.181 396.071 16.018 44.850
260.715 396.304 16.018 44.850
259.548 395.838 16.018 44.850
258.848 395.138 16.018 44.850
259.081 393.271 16.018 44.850
258.381 393.271 16.018 44.850
256.748 392.571 16.018 44.850
255.348 391.171 16.018 44.850
254.181 388.371 16.018 44.850
251.148 389.304 16.018 44.850
250.448 388.371 16.018 44.850
248.115 385.571 16.018 44.850
244.615 383.471 16.018 44.850
241.115 380.204 16.018 44.850
239.715 377.871 16.018 44.850
237.148 380.671 16.018 44.850
237.381 386.271 16.018 44.850
236.448 389.538 16.018 44.850
235.515 392.104 16.018 44.850
236.915 395.371 16.018 44.850
244.148 399.571 16.018 44.850
251.381 400.738 16.018 44.850
258.848 398.171 16.018 44.850
267.015 397.238 16.018 44.850
275.181 398.404 16.018 44.850
279.848 399.104 16.018 44.850
278.448 396.304 16.018 44.850
276.637 390.675 16.372 45.842
277.168 383.999 16.734 46.856
276.439 382.054 16.734 46.856
271.819 385.215 16.734 46.856
264.282 390.807 16.734 46.856
253.097 395.184 16.734 46.856
243.858 393.238 16.734 46.856
239.482 389.105 16.734 46.856
235.105 383.270 16.734 46.856
230.729 379.866 16.734 46.856
223.678 380.838 16.734 46.856
219.788 384.972 16.734 46.856
215.897 387.403 16.734 46.856
211.764 387.403 16.734 46.856
207.631 388.619 16.734 46.856
202.039 391.780 16.734 46.856
198.878 394.697 16.734 46.856
195.231 394.940 16.734 46.856
191.827 394.697 16.734 46.856
191.584 396.156 16.734 46.856
188.180 397.858 16.734 46.856
186.478 401.019 16.734 46.856
185.748 403.207 16.734 46.856
185.748 400.533 16.734 46.856
186.964 400.533 16.734 46.856
188.423 400.289 16.734 46.856
189.882 400.046 16.734 46.856
194.015 400.776 16.734 46.856
197.419 398.101 16.734 46.856
200.094 394.697 16.734 46.856
203.254 391.780 16.734 46.856
204.713 390.078 16.734 46.856
207.631 388.862 16.734 46.856
208.847 390.807 16.734 46.856
211.278 393.725 16.734 46.856
215.168 396.642 16.734 46.856
217.843 398.101 16.734 46.856
220.031 396.642 16.734 46.856
221.733 395.184 16.734 46.856
220.517 393.725 16.734 46.856
215.897 394.697 16.734 46.856
211.764 397.129 16.734 46.856
209.333 398.831 16.734 46.856
208.117 401.262 16.734 46.856
207.874 402.721 16.734 46.856
206.415 404.909 16.734 46.856
205.443 404.909 16.734 46.856
205.686 406.125 16.734 46.856
206.901 407.827 16.734 46.856
206.230 406.336 17.105 47.893
207.973 406.336 17.105 47.893
210.961 408.328 17.105 47.893
211.957 405.340 17.105 47.893
212.455 404.842 17.105 47.893
212.954 406.336 17.105 47.893
215.195 406.834 17.105 47.893
217.685 406.087 17.105 47.893
217.685 405.091 17.105 47.893
218.183 407.332 17.105 47.893
220.673 411.814 17.105 47.893
220.175 416.297 17.105 47.893
219.737 418.755 17.483 48.953
220.756 421.304 17.483 48.953
219.798 425.351 17.870 50.036
217.012 426.609 18.265 51.143
214.957 428.161 18.669 52.274
212.857 430.288 19.083 53.431
211.816 434.397 19.505 54.613
209.826 433.829 19.505 54.613
208.120 430.417 19.505 54.613
210.110 429.564 19.505 54.613
209.895 427.823 19.936 55.821
208.513 425.754 20.377 57.057
208.880 425.419 20.828 58.319
208.348 422.358 21.289 59.609
209.661 422.318 21.760 60.928
209.105 418.803 22.241 62.276
208.859 419.085 22.734 63.654
209.270 420.037 23.237 65.062
210.025 420.667 23.751 66.502
211.487 421.657 24.276 67.973
212.631 422.316 24.813 69.477
214.882 424.434 25.362 71.014
217.550 424.754 25.923 72.585
219.432 426.637 25.923 72.585
219.899 425.457 26.497 74.191
221.911 426.558 27.083 75.833
223.188 429.266 27.682 77.511
223.188 430.472 27.682 77.511
221.676 432.428 28.295 79.226
220.441 434.899 28.295 79.226
217.245 437.317 28.921 80.978
214.827 439.778 29.561 82.770
210.206 439.721 30.215 84.601
210.311 438.785 30.883 86.473
212.215 439.175 31.567 88.386
210.030 439.115 32.265 90.342
207.799 439.990 32.979 92.341
203.971 437.598 32.979 92.341
204.450 440.469 32.979 92.341
205.407 437.598 32.979 92.341
204.928 434.249 32.979 92.341
202.536 431.857 32.979 92.341
199.187 428.986 32.979 92.341
198.344 420.788 33.709 94.384
197.854 418.337 33.709 94.384
194.422 410.985 33.709 94.384
194.912 411.965 33.709 94.384
194.912 411.475 33.709 94.384
196.873 411.965 33.709 94.384
198.344 413.436 33.709 94.384
201.285 413.926 33.709 94.384
202.756 414.416 33.709 94.384
203.363 411.901 34.454 96.472
202.863 413.901 34.454 96.472
202.863 414.901 34.454 96.472
202.363 411.901 34.454 96.472
200.863 408.401 34.454 96.472
193.863 409.401 34.454 96.472
181.863 411.401 34.454 96.472
178.363 414.401 34.454 96.472
170.363 417.901 34.454 96.472
166.982 417.334 35.217 98.607
160.841 419.893 35.217 98.607
152.652 419.381 35.217 98.607
148.558 420.405 35.217 98.607
148.558 423.475 35.217 98.607
150.094 425.010 35.217 98.607
151.629 427.569 35.217 98.607
151.239 429.037 35.996 100.788
155.951 431.655 35.996 100.788
160.663 432.702 35.996 100.788
166.422 433.749 35.996 100.788
167.469 433.749 35.996 100.788
172.181 433.749 35.996 100.788
174.798 438.461 35.996 100.788
174.798 441.602 35.996 100.788
175.322 442.649 35.996 100.788
176.892 443.173 35.996 100.788
176.369 442.649 35.996 100.788
178.463 442.649 35.996 100.788
178.463 442.126 35.996 100.788
177.939 436.367 35.996 100.788
173.228 432.178 35.996 100.788
165.898 423.278 35.996 100.788
163.804 417.520 35.996 100.788
163.406 413.787 36.792 103.018
163.941 408.434 36.792 103.018
172.506 410.040 36.792 103.018
181.071 415.393 36.792 103.018
191.241 418.069 36.792 103.018
197.665 419.675 36.792 103.018
206.358 420.677 37.606 105.297
215.111 425.600 37.606 105.297
220.581 430.524 37.606 105.297
227.146 433.259 37.606 105.297
232.616 435.447 37.606 105.297
240.275 432.165 37.606 105.297
244.652 431.071 37.606 105.297
248.481 425.600 37.606 105.297
250.669 420.130 37.606 105.297
252.311 416.847 37.606 105.297
255.046 416.300 37.606 105.297
256.687 414.112 37.606 105.297
257.781 411.924 37.606 105.297
257.234 412.471 37.606 105.297
257.234 414.112 37.606 105.297
258.328 416.300 37.606 105.297
258.328 417.394 37.606 105.297
256.140 416.300 37.606 105.297
255.593 415.753 37.606 105.297
252.858 413.565 37.606 105.297
250.669 411.924 37.606 105.297
251.216 410.830 37.606 105.297
253.405 407.000 37.606 105.297
259.422 404.812 37.606 105.297
256.687 404.812 37.606 105.297
255.046 405.359 37.606 105.297
253.405 407.000 37.606 105.297
252.311 400.983 37.606 105.297
252.311 398.247 37.606 105.297
251.348 393.253 38.438 107.627
249.671 388.224 38.438 107.627
248.687 386.474 39.289 110.008
248.116 384.762 39.289 110.008
249.828 380.768 39.289 110.008
252.111 376.204 39.289 110.008
257.246 371.639 39.289 110.008
260.099 368.215 39.289 110.008
260.099 365.362 39.289 110.008
259.528 368.215 39.289 110.008
258.958 365.933 39.289 110.008
261.811 367.645 39.289 110.008
262.381 371.639 39.289 110.008
262.952 373.351 39.289 110.008
263.522 373.351 39.289 110.008
264.093 375.633 39.289 110.008
262.952 383.621 39.289 110.008
262.381 391.610 39.289 110.008
258.387 396.745 39.289 110.008
257.246 401.880 39.289 110.008
256.241 404.087 40.158 112.442
254.488 404.087 40.158 112.442
254.043 402.843 41.046 114.930
257.620 404.035 41.046 114.930
257.620 405.823 41.046 114.930
257.024 403.439 41.046 114.930
258.358 400.975 41.955 117.473
259.113 400.895 42.883 120.072
261.608 397.154 42.883 120.072
264.725 396.531 42.883 120.072
263.004 398.944 43.832 122.729
261.882 399.498 44.801 125.444
262.533 399.498 44.801 125.444
261.231 398.196 44.801 125.444
256.178 393.553 45.793 128.219
255.513 394.218 45.793 128.219
258.172 395.547 45.793 128.219
254.849 398.206 45.793 128.219
254.342 397.452 46.806 131.056
254.505 399.404 47.841 133.956
251.191 395.138 48.900 136.920
249.940 394.333 49.982 139.949
250.668 397.971 49.982 139.949
247.758 397.971 49.982 139.949
247.205 397.877 51.088 143.045
251.099 402.240 52.218 146.210
251.280 410.487 53.373 149.445
249.913 411.940 54.554 152.752
250.705 417.485 54.554 152.752
250.894 423.717 55.761 156.131
250.894 431.815 55.761 156.131
250.894 435.054 55.761 156.131
247.038 434.137 56.995 159.586
242.270 430.716 58.256 163.117
237.390 421.288 59.545 166.725
232.408 419.444 60.862 170.414
227.987 407.063 60.862 170.414
221.123 394.566 62.209 174.185
216.603 385.527 62.209 174.185
218.411 380.104 62.209 174.185
219.315 383.719 62.209 174.185
219.531 377.273 63.585 178.039
223.445 375.303 64.992 181.978
222.726 372.345 66.430 186.004
221.991 375.111 67.900 190.119
223.964 379.056 67.900 190.119
225.936 384.974 67.900 190.119
227.158 376.953 69.402 194.326
228.166 373.929 69.402 194.326
228.166 371.914 69.402 194.326
227.158 371.914 69.402 194.326
227.158 368.890 69.402 194.326
226.390 364.725 70.938 198.625
227.421 366.787 70.938 198.625
233.610 377.101 70.938 198.625
234.641 390.509 70.938 198.625
234.641 403.917 70.938 198.625
237.735 405.980 70.938 198.625
237.735 399.791 70.938 198.625
237.735 407.011 70.938 198.625
233.856 401.720 72.507 203.020
230.697 401.720 72.507 203.020
219.366 398.421 74.111 207.511
213.984 390.885 74.111 207.511
209.678 380.121 74.111 207.511
210.754 376.891 74.111 207.511
210.754 374.738 74.111 207.511
209.678 371.509 74.111 207.511
210.754 369.356 74.111 207.511
211.831 371.509 74.111 207.511
210.754 374.738 74.111 207.511
212.907 383.350 74.111 207.511
213.984 384.427 74.111 207.511
216.137 384.427 74.111 207.511
224.748 385.503 74.111 207.511
226.901 383.350 74.111 207.511
229.054 383.350 74.111 207.511
226.901 382.274 74.111 207.511
226.615 378.027 72.531 203.086
225.279 373.864 70.984 198.755
223.973 373.920 69.470 194.517
222.694 370.945 67.989 190.369
219.729 366.004 67.989 190.369
217.489 370.998 66.539 186.309
213.623 366.165 66.539 186.309
210.466 368.152 65.120 182.336
207.372 371.043 63.731 178.448
206.200 372.946 62.372 174.642
204.388 372.946 62.372 174.642
203.483 370.228 62.372 174.642
202.577 372.040 62.372 174.642
201.671 371.134 62.372 174.642
203.242 368.467 61.042 170.918
202.355 364.921 61.042 170.918
203.006 369.403 59.740 167.273
206.249 369.449 58.466 163.706
206.873 374.591 57.220 160.215
206.041 372.928 57.220 160.215
208.535 369.602 57.220 160.215
208.535 374.591 57.220 160.215
210.396 371.987 58.486 163.759
213.800 374.540 58.486 163.759
213.800 374.540 58.486 163.759
214.651 371.987 58.486 163.759
327.832 485.167 58.486 163.759
331.236 477.509 58.486 163.759
335.491 475.807 58.486 163.759
338.044 474.956 58.486 163.759
339.745 472.403 58.486 163.759
340.596 469.850 58.486 163.759
342.298 471.552 58.486 163.759
344.000 473.254 58.486 163.759
344.000 468.999 58.486 163.759
345.055 469.740 59.780 167.383
345.924 468.003 59.780 167.383
347.661 472.346 59.780 167.383
344.187 467.134 59.780 167.383
347.661 468.871 59.780 167.383
349.398 468.003 59.780 167.383
347.661 466.266 59.780 167.383
349.398 470.609 59.780 167.383
345.055 464.528 59.780 167.383
349.398 468.871 59.780 167.383
342.449 462.791 59.780 167.383
343.955 454.152 58.505 163.813
349.061 462.662 58.505 163.813
346.508 459.258 58.505 163.813
343.105 443.089 58.505 163.813
338.850 426.070 58.505 163.813
343.955 422.666 58.505 163.813
339.473 416.754 57.257 160.320
342.799 415.091 57.257 160.320
345.072 411.812 56.036 156.901
340.787 410.230 54.841 153.555
343.979 411.826 54.841 153.555
344.778 407.038 54.841 153.555
345.576 401.452 54.841 153.555
346.374 395.866 54.841 153.555
343.766 391.119 53.672 150.280
344.338 392.721 52.527 147.076
345.101 386.619 52.527 147.076
345.101 388.145 52.527 147.076
345.101 388.907 52.527 147.076
338.034 385.136 51.407 143.939
337.287 387.377 51.407 143.939
336.540 389.619 51.407 143.939
331.310 392.607 51.407 143.939
323.641 393.395 50.311 140.870
316.864 394.897 49.238 137.866
315.432 396.328 49.238 137.866
308.800 394.935 48.188 134.926
307.400 395.635 48.188 134.926
303.900 389.335 48.188 134.926
303.200 391.435 48.188 134.926
300.400 388.635 48.188 134.926
297.600 387.235 48.188 134.926
296.714 387.974 47.160 132.048
297.400 385.229 47.160 132.048
296.714 383.170 47.160 132.048
296.531 383.205 46.154 129.232
294.519 381.194 46.154 129.232
291.837 378.511 46.154 129.232
291.837 377.170 46.154 129.232
291.837 374.488 46.154 129.232
292.507 370.464 46.154 129.232
293.178 366.441 46.154 129.232
294.340 363.125 45.170 126.476
293.684 361.154 45.170 126.476
294.165 358.561 44.207 123.779
294.165 359.205 44.207 123.779
292.879 356.632 44.207 123.779
293.350 354.093 43.264 121.140
291.462 350.946 43.264 121.140
290.833 347.169 43.264 121.140
289.574 344.022 43.264 121.140
290.203 341.505 43.264 121.140
291.462 343.393 43.264 121.140
293.501 339.535 44.221 123.820
294.787 337.606 44.221 123.820
295.431 335.676 44.221 123.820
290.929 329.245 44.221 123.820
283.211 324.743 44.221 123.820
279.352 318.955 44.221 123.820
283.854 313.810 44.221 123.820
291.572 306.735 44.221 123.820
294.787 299.661 44.221 123.820
292.215 297.088 44.221 123.820
289.642 297.731 44.221 123.820
291.572 299.018 44.221 123.820
288.356 298.374 44.221 123.820
285.783 295.802 44.221 123.820
284.497 294.516 44.221 123.820
283.211 286.798 44.221 123.820
286.427 279.080 44.221 123.820
288.356 275.865 44.221 123.820
290.757 272.040 43.278 121.179
291.386 267.634 43.278 121.179
293.275 264.487 43.278 121.179
294.533 258.822 43.278 121.179
296.422 253.157 43.278 121.179
298.142 250.673 42.355 118.595
297.526 246.979 42.355 118.595
297.526 243.285 42.355 118.595
296.295 238.359 42.355 118.595
297.526 233.434 42.355 118.595
299.989 229.740 42.355 118.595
301.220 230.971 42.355 118.595
300.605 227.893 42.355 118.595
299.989 228.508 42.355 118.595
298.142 230.355 42.355 118.595
296.295 230.355 42.355 118.595
294.448 224.814 42.355 118.595
291.369 221.736 42.355 118.595
285.828 218.657 42.355 118.595
280.287 213.732 42.355 118.595
279.671 208.191 42.355 118.595
274.130 209.422 42.355 118.595
272.283 202.034 42.355 118.595
269.820 195.261 42.355 118.595
271.052 195.261 42.355 118.595
270.436 189.720 42.355 118.595
271.667 185.410 42.355 118.595
274.130 180.485 42.355 118.595
275.977 182.948 42.355 118.595
277.824 187.873 42.355 118.595
277.824 185.410 42.355 118.595
280.287 189.104 42.355 118.595
282.134 172.481 42.355 118.595
279.056 166.940 42.355 118.595
279.056 167.555 42.355 118.595
279.056 168.787 42.355 118.595
277.824 170.018 42.355 118.595
277.824 171.250 42.355 118.595
275.977 165.708 42.355 118.595
274.130 166.940 42.355 118.595
272.283 168.787 42.355 118.595
275.362 169.402 42.355 118.595
277.209 165.093 42.355 118.595
276.740 167.475 43.292 121.219
278.628 173.140 43.292 121.219
275.481 165.587 43.292 121.219
277.369 161.181 43.292 121.219
279.887 156.145 43.292 121.219
282.405 152.369 43.292 121.219
277.369 147.963 43.292 121.219
279.258 152.369 43.292 121.219
275.481 146.704 43.292 121.219
277.999 154.257 43.292 121.219
279.258 155.516 43.292 121.219
276.111 154.887 43.292 121.219
277.999 158.663 43.292 121.219
273.593 152.998 43.292 121.219
277.369 149.851 43.292 121.219
272.964 146.075 43.292 121.219
276.111 152.369 43.292 121.219
272.964 147.334 43.292 121.219
272.964 148.592 43.292 121.219
270.446 144.187 43.292 121.219
270.446 141.040 43.292 121.219
269.817 136.004 43.292 121.219
267.928 129.710 43.292 121.219
264.781 125.304 43.292 121.219
262.414 120.816 44.250 123.901
260.485 116.957 44.250 123.901
259.670 112.490 43.307 121.259
260.929 106.196 43.307 121.259
261.558 101.790 43.307 121.259
266.594 98.643 43.307 121.259
267.223 96.126 43.307 121.259
267.223 92.349 43.307 121.259
267.853 89.202 43.307 121.259
267.853 93.608 43.307 121.259
265.964 91.090 43.307 121.259
265.964 88.573 43.307 121.259
264.076 85.426 43.307 121.259
262.817 82.278 43.307 121.259
265.335 79.131 43.307 121.259
262.188 73.467 43.307 121.259
262.817 66.543 43.307 121.259
265.335 60.878 43.307 121.259
260.929 62.767 43.307 121.259
264.076 63.396 43.307 121.259
260.300 58.361 43.307 121.259
263.447 55.214 43.307 121.259
259.041 58.361 43.307 121.259
262.188 52.696 43.307 121.259
259.041 47.661 43.307 121.259
260.300 43.884 43.307 121.259
260.929 38.220 43.307 121.259
257.782 33.184 43.307 121.259
260.300 34.443 43.307 121.259
260.300 26.261 43.307 121.259
260.300 19.967 43.307 121.259
258.411 13.043 43.307 121.259
259.670 14.302 43.307 121.259
258.411 7.378 43.307 121.259
256.523 1.714 43.307 121.259
258.244 -1.399 42.383 118.673
259.475 -8.172 42.383 118.673
257.012 -13.713 42.383 118.673
258.696 -14.295 41.479 116.142
259.740 -15.464 40.595 113.665
254.861 -17.203 39.729 111.241
257.175 -21.830 39.729 111.241
259.912 -25.850 38.882 108.869
265.559 -27.544 38.882 108.869
265.559 -29.238 38.882 108.869
265.559 -30.933 38.882 108.869
312.430 -26.980 38.882 108.869
345.183 19.326 38.882 108.869
346.877 15.373 38.882 108.869
350.680 12.016 38.053 106.547
351.785 13.122 38.053 106.547
351.785 8.699 38.053 106.547
355.656 4.828 38.053 106.547
355.103 4.828 38.053 106.547
354.550 0.958 38.053 106.547
357.315 -4.019 38.053 106.547
359.527 -8.995 38.053 106.547
361.185 -7.336 38.053 106.547
363.397 -11.207 38.053 106.547
361.738 -13.972 38.053 106.547
366.162 -11.760 38.053 106.547
365.609 -14.525 38.053 106.547
363.950 -13.419 38.053 106.547
368.226 -15.047 37.241 104.275
370.391 -12.883 37.241 104.275
370.247 -15.018 36.447 102.052
371.306 -12.900 36.447 102.052
373.283 -15.518 35.670 99.875
373.800 -14.483 35.670 99.875
375.353 -13.965 35.670 99.875
376.389 -15.518 35.670 99.875
378.459 -15.000 35.670 99.875
382.083 -12.412 35.670 99.875
386.087 -7.724 34.909 97.745
390.149 -9.247 34.909 97.745
395.736 -9.755 34.909 97.745
400.171 -13.283 34.165 95.661
404.139 -13.780 34.165 95.661
401.659 -12.787 34.165 95.661
398.682 -11.795 34.165 95.661
396.202 -11.299 34.165 95.661
