264.000 311.000 37.000 69.000
265.647 310.176 37.000 69.000
266.471 309.353 37.000 69.000
267.706 306.471 37.000 69.000
268.118 302.353 37.000 69.000
270.588 299.059 37.000 69.000
271.824 297.412 37.000 69.000
272.647 298.235 37.000 69.000
270.176 297.412 37.000 69.000
271.000 297.412 37.000 69.000
268.529 298.647 37.000 69.000
266.059 299.471 37.000 69.000
267.706 300.294 37.000 69.000
265.235 297.412 37.000 69.000
266.882 294.941 37.000 69.000
264.000 296.176 37.000 69.000
264.412 296.176 37.000 69.000
260.706 292.882 37.000 69.000
257.000 291.235 37.000 69.000
254.924 291.971 36.211 67.529
250.077 289.547 36.211 67.529
248.057 285.508 36.211 67.529
247.653 283.489 36.211 67.529
248.057 282.277 36.211 67.529
246.845 280.257 36.211 67.529
246.424 282.997 35.439 66.088
246.028 284.581 35.439 66.088
244.047 282.205 35.439 66.088
232.165 289.334 35.439 66.088
233.353 293.295 35.439 66.088
237.710 294.483 35.439 66.088
240.860 296.376 34.683 64.679
243.951 293.672 34.683 64.679
247.813 293.672 34.683 64.679
258.243 297.149 34.683 64.679
266.724 300.156 33.943 63.300
274.293 298.642 33.943 63.300
281.105 297.885 33.943 63.300
288.673 296.750 33.943 63.300
296.620 293.344 33.943 63.300
301.162 294.858 33.943 63.300
303.811 294.101 33.943 63.300
306.838 292.966 33.943 63.300
324.229 298.939 33.220 61.950
333.848 304.046 32.511 60.629
341.450 306.869 31.818 59.336
350.677 307.579 31.818 59.336
359.550 308.999 31.818 59.336
366.648 311.838 31.818 59.336
375.875 312.193 31.818 59.336
384.038 312.903 31.818 59.336
392.556 313.258 31.818 59.336
405.317 315.665 31.139 58.071
413.299 314.971 31.139 58.071
422.670 315.318 31.139 58.071
433.066 317.325 30.475 56.832
442.889 318.949 29.825 55.620
451.223 320.615 29.825 55.620
455.541 322.208 29.189 54.434
449.031 318.954 29.189 54.434
444.148 307.236 29.189 54.434
441.870 301.377 29.189 54.434
438.941 302.354 29.189 54.434
436.337 301.052 29.189 54.434
435.360 302.679 29.189 54.434
429.827 304.632 29.189 54.434
427.209 307.816 28.567 53.273
428.797 309.405 28.567 53.273
430.703 308.134 28.567 53.273
431.021 307.499 28.567 53.273
432.926 307.181 28.567 53.273
430.068 306.863 28.567 53.273
431.021 305.593 28.567 53.273
433.879 307.816 28.567 53.273
432.291 306.863 28.567 53.273
431.338 304.957 28.567 53.273
434.832 307.499 28.567 53.273
435.150 306.546 28.567 53.273
437.375 305.321 29.199 54.452
439.639 308.831 28.576 53.291
440.897 310.352 27.967 52.154
443.079 310.976 27.967 52.154
443.079 311.911 27.967 52.154
444.326 313.470 27.967 52.154
445.872 316.520 27.370 51.042
447.081 318.900 26.787 49.954
445.591 319.198 26.787 49.954
443.505 317.111 26.787 49.954
445.295 315.367 27.379 51.059
445.906 317.508 27.379 51.059
444.683 316.284 27.379 51.059
442.851 314.802 27.985 52.189
441.292 313.555 27.985 52.189
438.488 315.160 28.604 53.343
438.811 313.291 29.237 54.523
394.872 307.806 29.884 55.730
397.538 309.472 29.884 55.730
400.872 310.472 29.884 55.730
404.205 311.139 29.884 55.730
406.872 312.472 29.884 55.730
411.541 313.189 30.545 56.963
414.953 314.213 30.545 56.963
418.023 315.236 30.545 56.963
420.412 316.260 30.545 56.963
423.823 317.625 30.545 56.963
425.529 317.966 30.545 56.963
429.282 318.307 30.545 56.963
434.059 318.307 30.545 56.963
436.788 318.648 30.545 56.963
438.835 318.989 30.545 56.963
440.882 320.354 30.545 56.963
443.271 322.401 30.545 56.963
446.000 322.401 30.545 56.963
447.706 324.107 30.545 56.963
449.753 325.130 30.545 56.963
448.729 327.519 30.545 56.963
451.784 326.420 29.894 55.748
454.118 327.753 29.894 55.748
453.103 330.348 29.256 54.559
455.382 327.418 29.256 54.559
453.754 330.999 29.256 54.559
456.033 327.744 29.256 54.559
421.856 371.034 29.256 54.559
424.786 369.407 29.256 54.559
393.538 340.113 29.256 54.559
397.119 341.415 29.256 54.559
401.025 339.462 29.256 54.559
405.568 339.067 28.632 53.396
408.445 340.665 28.632 53.396
411.946 342.832 28.022 52.257
415.986 342.454 27.424 51.143
421.492 343.066 27.424 51.143
428.514 345.141 26.839 50.052
433.614 344.241 26.839 50.052
437.214 345.741 26.839 50.052
442.614 348.741 26.839 50.052
445.914 350.241 26.839 50.052
449.814 350.841 26.839 50.052
452.214 352.341 26.839 50.052
455.514 349.941 26.839 50.052
461.214 343.341 26.839 50.052
460.917 338.587 27.433 51.159
463.364 336.446 27.433 51.159
422.072 352.703 28.040 52.291
421.760 351.768 28.040 52.291
422.384 354.262 28.040 52.291
423.943 352.703 28.040 52.291
425.190 351.768 28.040 52.291
425.190 353.327 28.040 52.291
425.813 351.768 28.040 52.291
424.878 354.574 28.040 52.291
426.750 351.190 28.661 53.448
429.627 352.788 28.661 53.448
431.544 350.870 28.661 53.448
433.462 352.468 28.661 53.448
435.699 354.066 28.661 53.448
438.256 351.509 28.661 53.448
440.174 352.468 28.661 53.448
442.411 354.386 28.661 53.448
444.968 352.468 28.661 53.448
447.525 354.066 28.661 53.448
449.762 351.829 28.661 53.448
452.944 353.358 28.049 52.308
454.191 351.799 28.049 52.308
456.361 353.292 27.451 51.193
436.159 339.155 26.866 50.101
439.759 340.655 26.866 50.101
445.759 339.155 26.866 50.101
448.459 338.855 26.866 50.101
451.446 341.789 26.293 49.033
454.093 342.084 26.293 49.033
457.622 340.319 26.293 49.033
457.916 342.084 26.293 49.033
490.857 321.495 26.293 49.033
490.269 322.966 26.293 49.033
491.152 324.437 26.293 49.033
489.975 325.613 26.293 49.033
490.269 326.789 26.293 49.033
490.563 327.966 26.293 49.033
489.387 329.142 26.293 49.033
490.269 330.319 26.293 49.033
491.152 330.613 26.293 49.033
490.857 331.789 26.293 49.033
490.269 332.672 26.293 49.033
490.857 332.966 26.293 49.033
489.387 332.966 26.293 49.033
489.975 333.554 26.293 49.033
490.857 334.142 26.293 49.033
489.975 334.142 26.293 49.033
490.857 334.437 26.293 49.033
490.857 333.554 26.293 49.033
491.152 333.260 26.293 49.033
491.152 332.672 26.293 49.033
491.152 332.966 26.293 49.033
491.152 333.848 26.293 49.033
491.446 335.319 26.293 49.033
489.093 336.789 26.293 49.033
490.563 338.260 26.293 49.033
490.857 339.142 26.293 49.033
491.446 340.319 26.293 49.033
488.799 340.907 26.293 49.033
489.975 341.495 26.293 49.033
491.152 342.084 26.293 49.033
491.446 343.260 26.293 49.033
489.093 343.848 26.293 49.033
490.563 344.437 26.293 49.033
490.857 344.142 26.293 49.033
491.446 344.437 26.293 49.033
489.093 345.319 26.293 49.033
490.563 346.201 26.293 49.033
489.975 347.084 26.293 49.033
491.152 347.672 26.293 49.033
491.446 347.672 26.293 49.033
489.093 347.966 26.293 49.033
490.563 347.084 26.293 49.033
491.152 346.495 26.293 49.033
492.034 346.201 26.293 49.033
489.975 345.907 26.293 49.033
491.449 346.541 26.875 50.118
492.352 345.987 27.469 51.226
490.518 344.808 28.077 52.360
492.401 345.749 28.077 52.360
493.345 346.111 28.698 53.518
494.304 345.792 28.698 53.518
451.476 324.058 28.698 53.518
454.672 325.337 28.698 53.518
457.549 323.739 28.698 53.518
458.508 323.419 28.698 53.518
459.147 322.460 28.698 53.518
460.745 323.739 28.698 53.518
461.065 326.615 28.698 53.518
461.065 325.657 28.698 53.518
460.425 325.337 28.698 53.518
459.467 327.574 28.698 53.518
460.106 326.935 28.698 53.518
461.065 326.935 28.698 53.518
461.384 325.976 28.698 53.518
462.343 325.017 28.698 53.518
460.425 324.058 28.698 53.518
461.065 324.058 28.698 53.518
444.445 320.223 28.698 53.518
441.888 317.666 28.698 53.518
443.167 316.388 28.698 53.518
440.290 309.996 28.698 53.518
440.929 302.325 28.698 53.518
443.792 299.700 28.086 52.377
443.481 301.316 28.708 53.536
443.162 299.718 28.708 53.536
444.440 302.595 28.708 53.536
443.162 300.038 28.708 53.536
442.203 294.605 28.708 53.536
440.272 296.454 28.095 52.394
437.138 293.051 28.717 53.553
436.498 291.133 28.717 53.553
438.736 293.370 28.717 53.553
440.655 292.139 29.352 54.738
439.676 289.241 30.002 55.949
440.350 290.634 30.666 57.187
440.351 288.295 31.344 58.453
440.337 287.173 30.676 57.206
441.346 290.854 30.022 55.986
440.343 287.888 30.686 57.225
440.343 286.182 30.686 57.225
441.353 288.839 30.031 56.004
443.029 291.186 30.031 56.004
445.041 293.198 30.031 56.004
445.712 290.515 30.031 56.004
446.718 289.510 30.031 56.004
448.394 289.845 30.031 56.004
451.061 288.430 29.391 54.810
454.649 292.617 28.764 53.641
452.720 291.330 28.764 53.641
450.147 290.687 28.764 53.641
457.850 282.255 28.151 52.497
458.478 283.196 28.151 52.497
460.046 285.706 28.151 52.497
418.007 252.765 28.151 52.497
416.739 250.501 27.550 51.378
415.199 252.964 27.550 51.378
417.354 255.119 27.550 51.378
420.111 254.435 26.963 50.282
418.611 253.835 26.963 50.282
421.311 253.535 26.963 50.282
423.111 255.035 26.963 50.282
425.211 255.335 26.963 50.282
427.298 255.572 26.388 49.210
428.769 253.219 26.388 49.210
428.181 252.042 26.388 49.210
429.651 249.101 26.388 49.210
432.886 246.160 26.388 49.210
431.710 245.277 26.388 49.210
434.357 246.160 26.388 49.210
434.945 244.101 26.388 49.210
438.168 242.861 25.825 48.161
441.338 241.996 25.825 48.161
443.356 239.979 25.825 48.161
444.223 239.446 26.397 49.226
447.446 239.677 25.834 48.176
449.451 241.920 25.283 47.149
450.863 242.484 25.283 47.149
453.689 242.527 25.842 48.192
457.724 243.680 25.842 48.192
447.348 244.833 25.842 48.192
446.771 245.410 25.842 48.192
446.483 250.022 25.842 48.192
445.330 256.363 25.842 48.192
442.448 265.586 25.842 48.192
443.312 267.316 25.842 48.192
446.758 268.983 25.291 47.164
445.064 269.265 25.291 47.164
443.653 269.547 25.291 47.164
444.782 269.265 25.291 47.164
442.805 268.418 25.291 47.164
444.782 268.983 25.291 47.164
447.041 268.418 25.291 47.164
447.041 269.265 25.291 47.164
448.170 268.135 25.291 47.164
449.300 269.265 25.291 47.164
450.711 270.112 25.291 47.164
452.405 268.418 25.291 47.164
453.817 268.983 25.291 47.164
456.641 269.265 25.291 47.164
459.464 270.959 25.291 47.164
461.441 272.088 25.291 47.164
461.158 272.653 25.291 47.164
461.146 274.285 24.752 46.159
461.146 275.115 24.752 46.159
460.869 275.391 24.752 46.159
458.934 275.391 24.752 46.159
457.275 275.944 24.752 46.159
460.040 274.285 24.752 46.159
459.210 272.627 24.752 46.159
457.828 273.180 24.752 46.159
459.763 274.285 24.752 46.159
459.198 275.054 24.224 45.174
460.010 270.995 24.224 45.174
462.445 277.489 24.224 45.174
461.621 287.171 23.707 44.211
460.297 293.524 23.707 44.211
462.680 297.759 23.707 44.211
461.621 304.377 23.707 44.211
452.091 306.495 23.707 44.211
452.356 311.259 23.707 44.211
452.091 312.583 23.707 44.211
452.874 308.289 23.202 43.268
454.415 302.539 22.707 42.345
456.175 301.473 22.223 41.442
454.693 303.696 22.223 41.442
452.716 304.685 22.223 41.442
451.975 304.438 22.223 41.442
448.764 303.979 22.714 42.359
448.258 306.509 22.714 42.359
448.764 308.279 22.714 42.359
450.535 310.303 22.714 42.359
451.547 312.832 22.714 42.359
452.306 314.097 22.714 42.359
452.042 319.860 22.230 41.456
452.289 318.872 22.230 41.456
452.042 319.119 22.230 41.456
453.771 319.119 22.230 41.456
454.512 319.613 22.230 41.456
455.501 320.849 22.230 41.456
454.018 320.849 22.230 41.456
454.512 321.096 22.230 41.456
455.007 320.354 22.230 41.456
452.784 319.896 22.722 42.373
454.038 319.589 22.237 41.470
455.017 320.772 21.763 40.585
459.625 316.099 21.299 39.720
461.276 313.201 20.845 38.873
464.076 311.801 20.845 38.873
461.742 312.734 20.845 38.873
460.576 313.668 20.845 38.873
459.642 315.301 20.845 38.873
460.576 318.801 20.845 38.873
459.409 323.234 20.845 38.873
460.809 327.434 20.845 38.873
462.442 330.234 20.845 38.873
461.742 332.334 20.845 38.873
463.609 333.968 20.845 38.873
461.976 334.668 20.845 38.873
461.276 336.768 20.845 38.873
460.109 337.934 20.845 38.873
458.465 337.649 20.400 38.044
459.147 339.241 20.400 38.044
456.418 339.013 20.400 38.044
455.963 340.378 20.400 38.044
455.280 341.970 20.400 38.044
454.598 343.108 20.400 38.044
454.598 345.837 20.400 38.044
455.963 348.794 20.400 38.044
455.508 350.613 20.400 38.044
455.280 348.566 20.400 38.044
454.370 351.978 20.400 38.044
454.143 354.025 20.400 38.044
453.688 356.982 20.400 38.044
454.370 354.708 20.400 38.044
453.006 355.845 20.400 38.044
452.096 361.076 20.400 38.044
451.186 363.351 20.400 38.044
451.641 360.394 20.400 38.044
452.778 361.304 20.400 38.044
453.461 361.759 20.400 38.044
453.916 367.217 20.400 38.044
455.280 369.719 20.400 38.044
455.963 370.857 20.400 38.044
457.782 371.311 20.400 38.044
460.284 370.174 20.400 38.044
462.104 367.900 20.400 38.044
464.606 366.762 20.400 38.044
465.516 368.127 20.400 38.044
466.880 366.308 20.400 38.044
466.653 363.578 20.400 38.044
462.776 368.760 19.965 37.232
465.001 366.698 19.539 36.438
463.903 366.216 19.123 35.661
463.252 372.795 18.715 34.901
461.174 365.104 18.715 34.901
459.303 363.857 18.715 34.901
457.849 362.016 19.129 35.673
459.345 360.520 19.129 35.673
459.986 362.016 19.129 35.673
460.843 361.194 19.552 36.462
461.062 362.532 19.985 37.269
462.851 363.650 19.985 37.269
464.415 364.544 19.985 37.269
463.968 366.556 19.985 37.269
463.298 367.897 19.985 37.269
441.392 397.626 19.985 37.269
442.052 396.682 19.559 36.474
441.834 396.030 19.559 36.474
442.270 395.812 19.559 36.474
449.453 393.450 19.991 37.281
450.124 392.779 19.991 37.281
450.347 392.779 19.991 37.281
450.571 391.438 19.991 37.281
453.253 391.438 19.991 37.281
454.595 392.108 19.991 37.281
452.583 393.003 19.991 37.281
451.018 392.779 19.991 37.281
453.477 394.344 19.991 37.281
456.372 396.977 19.565 36.486
456.808 395.888 19.565 36.486
455.502 394.582 19.565 36.486
456.372 393.929 19.565 36.486
455.719 394.147 19.565 36.486
455.284 393.277 19.565 36.486
455.937 393.929 19.565 36.486
455.719 395.018 19.565 36.486
457.452 396.930 19.148 35.708
457.024 396.075 19.148 35.708
457.228 398.593 18.740 34.947
457.228 397.754 18.740 34.947
458.277 399.642 18.740 34.947
458.277 397.754 18.740 34.947
459.107 397.078 18.340 34.201
460.534 397.893 18.340 34.201
461.554 397.078 18.340 34.201
460.534 395.650 18.340 34.201
458.088 393.844 18.746 34.958
458.717 395.313 18.746 34.958
457.249 392.376 18.746 34.958
455.780 390.278 18.746 34.958
455.570 388.599 18.746 34.958
456.622 385.695 19.160 35.732
456.835 383.771 19.160 35.732
456.622 384.840 19.160 35.732
456.622 385.054 19.160 35.732
456.408 384.413 19.160 35.732
456.194 385.909 19.160 35.732
457.467 385.649 18.752 34.970
457.048 386.698 18.752 34.970
457.677 387.117 18.752 34.970
457.887 384.809 18.752 34.970
457.887 385.439 18.752 34.970
457.887 387.747 18.752 34.970
455.999 389.005 18.752 34.970
454.740 388.376 18.752 34.970
457.887 390.264 18.752 34.970
459.565 390.054 18.752 34.970
458.097 389.635 18.752 34.970
455.579 389.005 18.752 34.970
455.359 390.847 18.352 34.224
456.379 390.235 18.352 34.224
456.991 388.808 18.352 34.224
458.010 389.623 18.352 34.224
456.787 390.031 18.352 34.224
458.214 390.439 18.352 34.224
457.602 392.070 18.352 34.224
457.195 392.886 18.352 34.224
455.971 393.906 18.352 34.224
455.767 391.459 18.352 34.224
459.030 389.827 18.352 34.224
457.602 388.196 18.352 34.224
457.602 386.565 18.352 34.224
457.806 385.545 18.352 34.224
457.195 385.749 18.352 34.224
456.787 385.545 18.352 34.224
458.214 386.157 18.352 34.224
457.195 385.545 18.352 34.224
456.991 387.584 18.352 34.224
456.787 390.235 18.352 34.224
458.214 391.867 18.352 34.224
457.806 393.090 18.352 34.224
458.214 392.682 18.352 34.224
458.010 394.110 18.352 34.224
456.583 392.682 18.352 34.224
457.195 394.110 18.352 34.224
458.214 395.333 18.352 34.224
459.234 396.557 18.352 34.224
460.041 396.106 17.961 33.494
458.841 396.906 17.961 33.494
459.441 396.506 17.961 33.494
459.041 395.306 17.961 33.494
458.241 395.506 17.961 33.494
458.441 396.106 17.961 33.494
458.641 396.306 17.961 33.494
457.641 394.706 17.961 33.494
458.041 395.506 17.961 33.494
458.041 394.306 17.961 33.494
457.241 393.506 17.961 33.494
458.441 394.106 17.961 33.494
458.041 394.906 17.961 33.494
458.441 396.906 17.961 33.494
459.041 397.706 17.961 33.494
457.441 397.506 17.961 33.494
457.841 396.106 17.961 33.494
458.041 397.306 17.961 33.494
457.841 397.906 17.961 33.494
458.641 399.306 17.961 33.494
459.041 398.706 17.961 33.494
459.041 400.506 17.961 33.494
457.841 401.906 17.961 33.494
458.641 400.706 17.961 33.494
459.441 399.706 17.961 33.494
457.841 400.706 17.961 33.494
457.841 399.706 17.961 33.494
458.641 396.106 17.961 33.494
458.641 394.506 17.961 33.494
458.641 392.306 17.961 33.494
458.641 392.306 17.961 33.494
459.441 392.106 17.961 33.494
460.041 391.306 17.961 33.494
458.641 391.506 17.961 33.494
458.241 392.706 17.961 33.494
457.243 392.935 18.358 34.235
458.466 392.528 18.358 34.235
458.670 394.159 18.358 34.235
457.650 394.567 18.358 34.235
457.447 393.955 18.358 34.235
458.262 393.955 18.358 34.235
456.631 394.975 18.358 34.235
457.650 393.751 18.358 34.235
458.466 394.159 18.358 34.235
457.650 393.139 18.358 34.235
458.058 394.567 18.358 34.235
458.466 395.382 18.358 34.235
458.466 393.955 18.358 34.235
458.058 393.751 18.358 34.235
458.466 393.955 18.358 34.235
458.058 393.343 18.358 34.235
458.670 394.567 18.358 34.235
459.078 396.402 18.358 34.235
458.262 397.218 18.358 34.235
457.650 398.237 18.358 34.235
457.650 399.869 18.358 34.235
457.040 401.121 18.764 34.992
458.079 402.753 18.364 34.246
457.467 403.773 18.364 34.246
458.283 403.365 18.364 34.246
456.652 400.947 18.770 35.004
457.701 401.996 18.770 35.004
456.442 402.416 18.770 35.004
456.652 399.688 18.770 35.004
457.282 398.429 18.770 35.004
456.442 398.639 18.770 35.004
457.072 397.800 18.770 35.004
457.284 395.734 19.186 35.778
456.856 393.811 19.186 35.778
456.215 391.246 19.186 35.778
456.003 390.209 19.610 36.570
457.090 392.136 19.192 35.790
456.449 392.136 19.192 35.790
456.663 391.495 19.192 35.790
456.877 391.709 19.192 35.790
457.518 391.495 19.192 35.790
457.092 390.031 19.616 36.582
457.311 388.493 19.616 36.582
457.081 390.421 19.198 35.802
456.226 392.130 19.198 35.802
456.440 391.703 19.198 35.802
457.081 392.130 19.198 35.802
456.868 393.199 19.198 35.802
457.081 394.695 19.198 35.802
456.868 394.054 19.198 35.802
457.081 394.268 19.198 35.802
456.226 394.268 19.198 35.802
456.654 393.413 19.198 35.802
457.723 393.627 19.198 35.802
457.295 392.130 19.198 35.802
456.654 393.413 19.198 35.802
456.226 394.481 19.198 35.802
457.081 393.840 19.198 35.802
456.226 392.985 19.198 35.802
455.585 393.840 19.198 35.802
456.226 393.840 19.198 35.802
456.440 392.985 19.198 35.802
456.868 393.840 19.198 35.802
457.927 396.146 18.789 35.038
457.298 396.146 18.789 35.038
457.298 397.614 18.789 35.038
457.717 397.824 18.789 35.038
456.878 397.824 18.789 35.038
456.878 398.663 18.789 35.038
456.039 399.083 18.789 35.038
456.668 399.502 18.789 35.038
456.878 400.971 18.789 35.038
458.137 401.391 18.789 35.038
456.668 401.600 18.789 35.038
457.298 402.020 18.789 35.038
457.088 402.440 18.789 35.038
456.878 403.908 18.789 35.038
457.288 404.701 18.388 34.291
456.671 402.437 18.388 34.291
444.524 375.054 18.388 34.291
446.171 376.290 18.388 34.291
446.788 376.701 18.388 34.291
445.759 375.466 18.388 34.291
446.171 376.496 18.388 34.291
445.553 374.437 18.388 34.291
445.965 371.143 18.388 34.291
443.082 371.349 18.388 34.291
442.465 371.760 18.388 34.291
442.877 369.496 18.388 34.291
442.053 367.849 18.388 34.291
442.053 362.701 18.388 34.291
440.406 361.054 18.388 34.291
437.730 359.201 18.388 34.291
439.788 354.466 18.388 34.291
442.053 352.407 18.388 34.291
442.056 354.499 18.795 35.050
442.267 356.209 19.211 35.825
438.420 358.132 19.211 35.825
437.994 359.446 19.636 36.618
436.676 360.764 19.636 36.618
436.017 359.885 19.636 36.618
437.335 359.446 19.636 36.618
440.849 357.030 19.636 36.618
441.071 354.429 20.070 37.428
445.979 353.263 19.642 36.630
446.857 353.922 19.642 36.630
448.175 353.044 19.642 36.630
452.569 353.517 20.077 37.440
452.122 355.082 20.077 37.440
450.783 356.679 20.521 38.269
452.847 357.368 20.521 38.269
453.309 357.174 20.975 39.116
454.242 358.340 20.975 39.116
453.775 359.040 20.975 39.116
452.609 356.707 20.975 39.116
454.009 355.774 20.975 39.116
452.142 354.140 20.975 39.116
451.442 353.674 20.975 39.116
451.209 353.207 20.975 39.116
452.842 352.740 20.975 39.116
452.842 350.407 20.975 39.116
451.675 348.774 20.975 39.116
449.809 347.607 20.975 39.116
469.166 331.924 20.528 38.281
467.560 329.859 20.528 38.281
463.660 328.483 20.528 38.281
460.907 328.712 20.528 38.281
457.924 331.465 20.528 38.281
453.107 332.842 20.528 38.281
451.949 335.085 20.090 37.465
451.055 334.862 20.090 37.465
446.808 342.238 20.090 37.465
439.432 345.815 20.090 37.465
434.290 347.603 20.090 37.465
437.196 338.438 20.090 37.465
432.949 336.873 20.090 37.465
428.926 333.967 20.090 37.465
424.679 329.720 20.090 37.465
422.890 329.944 20.090 37.465
422.667 328.826 20.090 37.465
426.020 329.944 20.090 37.465
422.667 336.426 20.090 37.465
427.799 335.708 19.662 36.666
429.765 337.197 19.242 35.884
434.681 338.479 19.242 35.884
439.169 342.113 19.242 35.884
442.580 344.205 18.832 35.119
446.138 343.111 18.430 34.370
449.423 345.125 18.037 33.637
455.481 345.932 18.037 33.637
456.895 344.721 18.037 33.637
460.530 344.519 18.037 33.637
462.752 343.509 18.037 33.637
465.377 341.691 18.037 33.637
468.003 342.297 18.037 33.637
467.397 342.499 18.037 33.637
462.752 343.509 18.037 33.637
459.925 344.721 18.037 33.637
458.107 345.731 18.037 33.637
457.703 344.317 18.037 33.637
457.299 345.125 18.037 33.637
456.895 347.144 18.037 33.637
459.319 349.568 18.037 33.637
458.713 350.981 18.037 33.637
458.713 354.415 18.037 33.637
459.521 355.627 18.037 33.637
459.725 356.264 18.436 34.381
459.109 355.884 18.844 35.142
459.739 356.723 18.844 35.142
455.752 358.611 18.844 35.142
454.705 355.705 19.261 35.919
453.198 357.896 19.687 36.714
451.880 358.555 19.687 36.714
451.441 357.676 19.687 36.714
452.529 356.970 19.267 35.931
454.039 358.479 19.267 35.931
453.607 358.911 19.267 35.931
454.902 358.479 19.267 35.931
454.686 358.048 19.267 35.931
453.823 357.832 19.267 35.931
452.098 355.460 19.267 35.931
453.176 354.813 19.267 35.931
454.039 353.734 19.267 35.931
455.333 350.930 19.267 35.931
457.058 348.342 19.267 35.931
457.705 348.989 19.267 35.931
456.627 344.244 19.267 35.931
452.529 336.479 19.267 35.931
452.313 329.146 19.267 35.931
451.235 330.440 19.267 35.931
452.529 331.087 19.267 35.931
453.823 329.578 19.267 35.931
452.960 336.911 19.267 35.931
452.313 341.009 19.267 35.931
454.470 345.970 19.267 35.931
452.529 350.499 19.267 35.931
453.607 351.578 19.267 35.931
454.254 356.107 19.267 35.931
452.960 357.832 19.267 35.931
448.000 359.558 19.267 35.931
445.411 359.989 19.267 35.931
445.843 358.479 19.267 35.931
446.058 359.558 19.267 35.931
446.058 360.205 19.267 35.931
446.490 358.048 19.267 35.931
446.705 358.479 19.267 35.931
446.058 357.185 19.267 35.931
447.353 358.911 19.267 35.931
446.274 360.636 19.267 35.931
443.902 362.146 19.267 35.931
440.235 364.087 19.267 35.931
441.098 365.381 19.267 35.931
440.235 364.303 19.267 35.931
441.098 363.440 19.267 35.931
440.019 364.734 19.267 35.931
440.235 363.225 19.267 35.931
442.392 364.734 19.267 35.931
442.392 366.029 19.267 35.931
442.392 366.460 19.267 35.931
442.392 366.891 19.267 35.931
442.176 368.401 19.267 35.931
441.529 368.832 19.267 35.931
437.862 367.754 19.267 35.931
437.000 368.401 19.267 35.931
438.078 369.911 19.267 35.931
436.784 371.636 19.267 35.931
438.078 374.009 19.267 35.931
438.078 375.519 19.267 35.931
439.372 376.813 19.267 35.931
435.490 381.558 19.267 35.931
431.392 385.440 19.267 35.931
431.607 386.087 19.267 35.931
431.607 384.578 19.267 35.931
430.098 383.715 19.267 35.931
429.666 382.636 19.267 35.931
430.529 384.793 19.267 35.931
429.666 380.264 19.267 35.931
433.764 383.715 19.267 35.931
433.980 382.421 19.267 35.931
435.058 378.538 19.267 35.931
436.568 378.970 19.267 35.931
436.784 379.832 19.267 35.931
434.845 378.141 19.694 36.726
436.383 377.482 19.694 36.726
434.626 376.823 19.694 36.726
435.065 375.286 19.694 36.726
435.724 371.113 19.694 36.726
435.286 369.829 20.129 37.539
435.733 372.064 20.129 37.539
436.404 372.735 20.129 37.539
439.310 368.935 20.129 37.539
437.969 370.052 20.129 37.539
439.086 370.946 20.129 37.539
443.110 372.735 20.129 37.539
444.004 371.170 20.129 37.539
442.663 370.276 20.129 37.539
441.769 369.158 20.129 37.539
439.980 370.052 20.129 37.539
438.863 365.805 20.129 37.539
440.652 365.390 20.575 38.369
442.258 356.902 20.575 38.369
440.193 355.296 20.575 38.369
435.834 356.902 20.575 38.369
436.064 354.378 20.575 38.369
435.605 355.755 20.575 38.369
433.999 357.590 20.575 38.369
429.640 361.949 20.575 38.369
431.016 359.884 20.575 38.369
428.952 361.260 20.575 38.369
427.116 365.619 20.575 38.369
427.575 366.307 20.575 38.369
426.428 366.766 20.575 38.369
425.281 364.472 20.575 38.369
425.969 365.619 20.575 38.369
428.264 363.784 20.575 38.369
432.164 364.931 20.575 38.369
431.246 366.537 20.575 38.369
432.164 366.766 20.575 38.369
430.558 364.931 20.575 38.369
429.411 366.307 20.575 38.369
430.099 367.684 20.575 38.369
430.787 368.831 20.575 38.369
431.934 366.537 20.575 38.369
431.705 367.225 20.575 38.369
430.328 366.078 20.575 38.369
429.181 362.178 20.575 38.369
430.328 361.031 20.575 38.369
428.264 359.425 20.575 38.369
428.264 357.590 20.575 38.369
426.658 358.049 20.575 38.369
427.575 356.443 20.575 38.369
425.281 354.837 20.575 38.369
425.511 356.213 20.575 38.369
425.969 357.360 20.575 38.369
426.887 355.525 20.575 38.369
428.264 356.443 20.575 38.369
427.346 357.819 20.575 38.369
429.181 359.425 20.575 38.369
428.952 360.572 20.575 38.369
428.493 361.719 20.575 38.369
432.393 363.096 20.575 38.369
432.852 364.702 20.575 38.369
433.999 365.160 20.575 38.369
436.752 366.307 20.575 38.369
437.669 367.455 20.575 38.369
439.275 368.831 20.575 38.369
441.111 367.684 20.575 38.369
440.422 366.078 20.575 38.369
442.028 366.307 20.575 38.369
441.799 365.390 20.575 38.369
446.158 363.555 20.575 38.369
445.699 360.572 20.575 38.369
447.534 358.278 20.575 38.369
447.075 356.672 20.575 38.369
447.534 357.819 20.575 38.369
446.387 362.407 20.575 38.369
448.452 366.766 20.575 38.369
447.305 374.337 20.575 38.369
445.699 378.925 20.575 38.369
447.075 380.072 20.575 38.369
449.599 377.549 20.575 38.369
447.534 372.960 20.575 38.369
445.928 373.649 20.575 38.369
441.340 371.813 20.575 38.369
445.699 372.272 20.575 38.369
447.075 372.731 20.575 38.369
446.846 373.190 20.575 38.369
445.469 377.549 20.575 38.369
446.387 378.696 20.575 38.369
447.993 379.613 20.575 38.369
451.205 384.431 20.575 38.369
452.581 388.560 20.575 38.369
453.269 392.460 20.575 38.369
452.122 396.590 20.575 38.369
454.187 400.490 20.575 38.369
455.334 405.307 20.575 38.369
454.416 410.125 20.575 38.369
453.040 411.272 20.575 38.369
452.811 409.666 20.575 38.369
450.746 411.272 20.575 38.369
449.599 416.319 20.575 38.369
450.516 417.007 20.575 38.369
450.287 418.613 20.575 38.369
452.122 419.990 20.575 38.369
453.958 427.560 20.575 38.369
455.105 431.919 20.575 38.369
453.958 439.490 20.575 38.369
455.334 443.619 20.575 38.369
453.040 441.555 20.575 38.369
452.811 437.655 20.575 38.369
451.893 436.049 20.575 38.369
451.434 436.278 20.575 38.369
452.581 433.984 20.575 38.369
452.122 432.149 20.575 38.369
453.958 430.313 20.575 38.369
453.269 428.707 20.575 38.369
454.416 423.660 20.575 38.369
454.187 421.825 20.575 38.369
453.958 422.513 20.575 38.369
449.828 421.137 20.575 38.369
454.416 422.055 20.575 38.369
456.022 423.431 20.575 38.369
455.564 424.807 20.575 38.369
455.334 422.513 20.575 38.369
454.646 420.219 20.575 38.369
453.269 420.678 20.575 38.369
452.811 419.302 20.575 38.369
455.564 420.449 20.575 38.369
456.252 418.843 20.575 38.369
455.564 419.760 20.575 38.369
456.711 420.449 20.575 38.369
455.564 419.072 20.575 38.369
454.416 417.007 20.575 38.369
455.564 411.731 20.575 38.369
454.187 407.372 20.575 38.369
455.564 405.537 20.575 38.369
456.481 404.160 20.575 38.369
456.252 404.849 20.575 38.369
455.564 406.225 20.575 38.369
457.169 411.272 20.575 38.369
457.858 420.678 20.575 38.369
458.306 429.805 20.136 37.551
458.983 438.148 20.136 37.551
459.208 442.207 20.136 37.551
455.375 442.883 20.136 37.551
454.699 437.697 20.136 37.551
455.375 433.187 20.136 37.551
454.924 433.413 20.136 37.551
456.503 434.540 20.136 37.551
455.601 434.766 20.136 37.551
453.571 428.903 20.136 37.551
455.375 427.099 20.136 37.551
459.434 425.521 20.136 37.551
460.561 424.168 20.136 37.551
460.336 423.717 20.136 37.551
456.503 424.393 20.136 37.551
456.041 425.921 19.707 36.750
444.402 418.674 19.707 36.750
443.304 416.039 19.707 36.750
439.131 417.795 19.707 36.750
434.519 417.576 19.707 36.750
429.249 419.113 19.707 36.750
424.856 418.454 19.707 36.750
420.904 416.917 19.707 36.750
419.805 416.039 19.707 36.750
417.390 413.403 19.707 36.750
425.296 412.086 19.707 36.750
429.029 408.572 19.707 36.750
430.786 407.474 19.707 36.750
426.394 409.011 19.707 36.750
426.833 410.988 19.707 36.750
425.515 412.964 19.707 36.750
427.053 413.623 19.707 36.750
425.955 415.380 19.707 36.750
424.637 415.819 19.707 36.750
426.833 414.282 19.707 36.750
427.711 414.941 19.707 36.750
428.809 413.842 19.707 36.750
430.566 412.086 19.707 36.750
431.664 412.744 19.707 36.750
435.837 411.646 19.707 36.750
436.935 411.866 19.707 36.750
434.519 413.184 19.707 36.750
432.543 413.403 19.707 36.750
433.421 412.525 19.707 36.750
433.641 412.744 19.707 36.750
431.884 411.207 19.707 36.750
434.080 409.011 19.707 36.750
434.739 407.693 19.707 36.750
435.837 407.693 19.707 36.750
437.374 405.937 19.707 36.750
441.766 405.058 19.707 36.750
445.939 404.399 19.707 36.750
446.817 402.642 19.707 36.750
451.209 403.082 19.707 36.750
451.649 401.984 19.707 36.750
453.625 402.642 19.707 36.750
454.064 403.082 19.707 36.750
452.966 403.960 19.707 36.750
453.845 403.082 19.707 36.750
452.088 401.764 19.707 36.750
450.551 400.227 19.707 36.750
447.696 398.909 19.707 36.750
448.574 400.227 19.707 36.750
445.280 400.446 19.707 36.750
443.743 399.568 19.707 36.750
444.621 400.446 19.707 36.750
444.182 398.031 19.707 36.750
443.523 396.054 19.707 36.750
441.327 397.811 19.707 36.750
439.351 398.690 19.707 36.750
438.253 398.250 19.707 36.750
439.570 399.348 19.707 36.750
438.472 398.031 19.707 36.750
438.911 396.713 19.707 36.750
436.496 398.250 19.707 36.750
437.374 402.203 19.707 36.750
436.496 400.886 19.707 36.750
434.958 401.544 19.707 36.750
434.080 403.082 19.707 36.750
431.884 401.544 19.707 36.750
430.566 401.984 19.707 36.750
431.445 403.521 19.707 36.750
430.786 402.423 19.707 36.750
434.519 400.227 19.707 36.750
433.202 399.348 19.707 36.750
434.519 398.690 19.707 36.750
436.056 397.372 19.707 36.750
440.449 395.176 19.707 36.750
441.766 392.541 19.707 36.750
442.864 393.858 19.707 36.750
444.841 395.176 19.707 36.750
445.719 396.054 19.707 36.750
443.743 393.419 19.707 36.750
445.280 392.101 19.707 36.750
443.962 390.564 19.707 36.750
444.621 388.368 19.707 36.750
442.864 388.588 19.707 36.750
441.766 386.831 19.707 36.750
441.327 385.074 19.707 36.750
440.449 385.952 19.707 36.750
441.107 387.050 19.707 36.750
440.668 388.148 19.707 36.750
441.986 388.368 19.707 36.750
441.107 389.466 19.707 36.750
440.449 388.148 19.707 36.750
441.327 385.074 19.707 36.750
445.719 383.537 19.707 36.750
447.037 380.901 19.707 36.750
445.719 378.925 19.707 36.750
444.841 375.411 19.707 36.750
444.621 374.093 19.707 36.750
443.523 374.972 19.707 36.750
441.547 373.654 19.707 36.750
440.449 372.117 19.707 36.750
438.253 370.580 19.707 36.750
438.692 370.580 19.707 36.750
434.080 371.019 19.707 36.750
438.253 372.776 19.707 36.750
442.864 377.388 19.707 36.750
442.205 380.901 19.707 36.750
444.621 381.999 19.707 36.750
444.182 383.317 19.707 36.750
444.621 386.172 19.707 36.750
444.402 389.686 19.707 36.750
443.523 390.784 19.707 36.750
442.864 391.662 19.707 36.750
442.425 392.760 19.707 36.750
442.645 392.101 19.707 36.750
441.327 392.541 19.707 36.750
440.668 388.148 19.707 36.750
437.594 386.392 19.707 36.750
435.178 383.317 19.707 36.750
436.056 380.462 19.707 36.750
436.496 378.486 19.707 36.750
438.253 374.313 19.707 36.750
439.570 372.337 19.707 36.750
440.009 370.360 19.707 36.750
443.743 367.066 19.707 36.750
443.743 368.164 19.707 36.750
444.841 367.286 19.707 36.750
444.182 366.188 19.707 36.750
443.304 364.650 19.707 36.750
444.402 365.090 19.707 36.750
443.304 363.992 19.707 36.750
443.523 361.795 19.707 36.750
444.841 360.039 19.707 36.750
444.182 358.941 19.707 36.750
444.182 355.866 19.707 36.750
445.500 354.768 19.707 36.750
445.060 355.427 19.707 36.750
444.182 354.329 19.707 36.750
445.280 354.988 19.707 36.750
443.084 354.988 19.707 36.750
442.864 353.450 19.707 36.750
443.743 354.109 19.707 36.750
443.962 354.988 19.707 36.750
444.841 355.866 19.707 36.750
442.864 357.623 19.707 36.750
447.256 358.501 19.707 36.750
445.939 359.380 19.707 36.750
443.962 360.917 19.707 36.750
441.327 361.137 19.707 36.750
438.033 362.015 19.707 36.750
435.617 363.113 19.707 36.750
435.398 365.090 19.707 36.750
431.005 366.846 19.707 36.750
429.249 367.286 19.707 36.750
429.907 367.944 19.707 36.750
427.492 368.164 19.707 36.750
429.029 367.505 19.707 36.750
430.566 368.603 19.707 36.750
432.104 367.286 19.707 36.750
427.931 368.164 19.707 36.750
425.955 368.164 19.707 36.750
424.637 366.407 19.707 36.750
423.539 364.870 19.707 36.750
423.758 363.333 19.707 36.750
423.978 364.211 19.707 36.750
422.002 364.431 19.707 36.750
422.660 363.552 19.707 36.750
422.880 363.772 19.707 36.750
423.978 360.917 19.707 36.750
423.100 362.235 19.707 36.750
425.515 363.772 19.707 36.750
424.856 365.090 19.707 36.750
425.735 363.552 19.707 36.750
424.198 364.650 19.707 36.750
424.637 364.650 19.707 36.750
426.613 362.893 19.707 36.750
426.833 362.893 19.707 36.750
426.833 362.015 19.707 36.750
428.151 362.454 19.707 36.750
428.809 360.697 19.707 36.750
431.005 360.478 19.707 36.750
432.323 361.795 19.707 36.750
431.005 360.478 19.707 36.750
431.225 361.137 19.707 36.750
432.543 363.113 19.707 36.750
432.762 363.552 19.707 36.750
432.762 361.795 19.707 36.750
432.323 362.893 19.707 36.750
431.225 363.992 19.707 36.750
430.786 362.015 19.707 36.750
432.762 362.015 19.707 36.750
432.982 359.819 19.707 36.750
434.958 356.964 19.707 36.750
436.715 354.988 19.707 36.750
440.449 354.109 19.707 36.750
444.402 353.890 19.707 36.750
448.574 352.572 19.707 36.750
452.307 354.329 19.707 36.750
453.405 356.086 19.707 36.750
454.943 357.623 19.707 36.750
453.186 358.721 19.707 36.750
455.602 360.697 19.707 36.750
457.798 362.454 19.707 36.750
458.237 362.674 19.707 36.750
459.335 363.992 19.707 36.750
459.115 364.870 19.707 36.750
460.872 366.846 19.707 36.750
465.045 368.164 19.707 36.750
468.558 368.384 19.707 36.750
472.511 368.823 19.707 36.750
474.707 369.042 19.707 36.750
478.660 369.482 19.707 36.750
482.833 369.921 19.707 36.750
484.809 371.458 19.707 36.750
486.347 374.972 19.707 36.750
486.566 375.192 19.707 36.750
486.786 375.850 19.707 36.750
486.786 377.607 19.707 36.750
487.225 379.144 19.707 36.750
486.786 379.584 19.707 36.750
487.445 380.023 19.707 36.750
487.225 379.584 19.707 36.750
487.225 378.925 19.707 36.750
487.225 379.144 19.707 36.750
487.445 379.144 19.707 36.750
487.664 379.144 19.707 36.750
488.104 379.144 19.707 36.750
487.884 378.266 19.707 36.750
487.445 378.046 19.707 36.750
488.104 377.388 19.707 36.750
488.323 376.509 19.707 36.750
486.786 376.290 19.707 36.750
487.225 376.290 19.707 36.750
487.225 375.192 19.707 36.750
487.445 374.093 19.707 36.750
487.445 372.556 19.707 36.750
487.445 372.776 19.707 36.750
487.664 371.239 19.707 36.750
488.104 370.141 19.707 36.750
488.543 368.603 19.707 36.750
486.347 364.431 19.707 36.750
487.005 362.674 19.707 36.750
487.884 361.576 19.707 36.750
488.323 363.992 19.707 36.750
486.786 365.968 19.707 36.750
487.005 366.846 19.707 36.750
487.446 367.758 20.143 37.563
488.123 369.336 20.143 37.563
492.182 368.434 20.143 37.563
496.691 367.983 20.143 37.563
497.819 367.758 20.143 37.563
497.593 367.081 20.143 37.563
488.574 367.532 20.143 37.563
486.093 368.659 20.143 37.563
486.093 369.787 20.143 37.563
486.093 371.365 20.143 37.563
486.093 372.267 20.143 37.563
486.319 372.493 20.143 37.563
486.322 372.303 20.588 38.394
486.322 371.844 20.588 38.394
486.322 371.615 20.588 38.394
486.092 371.844 20.588 38.394
486.322 372.073 20.588 38.394
486.322 371.615 20.588 38.394
486.322 370.467 20.588 38.394
486.092 368.862 20.588 38.394
486.322 367.485 20.588 38.394
486.322 367.026 20.588 38.394
486.322 366.797 20.588 38.394
486.322 366.567 20.588 38.394
486.322 366.338 20.588 38.394
486.322 366.109 20.588 38.394
486.322 365.420 20.588 38.394
486.780 364.044 20.588 38.394
487.239 362.667 20.588 38.394
487.927 361.062 20.588 38.394
488.616 359.685 20.588 38.394
489.533 358.309 20.588 38.394
487.698 356.932 20.588 38.394
488.616 355.326 20.588 38.394
489.763 353.950 20.588 38.394
487.698 352.344 20.588 38.394
488.386 350.967 20.588 38.394
489.074 349.591 20.588 38.394
490.222 348.215 20.588 38.394
488.845 346.609 20.588 38.394
489.992 345.232 20.588 38.394
491.139 343.626 20.588 38.394
491.827 342.020 20.588 38.394
492.745 341.332 20.588 38.394
493.892 341.332 20.588 38.394
495.039 341.562 20.588 38.394
495.957 341.791 20.588 38.394
496.416 341.562 20.588 38.394
496.416 341.562 20.588 38.394
495.498 341.562 20.588 38.394
495.727 341.103 20.588 38.394
496.186 340.873 20.588 38.394
495.039 340.644 20.588 38.394
495.498 340.415 20.588 38.394
495.727 339.497 20.588 38.394
496.186 338.579 20.588 38.394
496.645 337.432 20.588 38.394
496.416 336.973 20.588 38.394
496.416 336.515 20.588 38.394
496.186 336.285 20.588 38.394
496.874 336.515 20.588 38.394
495.957 336.973 20.588 38.394
496.645 337.662 20.588 38.394
496.186 338.120 20.588 38.394
494.810 339.038 20.588 38.394
493.204 339.497 20.588 38.394
492.286 340.185 20.588 38.394
492.286 341.103 20.588 38.394
491.139 341.791 20.588 38.394
491.827 340.873 20.588 38.394
492.516 341.332 20.588 38.394
492.745 342.020 20.588 38.394
492.974 342.709 20.588 38.394
493.204 343.626 20.588 38.394
493.433 344.544 20.588 38.394
491.588 344.724 20.149 37.576
489.999 344.448 19.720 36.774
490.658 344.668 19.720 36.774
491.317 345.327 19.720 36.774
490.209 346.817 19.299 35.990
491.072 347.032 19.299 35.990
491.719 347.679 19.299 35.990
491.062 348.710 18.888 35.223
491.482 349.549 18.888 35.223
491.901 350.389 18.888 35.223
492.321 351.228 18.888 35.223
492.532 351.677 19.305 36.002
492.747 352.109 19.305 36.002
491.671 352.358 19.733 36.799
492.331 353.268 20.169 37.613
492.784 354.205 20.615 38.445
492.556 354.239 21.071 39.295
491.145 355.180 21.071 39.295
491.617 355.451 21.538 40.165
492.096 354.733 21.538 40.165
492.574 353.298 21.538 40.165
492.575 351.418 22.014 41.054
492.577 349.739 22.501 41.962
493.079 348.484 22.501 41.962
493.081 347.016 22.999 42.890
493.338 346.245 22.999 42.890
493.595 345.474 22.999 42.890
491.540 344.190 22.999 42.890
491.797 342.906 22.999 42.890
492.053 341.622 22.999 42.890
492.567 341.108 22.999 42.890
492.824 340.080 22.999 42.890
493.081 339.310 22.999 42.890
493.083 338.322 23.508 43.839
492.295 338.847 23.508 43.839
492.558 339.110 23.508 43.839
492.821 338.322 23.508 43.839
492.823 338.362 24.028 44.809
493.360 339.437 24.028 44.809
493.898 340.780 24.028 44.809
493.632 340.284 24.560 45.801
493.632 339.186 24.560 45.801
493.909 337.856 25.103 46.814
492.788 335.893 25.103 46.814
493.068 334.211 25.103 46.814
493.348 331.687 25.103 46.814
493.629 326.640 25.103 46.814
493.909 323.836 25.103 46.814
493.912 321.636 25.658 47.850
494.484 319.346 25.658 47.850
494.771 317.342 25.658 47.850
494.771 316.197 25.658 47.850
495.343 317.628 25.658 47.850
495.630 318.487 25.658 47.850
495.630 319.060 25.658 47.850
493.912 319.632 25.658 47.850
494.198 319.918 25.658 47.850
494.484 319.632 25.658 47.850
494.487 319.103 26.226 48.908
492.734 319.103 26.226 48.908
492.734 318.811 26.226 48.908
491.273 317.642 26.226 48.908
492.734 316.765 26.226 48.908
493.318 318.226 26.226 48.908
493.903 319.395 26.226 48.908
494.195 321.148 26.226 48.908
494.489 321.191 26.806 49.990
494.787 322.383 26.806 49.990
493.595 323.277 26.806 49.990
494.490 323.320 27.400 51.096
494.799 323.367 28.006 52.227
495.111 324.302 28.006 52.227
495.111 325.238 28.006 52.227
493.539 324.859 27.409 51.113
493.845 325.471 27.409 51.113
494.151 325.165 27.409 51.113
494.457 325.165 27.409 51.113
494.457 326.389 27.409 51.113
494.762 327.918 27.409 51.113
494.762 328.836 27.409 51.113
494.762 330.059 27.409 51.113
495.068 331.894 27.409 51.113
495.680 333.730 27.409 51.113
494.151 336.177 27.409 51.113
495.068 337.706 27.409 51.113
495.374 339.541 27.409 51.113
493.539 341.683 27.409 51.113
493.845 342.906 27.409 51.113
494.457 344.130 27.409 51.113
494.457 344.741 27.409 51.113
492.927 343.518 27.409 51.113
493.233 341.989 27.409 51.113
493.539 339.847 27.409 51.113
493.845 338.012 27.409 51.113
494.153 335.611 28.015 52.244
494.465 332.805 28.015 52.244
495.699 331.804 27.418 51.130
497.534 330.886 27.418 51.130
500.886 331.125 26.833 50.040
502.086 331.125 26.833 50.040
502.989 330.572 27.426 51.147
503.603 330.006 28.033 52.278
504.226 330.006 28.033 52.278
504.850 330.006 28.033 52.278
505.475 329.428 28.654 53.435
505.797 328.836 29.287 54.617
506.452 328.836 29.287 54.617
506.783 328.232 29.935 55.826
507.119 327.615 30.598 57.061
507.801 327.274 30.598 57.061
508.145 326.642 31.275 58.323
508.843 326.642 31.275 58.323
509.541 326.642 31.275 58.323
509.890 326.293 31.275 58.323
509.893 325.648 31.967 59.614
510.250 325.648 31.967 59.614
510.250 325.648 31.967 59.614
510.250 325.648 31.967 59.614
510.607 325.648 31.967 59.614
509.179 325.291 31.967 59.614
509.893 325.291 31.967 59.614
509.893 325.291 31.967 59.614
509.893 325.291 31.967 59.614
510.250 324.934 31.967 59.614
510.607 324.934 31.967 59.614
510.964 324.934 31.967 59.614
511.321 324.934 31.967 59.614
511.677 324.934 31.967 59.614
509.163 325.213 31.285 58.342
507.752 325.486 30.618 57.098
508.775 325.145 30.618 57.098
509.117 324.804 30.618 57.098
509.458 324.463 30.618 57.098
507.752 324.463 30.618 57.098
508.775 324.463 30.618 57.098
509.458 324.463 30.618 57.098
509.458 324.121 30.618 57.098
508.434 324.121 30.618 57.098
508.775 324.121 30.618 57.098
509.117 324.121 30.618 57.098
509.458 324.121 30.618 57.098
509.458 324.121 30.618 57.098
509.458 324.121 30.618 57.098
509.458 324.121 30.618 57.098
509.458 324.121 30.618 57.098
509.458 323.780 30.618 57.098
509.801 322.807 31.295 58.361
510.499 322.458 31.295 58.361
510.499 322.109 31.295 58.361
510.848 321.760 31.295 58.361
510.848 321.411 31.295 58.361
511.197 321.062 31.295 58.361
511.546 320.713 31.295 58.361
511.895 320.364 31.295 58.361
511.200 319.719 31.988 59.653
510.490 318.702 32.695 60.973
510.854 318.337 32.695 60.973
510.125 317.973 32.695 60.973
509.744 318.258 31.998 59.672
509.387 317.901 31.998 59.672
509.744 317.544 31.998 59.672
510.101 317.187 31.998 59.672
510.458 316.831 31.998 59.672
510.815 316.474 31.998 59.672
510.458 316.474 31.998 59.672
510.458 316.117 31.998 59.672
510.815 316.117 31.998 59.672
510.101 315.760 31.998 59.672
509.744 315.760 31.998 59.672
509.744 315.760 31.998 59.672
509.744 315.403 31.998 59.672
509.387 315.403 31.998 59.672
509.744 315.403 31.998 59.672
509.387 315.403 31.998 59.672
509.387 315.403 31.998 59.672
509.744 315.403 31.998 59.672
509.387 315.403 31.998 59.672
509.744 315.403 31.998 59.672
509.387 315.403 31.998 59.672
510.101 315.403 31.998 59.672
509.744 315.403 31.998 59.672
509.387 315.403 31.998 59.672
509.387 315.403 31.998 59.672
509.030 315.403 31.998 59.672
509.030 315.403 31.998 59.672
509.030 315.403 31.998 59.672
509.030 315.403 31.998 59.672
509.387 315.403 31.998 59.672
509.744 315.403 31.998 59.672
508.673 315.403 31.998 59.672
509.033 314.386 32.706 60.993
509.763 314.386 32.706 60.993
510.130 313.347 33.430 62.342
510.875 312.974 33.430 62.342
510.130 312.602 33.430 62.342
510.505 311.539 34.169 63.721
510.888 310.454 34.925 65.131
510.892 309.343 35.698 66.572
512.086 309.343 35.698 66.572
510.875 310.053 34.937 65.153
511.655 310.053 34.937 65.153
510.077 310.748 34.192 63.763
510.837 310.748 34.192 63.763
508.920 311.047 33.463 62.403
509.665 311.047 33.463 62.403
510.037 311.047 33.463 62.403
507.786 311.713 32.749 61.073
508.151 311.713 32.749 61.073
508.516 311.713 32.749 61.073
508.880 311.713 32.749 61.073
509.245 311.713 32.749 61.073
507.406 311.999 32.051 59.770
508.120 311.999 32.051 59.770
509.190 311.999 32.051 59.770
510.261 311.999 32.051 59.770
508.462 312.280 31.367 58.496
509.160 311.931 31.367 58.496
507.051 312.205 30.698 57.248
507.737 311.862 30.698 57.248
506.006 312.129 30.044 56.027
506.341 312.129 30.044 56.027
506.679 311.510 30.708 57.267
507.022 311.510 30.708 57.267
508.052 310.480 30.708 57.267
509.424 309.794 30.708 57.267
509.424 309.451 30.708 57.267
508.738 309.108 30.708 57.267
510.111 308.765 30.708 57.267
509.424 308.765 30.708 57.267
507.365 308.765 30.708 57.267
508.052 308.765 30.708 57.267
508.738 309.108 30.708 57.267
509.424 309.108 30.708 57.267
508.052 308.765 30.708 57.267
508.738 308.765 30.708 57.267
509.424 308.765 30.708 57.267
508.738 308.421 30.708 57.267
509.424 308.421 30.708 57.267
508.052 308.078 30.708 57.267
508.738 307.735 30.708 57.267
509.081 307.735 30.708 57.267
509.424 307.735 30.708 57.267
508.395 307.392 30.708 57.267
508.738 307.392 30.708 57.267
509.081 307.049 30.708 57.267
509.081 306.363 30.708 57.267
508.395 305.676 30.708 57.267
507.365 304.990 30.708 57.267
505.993 304.304 30.708 57.267
505.993 303.618 30.708 57.267
505.650 303.274 30.708 57.267
505.993 302.931 30.708 57.267
506.336 302.588 30.708 57.267
506.679 302.245 30.708 57.267
507.365 301.902 30.708 57.267
508.052 301.559 30.708 57.267
508.738 301.216 30.708 57.267
509.424 300.872 30.708 57.267
509.081 300.529 30.708 57.267
509.424 300.186 30.708 57.267
509.424 299.843 30.708 57.267
509.424 299.843 30.708 57.267
509.081 299.843 30.708 57.267
509.424 299.843 30.708 57.267
509.081 299.843 30.708 57.267
509.424 299.500 30.708 57.267
509.081 299.500 30.708 57.267
509.767 299.157 30.708 57.267
509.424 299.157 30.708 57.267
509.424 298.814 30.708 57.267
509.081 298.814 30.708 57.267
509.767 298.470 30.708 57.267
509.767 298.127 30.708 57.267
509.767 298.127 30.708 57.267
509.767 298.127 30.708 57.267
509.767 298.127 30.708 57.267
509.767 298.127 30.708 57.267
509.767 298.127 30.708 57.267
509.767 298.127 30.708 57.267
510.111 298.127 30.708 57.267
510.111 298.127 30.708 57.267
510.111 298.127 30.708 57.267
509.767 298.127 30.708 57.267
509.424 298.127 30.708 57.267
509.081 298.127 30.708 57.267
509.767 298.127 30.708 57.267
509.424 298.127 30.708 57.267
509.081 298.127 30.708 57.267
509.424 298.127 30.708 57.267
508.738 298.127 30.708 57.267
507.709 298.470 30.708 57.267
507.007 299.081 30.053 56.046
505.330 299.416 30.053 56.046
503.654 299.752 30.053 56.046
501.642 300.087 30.053 56.046
498.960 300.087 30.053 56.046
496.277 301.093 30.053 56.046
496.612 301.763 30.053 56.046
495.271 302.769 30.053 56.046
495.942 303.440 30.053 56.046
495.942 304.110 30.053 56.046
496.277 304.446 30.053 56.046
496.948 305.452 30.053 56.046
496.948 306.122 30.053 56.046
496.951 304.832 30.718 57.286
497.294 304.489 30.718 57.286
497.297 302.482 31.398 58.553
497.999 302.131 31.398 58.553
498.003 301.835 32.093 59.849
498.361 300.459 32.803 61.173
498.732 299.415 33.529 62.526
499.484 299.098 34.270 63.910
500.252 298.773 35.029 65.324
500.643 299.164 35.029 65.324
501.035 298.831 35.804 66.769
501.439 297.693 36.596 68.246
501.439 297.693 36.596 68.246
501.847 296.877 36.596 68.246
502.663 297.285 36.596 68.246
504.294 297.693 36.596 68.246
506.741 297.693 36.596 68.246
507.965 297.693 36.596 68.246
508.373 298.100 36.596 68.246
508.781 298.100 36.596 68.246
509.596 298.100 36.596 68.246
510.820 298.100 36.596 68.246
511.635 297.693 36.596 68.246
512.451 297.285 36.596 68.246
513.267 297.285 36.596 68.246
514.083 296.877 36.596 68.246
514.490 296.469 36.596 68.246
514.490 296.061 36.596 68.246
514.898 295.653 36.596 68.246
514.898 295.653 36.596 68.246
514.898 295.653 36.596 68.246
514.898 295.653 36.596 68.246
514.898 295.246 36.596 68.246
514.898 294.838 36.596 68.246
514.898 294.430 36.596 68.246
514.898 294.022 36.596 68.246
514.898 293.614 36.596 68.246
514.898 293.206 36.596 68.246
514.898 292.798 36.596 68.246
514.898 292.391 36.596 68.246
514.898 291.983 36.596 68.246
514.490 291.983 36.596 68.246
514.898 291.575 36.596 68.246
514.898 291.167 36.596 68.246
514.898 290.759 36.596 68.246
514.898 290.351 36.596 68.246
514.490 289.944 36.596 68.246
514.898 289.536 36.596 68.246
514.898 289.128 36.596 68.246
514.898 288.720 36.596 68.246
514.898 288.312 36.596 68.246
514.490 288.312 36.596 68.246
514.898 287.904 36.596 68.246
514.898 287.497 36.596 68.246
514.898 287.089 36.596 68.246
514.898 286.681 36.596 68.246
514.898 286.273 36.596 68.246
514.898 286.273 36.596 68.246
514.898 286.273 36.596 68.246
514.898 286.273 36.596 68.246
514.898 285.865 36.596 68.246
514.898 285.457 36.596 68.246
514.898 285.457 36.596 68.246
514.898 285.457 36.596 68.246
514.898 285.049 36.596 68.246
514.898 284.642 36.596 68.246
514.898 284.234 36.596 68.246
514.898 283.826 36.596 68.246
514.898 283.418 36.596 68.246
514.898 283.010 36.596 68.246
514.898 282.602 36.596 68.246
514.898 282.195 36.596 68.246
514.898 281.787 36.596 68.246
514.898 281.379 36.596 68.246
514.898 280.971 36.596 68.246
514.898 280.563 36.596 68.246
514.898 280.155 36.596 68.246
514.898 280.155 36.596 68.246
514.898 280.155 36.596 68.246
514.898 280.155 36.596 68.246
514.898 280.155 36.596 68.246
514.490 279.748 36.596 68.246
514.490 279.340 36.596 68.246
514.083 278.932 36.596 68.246
513.675 278.524 36.596 68.246
514.490 278.116 36.596 68.246
514.490 277.708 36.596 68.246
514.490 277.300 36.596 68.246
514.490 277.300 36.596 68.246
514.490 277.300 36.596 68.246
514.898 277.300 36.596 68.246
514.898 277.300 36.596 68.246
514.898 276.893 36.596 68.246
514.898 276.485 36.596 68.246
514.898 276.077 36.596 68.246
514.898 275.669 36.596 68.246
514.898 275.261 36.596 68.246
514.898 274.853 36.596 68.246
514.898 274.446 36.596 68.246
514.898 274.038 36.596 68.246
514.898 274.038 36.596 68.246
514.898 274.038 36.596 68.246
514.898 274.038 36.596 68.246
514.898 274.038 36.596 68.246
514.898 274.038 36.596 68.246
514.898 274.038 36.596 68.246
514.898 274.038 36.596 68.246
514.898 274.038 36.596 68.246
514.490 273.630 36.596 68.246
513.675 273.222 36.596 68.246
513.675 272.814 36.596 68.246
513.267 272.406 36.596 68.246
512.859 271.998 36.596 68.246
512.451 271.591 36.596 68.246
511.635 270.775 36.596 68.246
510.820 269.959 36.596 68.246
510.412 269.144 36.596 68.246
510.412 268.328 36.596 68.246
509.596 267.512 36.596 68.246
508.373 266.289 36.596 68.246
508.373 265.473 36.596 68.246
507.557 264.249 36.596 68.246
507.965 263.026 36.596 68.246
507.557 262.210 36.596 68.246
507.965 260.579 36.596 68.246
507.149 259.355 36.596 68.246
507.557 258.132 36.596 68.246
508.373 256.908 36.596 68.246
507.965 256.093 36.596 68.246
507.557 255.277 36.596 68.246
507.557 253.646 36.596 68.246
507.557 252.422 36.596 68.246
505.926 250.791 36.596 68.246
506.741 249.159 36.596 68.246
