110.000 111.000 37.000 116.000
112.329 110.418 37.000 116.000
113.494 111.000 37.000 116.000
113.889 112.237 36.211 113.526
113.320 112.237 36.211 113.526
113.320 111.668 36.211 113.526
112.751 113.374 36.211 113.526
112.183 113.943 36.211 113.526
113.320 112.237 36.211 113.526
113.889 113.374 36.211 113.526
114.457 113.943 36.211 113.526
117.687 116.290 35.439 111.105
119.357 118.518 35.439 111.105
121.028 120.745 35.439 111.105
121.585 121.302 35.439 111.105
123.255 120.745 35.439 111.105
122.519 121.930 34.683 108.736
121.429 121.385 34.683 108.736
120.164 121.454 33.943 106.417
117.497 123.054 33.943 106.417
113.230 124.121 33.943 106.417
110.564 123.588 33.943 106.417
107.897 120.921 33.943 106.417
106.297 118.788 33.943 106.417
104.164 122.521 33.943 106.417
102.564 120.921 33.943 106.417
101.859 123.656 33.220 104.148
100.816 121.569 33.220 104.148
99.773 121.048 33.220 104.148
99.084 119.029 32.511 101.927
97.895 116.533 31.818 99.753
97.395 114.033 31.818 99.753
96.395 116.033 31.818 99.753
94.395 113.533 31.818 99.753
94.895 110.533 31.818 99.753
97.395 108.033 31.818 99.753
96.895 109.533 31.818 99.753
96.395 104.033 31.818 99.753
94.395 99.033 31.818 99.753
92.895 100.033 31.818 99.753
84.395 103.033 31.818 99.753
76.234 101.597 31.139 97.626
72.803 103.067 31.139 97.626
73.135 100.677 30.475 95.544
72.657 104.504 30.475 95.544
72.657 108.810 30.475 95.544
60.696 107.375 30.475 95.544
70.743 103.548 30.475 95.544
71.068 94.998 29.825 93.506
72.005 85.625 29.825 93.506
71.536 80.939 29.825 93.506
73.879 79.533 29.825 93.506
80.909 85.157 29.825 93.506
84.189 103.433 29.825 93.506
91.219 119.366 29.825 93.506
103.403 128.270 29.825 93.506
103.403 126.396 29.825 93.506
110.901 117.023 29.825 93.506
123.085 98.747 29.825 93.506
130.115 94.060 29.825 93.506
129.178 97.341 29.825 93.506
127.772 113.743 29.825 93.506
131.370 124.581 29.189 91.512
119.441 141.099 29.189 91.512
100.629 145.687 29.189 91.512
102.923 128.710 29.189 91.512
93.288 109.440 29.189 91.512
90.535 103.016 29.189 91.512
89.617 104.852 29.189 91.512
86.405 110.816 29.189 91.512
89.617 121.369 29.189 91.512
103.382 130.087 29.189 91.512
107.511 119.534 29.189 91.512
120.817 101.181 29.189 91.512
132.747 91.087 29.189 91.512
139.170 81.452 29.189 91.512
136.417 82.369 29.189 91.512
134.123 92.463 29.189 91.512
129.535 110.816 29.189 91.512
121.276 117.699 29.189 91.512
96.958 119.993 29.189 91.512
96.041 108.063 29.189 91.512
86.864 96.593 29.189 91.512
90.846 101.239 28.567 89.561
91.744 111.567 28.567 89.561
91.744 115.608 28.567 89.561
105.797 124.495 29.199 91.542
119.103 125.872 29.199 91.542
119.561 115.778 29.199 91.542
131.032 104.766 29.199 91.542
136.538 102.013 29.199 91.542
137.455 102.931 29.199 91.542
136.390 112.624 28.576 89.590
140.432 126.993 28.576 89.590
134.001 137.378 27.967 87.680
121.393 129.820 28.586 89.620
121.843 120.839 28.586 89.620
115.861 115.958 27.976 87.708
114.842 116.454 27.379 85.838
112.253 119.905 27.379 85.838
112.253 122.924 27.379 85.838
116.136 125.081 27.379 85.838
120.881 130.689 27.379 85.838
118.585 134.192 26.796 84.008
113.390 133.402 26.224 82.216
112.566 118.578 26.224 82.216
115.159 114.786 26.804 84.035
113.051 112.679 26.804 84.035
112.629 113.943 26.804 84.035
113.894 123.218 26.804 84.035
105.884 124.904 26.804 84.035
90.833 113.014 27.397 85.894
96.733 95.812 26.813 84.063
76.497 78.528 26.813 84.063
70.038 75.630 26.241 82.270
66.332 79.336 26.241 82.270
66.612 92.154 25.682 80.516
76.306 100.232 25.682 80.516
105.389 114.370 25.682 80.516
118.314 116.389 25.682 80.516
130.432 105.079 25.682 80.516
160.726 91.346 25.682 80.516
180.518 98.617 25.682 80.516
182.942 108.311 25.682 80.516
188.596 122.448 25.682 80.516
185.235 130.577 25.134 78.799
179.808 130.102 25.690 80.542
151.533 132.929 25.690 80.542
143.051 122.427 25.690 80.542
132.145 112.329 25.690 80.542
126.490 112.733 25.690 80.542
120.835 115.156 25.690 80.542
117.200 116.368 25.690 80.542
119.220 120.407 25.690 80.542
126.490 127.678 25.690 80.542
131.611 126.113 25.142 78.824
138.741 111.062 25.142 78.824
139.137 100.764 25.142 78.824
151.811 89.278 25.142 78.824
153.396 83.733 25.142 78.824
152.603 87.298 25.142 78.824
151.683 96.456 24.606 77.143
133.791 106.935 24.081 75.498
121.181 108.497 23.568 73.888
116.734 102.938 23.568 73.888
114.762 89.273 23.065 72.313
111.017 84.603 22.573 70.770
121.195 89.971 22.092 69.261
125.013 96.565 22.092 69.261
128.136 98.301 22.092 69.261
138.201 108.712 22.092 69.261
145.378 115.004 21.621 67.784
149.109 116.700 21.621 67.784
158.607 103.131 21.621 67.784
163.356 95.669 21.621 67.784
158.946 95.329 21.621 67.784
153.858 100.078 21.621 67.784
149.109 111.612 21.621 67.784
138.594 122.467 21.621 67.784
118.919 125.180 21.621 67.784
119.150 111.995 21.160 66.339
110.483 104.329 21.160 66.339
107.915 95.595 21.628 67.806
120.806 96.612 21.628 67.806
127.251 102.718 21.628 67.806
144.551 110.520 21.628 67.806
152.692 114.591 21.628 67.806
162.529 119.679 21.628 67.806
170.331 109.842 21.628 67.806
183.221 92.203 21.628 67.806
190.006 88.471 21.628 67.806
182.204 93.220 21.628 67.806
178.233 95.184 22.106 69.307
175.110 107.331 22.106 69.307
153.245 111.149 22.106 69.307
147.345 112.190 22.106 69.307
131.727 100.390 22.106 69.307
117.600 89.905 22.596 70.840
117.245 90.970 22.596 70.840
116.536 97.003 22.596 70.840
122.214 103.747 22.596 70.840
133.926 113.329 22.596 70.840
153.090 119.362 22.596 70.840
163.383 112.974 22.596 70.840
170.126 103.747 22.596 70.840
184.677 94.164 22.596 70.840
183.612 96.649 22.596 70.840
174.385 99.843 22.596 70.840
170.481 107.296 22.596 70.840
158.769 117.588 22.596 70.840
139.959 120.072 22.596 70.840
127.183 117.588 22.596 70.840
109.438 97.713 22.596 70.840
98.790 89.196 22.596 70.840
98.790 89.905 22.596 70.840
100.210 90.970 22.596 70.840
106.243 92.390 22.596 70.840
116.286 98.704 23.095 72.407
126.805 96.890 23.095 72.407
138.413 83.832 23.095 72.407
151.109 70.047 23.095 72.407
157.639 68.234 23.095 72.407
158.001 66.783 23.095 72.407
153.648 70.047 23.095 72.407
146.756 83.106 23.095 72.407
128.982 100.518 23.095 72.407
106.129 110.675 23.095 72.407
103.473 110.359 22.603 70.863
88.922 102.196 22.603 70.863
74.371 99.357 22.603 70.863
79.695 101.131 22.603 70.863
79.340 102.906 22.603 70.863
91.761 106.810 22.603 70.863
96.730 108.229 22.603 70.863
101.344 107.164 22.603 70.863
116.959 94.033 22.603 70.863
136.479 74.159 22.603 70.863
148.900 69.900 22.603 70.863
147.836 74.159 22.603 70.863
149.141 85.561 22.121 69.352
140.465 97.708 22.121 69.352
117.559 99.791 22.121 69.352
105.759 100.485 22.121 69.352
85.630 87.644 22.121 69.352
75.565 85.214 22.121 69.352
66.430 88.036 21.649 67.873
66.771 90.083 21.649 67.873
70.755 97.971 21.188 66.426
87.648 106.346 20.736 65.009
100.016 104.068 20.736 65.009
107.073 102.483 20.294 63.623
128.167 94.812 20.294 63.623
148.622 81.389 20.294 63.623
153.736 77.234 20.294 63.623
147.983 89.059 20.294 63.623
136.477 104.720 20.294 63.623
125.290 111.751 20.294 63.623
100.361 118.143 20.294 63.623
95.247 116.226 20.294 63.623
84.795 106.573 20.743 65.031
82.842 99.412 20.743 65.031
90.003 95.506 20.743 65.031
96.513 96.157 20.743 65.031
103.895 101.733 20.300 63.644
121.051 102.731 19.867 62.287
120.739 99.302 19.867 62.287
125.104 95.872 19.867 62.287
135.915 81.884 19.444 60.958
142.339 74.542 19.444 60.958
143.563 71.178 19.444 60.958
