340.000 358.000 18.000 55.000
339.722 357.165 18.000 55.000
338.886 358.000 18.000 55.000
337.773 359.114 18.000 55.000
335.824 359.392 18.000 55.000
334.988 359.392 18.000 55.000
333.318 359.949 18.000 55.000
330.533 359.671 18.000 55.000
326.914 358.000 18.000 55.000
323.851 356.886 18.000 55.000
321.345 358.557 18.000 55.000
319.396 359.392 18.000 55.000
317.447 359.949 18.000 55.000
314.384 360.506 18.000 55.000
312.435 361.898 18.000 55.000
312.157 363.847 18.000 55.000
310.208 364.961 18.000 55.000
307.980 364.961 18.000 55.000
305.196 366.353 18.000 55.000
304.082 366.631 18.000 55.000
304.361 366.910 18.000 55.000
304.361 368.302 18.000 55.000
303.525 368.859 18.000 55.000
302.133 370.808 18.000 55.000
302.690 371.922 18.000 55.000
300.463 372.200 18.000 55.000
299.627 371.365 18.000 55.000
297.678 373.314 18.000 55.000
296.565 374.706 18.000 55.000
296.008 376.098 18.000 55.000
296.565 376.376 18.000 55.000
295.173 377.212 18.000 55.000
294.894 378.325 18.000 55.000
295.173 378.882 18.000 55.000
296.286 379.439 18.000 55.000
296.565 379.161 18.000 55.000
295.729 378.325 18.000 55.000
296.843 379.161 18.000 55.000
297.400 379.161 18.000 55.000
297.957 379.996 18.000 55.000
295.729 379.439 18.000 55.000
294.059 378.047 18.000 55.000
293.502 378.604 18.000 55.000
292.667 377.490 18.000 55.000
291.831 376.098 18.000 55.000
290.439 375.820 18.000 55.000
291.275 376.933 18.000 55.000
290.718 377.490 18.000 55.000
289.604 375.820 18.000 55.000
290.439 376.376 18.000 55.000
291.275 375.263 18.000 55.000
290.718 375.263 18.000 55.000
290.718 376.376 18.000 55.000
289.882 377.212 18.000 55.000
289.325 377.769 18.000 55.000
289.882 378.882 18.000 55.000
288.212 380.275 18.000 55.000
287.933 380.553 18.000 55.000
286.541 381.388 18.000 55.000
284.035 381.388 18.000 55.000
282.365 382.502 18.000 55.000
282.086 384.451 18.000 55.000
279.859 384.729 18.000 55.000
278.188 386.122 18.000 55.000
277.631 387.514 18.000 55.000
275.682 387.514 18.000 55.000
274.569 386.678 18.000 55.000
272.898 385.286 18.000 55.000
272.063 383.894 18.000 55.000
272.341 383.616 18.000 55.000
270.949 381.667 18.000 55.000
270.949 380.275 18.000 55.000
272.063 378.882 18.000 55.000
271.227 377.769 18.000 55.000
270.114 375.820 18.000 55.000
268.165 373.871 18.000 55.000
266.773 372.478 18.000 55.000
265.102 370.251 18.000 55.000
264.545 369.137 18.000 55.000
264.545 368.859 18.000 55.000
264.824 369.973 18.000 55.000
265.102 371.643 18.000 55.000
265.102 372.757 18.000 55.000
265.102 374.149 18.000 55.000
263.710 373.314 18.000 55.000
262.039 372.757 18.000 55.000
260.090 371.643 18.000 55.000
259.255 369.973 18.000 55.000
257.863 368.580 18.000 55.000
256.471 368.580 18.000 55.000
255.635 369.973 18.000 55.000
252.294 369.973 18.000 55.000
252.573 370.529 18.000 55.000
250.902 368.580 18.000 55.000
250.067 367.467 18.000 55.000
248.118 365.518 18.000 55.000
247.561 366.631 18.000 55.000
247.282 364.961 18.000 55.000
248.396 363.847 18.000 55.000
247.839 363.012 18.000 55.000
247.561 363.290 18.000 55.000
246.169 363.847 18.000 55.000
246.447 363.847 18.000 55.000
245.055 362.455 18.000 55.000
243.941 361.341 18.000 55.000
243.384 362.455 18.000 55.000
242.549 363.847 18.000 55.000
240.043 363.569 18.000 55.000
239.765 364.125 18.000 55.000
238.651 364.961 18.000 55.000
237.259 365.518 18.000 55.000
238.094 362.733 18.000 55.000
239.486 361.063 18.000 55.000
241.435 359.392 18.000 55.000
246.169 357.165 18.000 55.000
248.118 351.875 18.000 55.000
250.067 349.369 18.000 55.000
249.788 347.976 18.000 55.000
248.675 349.647 18.000 55.000
248.396 349.925 18.000 55.000
250.067 347.976 18.000 55.000
251.737 348.533 18.000 55.000
253.129 349.647 18.000 55.000
255.078 350.204 18.000 55.000
257.306 350.482 18.000 55.000
258.141 350.761 18.000 55.000
259.812 351.596 18.000 55.000
259.812 351.596 18.000 55.000
260.090 351.596 18.000 55.000
259.533 352.431 18.000 55.000
257.863 353.267 18.000 55.000
258.698 353.545 18.000 55.000
258.698 352.988 18.000 55.000
259.255 354.102 18.000 55.000
260.369 353.267 18.000 55.000
260.925 351.318 18.000 55.000
259.255 349.369 18.000 55.000
259.812 349.090 18.000 55.000
258.698 347.420 18.000 55.000
259.812 347.420 18.000 55.000
259.812 346.306 18.000 55.000
259.533 347.141 18.000 55.000
257.306 348.255 18.000 55.000
256.749 347.698 18.000 55.000
256.192 349.369 18.000 55.000
257.306 348.812 18.000 55.000
258.420 349.647 18.000 55.000
258.420 350.482 18.000 55.000
256.471 352.710 18.000 55.000
255.078 355.494 18.000 55.000
253.129 356.329 18.000 55.000
250.624 356.329 18.000 55.000
246.725 357.165 18.000 55.000
243.941 358.000 18.000 55.000
241.992 358.278 18.000 55.000
241.714 356.329 18.000 55.000
241.435 356.608 18.000 55.000
241.714 357.443 18.000 55.000
240.043 356.608 18.000 55.000
238.929 357.443 18.000 55.000
237.617 357.670 18.398 56.217
236.764 359.376 18.398 56.217
235.058 360.797 18.398 56.217
233.920 361.650 18.398 56.217
233.068 360.797 18.398 56.217
232.215 361.935 18.398 56.217
230.305 362.450 18.805 57.461
228.646 360.363 19.221 58.732
227.462 359.475 19.221 58.732
224.881 357.345 19.647 60.031
223.361 358.257 19.647 60.031
221.624 354.857 20.081 61.360
221.004 352.689 20.081 61.360
218.304 347.673 20.526 62.717
218.304 346.402 20.526 62.717
216.806 346.979 20.980 64.105
215.189 349.244 20.980 64.105
212.277 348.273 20.980 64.105
213.339 346.917 21.444 65.523
212.345 346.585 21.444 65.523
210.451 346.523 21.918 66.973
209.094 349.916 21.918 66.973
209.094 351.951 21.918 66.973
207.834 351.549 22.403 68.455
207.143 351.549 22.403 68.455
204.135 351.137 22.899 69.969
201.764 352.834 23.406 71.517
200.783 352.764 23.923 73.100
197.570 351.955 24.453 74.717
194.650 350.372 24.994 76.370
191.283 350.300 25.547 78.060
189.424 352.589 26.112 79.787
187.405 356.224 26.112 79.787
185.500 353.322 26.690 81.552
183.558 352.832 27.280 83.356
181.148 354.439 27.884 85.201
178.560 361.341 27.884 85.201
177.266 360.909 27.884 85.201
175.540 360.909 27.884 85.201
172.952 361.341 27.884 85.201
172.952 361.772 27.884 85.201
170.487 364.281 28.501 87.086
168.407 368.611 29.131 89.012
165.713 368.162 29.131 89.012
164.043 368.076 29.776 90.982
161.871 369.834 30.435 92.995
160.122 374.452 31.108 95.052
156.416 374.842 31.796 97.155
153.965 374.352 31.796 97.155
153.965 376.803 31.796 97.155
150.672 380.140 32.500 99.305
148.304 378.539 33.219 101.502
146.909 374.848 33.954 103.748
143.393 374.747 34.705 106.043
138.575 374.212 34.705 106.043
134.444 368.221 35.473 108.389
128.034 361.004 36.258 110.788
126.912 355.957 36.258 110.788
127.072 350.806 37.060 113.239
128.790 345.653 37.060 113.239
135.088 347.371 37.060 113.239
139.096 348.516 37.060 113.239
148.829 349.661 37.060 113.239
159.297 346.691 37.880 115.744
167.059 343.657 38.718 118.305
178.421 341.265 38.718 118.305
186.196 337.079 38.718 118.305
192.346 342.947 39.575 120.922
198.464 333.158 39.575 120.922
204.581 333.770 39.575 120.922
210.087 336.829 39.575 120.922
214.370 340.500 39.575 120.922
213.932 342.832 40.450 123.598
214.557 345.334 40.450 123.598
217.059 349.713 40.450 123.598
218.936 362.848 40.450 123.598
219.739 365.234 41.345 126.333
224.853 370.347 41.345 126.333
228.049 374.183 41.345 126.333
233.163 374.822 41.345 126.333
238.916 373.544 41.345 126.333
244.029 368.430 41.345 126.333
244.211 362.558 42.260 129.128
242.252 360.599 42.260 129.128
236.376 350.152 42.260 129.128
231.152 337.093 42.260 129.128
228.073 330.441 43.195 131.985
224.740 321.108 43.195 131.985
229.595 309.648 44.151 134.905
226.184 301.459 44.151 134.905
232.325 305.554 44.151 134.905
233.689 301.459 44.151 134.905
236.419 293.271 44.151 134.905
241.878 295.318 44.151 134.905
245.972 299.412 44.151 134.905
248.701 294.636 44.151 134.905
256.207 292.589 44.151 134.905
264.589 296.555 45.127 137.889
267.570 304.079 46.126 140.940
269.907 306.079 47.146 144.059
273.023 300.848 48.190 147.246
271.745 300.709 49.256 150.504
271.961 303.609 50.346 153.834
270.404 306.722 50.346 153.834
265.733 298.938 50.346 153.834
261.841 298.938 50.346 153.834
257.949 299.717 50.346 153.834
252.500 292.711 50.346 153.834
248.608 286.483 50.346 153.834
242.602 289.452 51.459 157.237
242.827 292.477 52.598 160.716
244.680 297.193 53.762 164.272
254.868 300.353 54.951 167.906
260.203 293.401 56.167 171.621
265.648 282.836 57.410 175.418
269.444 272.919 58.680 179.300
273.974 268.389 58.680 179.300
280.572 260.065 59.978 183.267
282.685 251.559 61.305 187.321
283.632 252.506 61.305 187.321
282.685 259.135 61.305 187.321
287.420 263.871 61.305 187.321
293.102 265.765 61.305 187.321
294.049 269.553 61.305 187.321
294.049 274.288 61.305 187.321
292.155 268.606 61.305 187.321
294.996 269.553 61.305 187.321
295.943 265.765 61.305 187.321
288.367 269.553 61.305 187.321
281.738 273.341 61.305 187.321
278.896 276.182 61.305 187.321
272.267 277.130 61.305 187.321
271.320 272.394 61.305 187.321
266.585 263.871 61.305 187.321
266.585 264.818 61.305 187.321
256.167 267.659 61.305 187.321
250.485 270.500 61.305 187.321
246.696 266.712 61.305 187.321
243.855 270.500 61.305 187.321
240.067 274.288 61.305 187.321
241.014 268.606 61.305 187.321
242.908 264.818 61.305 187.321
240.067 269.553 61.305 187.321
239.120 272.394 61.305 187.321
235.332 267.659 61.305 187.321
231.543 266.712 61.305 187.321
225.861 261.030 61.305 187.321
232.491 263.871 61.305 187.321
240.067 266.712 61.305 187.321
250.485 272.394 61.305 187.321
256.167 276.182 61.305 187.321
261.849 280.918 61.305 187.321
267.532 288.494 61.305 187.321
275.108 304.594 61.305 187.321
280.791 323.535 61.305 187.321
283.632 326.377 61.305 187.321
286.473 328.271 61.305 187.321
287.420 331.112 61.305 187.321
287.689 334.722 62.662 191.466
289.626 338.596 62.662 191.466
293.501 342.471 62.662 191.466
293.501 346.346 62.662 191.466
293.501 348.283 62.662 191.466
293.501 352.157 62.662 191.466
294.469 358.938 62.662 191.466
290.595 362.812 62.662 191.466
288.657 366.687 62.662 191.466
284.783 367.655 62.662 191.466
283.814 370.561 62.662 191.466
279.940 373.467 62.662 191.466
278.003 379.279 62.662 191.466
273.159 387.996 62.662 191.466
269.285 391.871 62.662 191.466
272.191 387.028 62.662 191.466
267.623 388.784 64.048 195.702
263.662 384.823 64.048 195.702
260.692 377.892 64.048 195.702
260.692 368.980 64.048 195.702
257.721 368.980 64.048 195.702
260.384 359.185 62.682 191.529
265.228 352.404 62.682 191.529
267.165 346.593 62.682 191.529
267.165 347.561 62.682 191.529
267.165 350.467 62.682 191.529
266.196 354.342 62.682 191.529
266.196 357.247 62.682 191.529
265.228 361.122 62.682 191.529
262.597 362.878 64.069 195.766
259.626 366.838 64.069 195.766
255.947 355.761 65.486 200.098
248.865 381.055 65.486 200.098
241.782 392.185 65.486 200.098
246.117 362.653 66.935 204.525
248.183 372.987 66.935 204.525
245.083 381.253 66.935 204.525
246.117 388.487 66.935 204.525
248.183 384.353 66.935 204.525
248.183 390.553 66.935 204.525
250.250 384.353 66.935 204.525
258.517 377.120 66.935 204.525
265.750 369.887 66.935 204.525
276.083 364.720 66.935 204.525
284.350 356.453 66.935 204.525
292.617 352.320 66.935 204.525
303.983 345.087 66.935 204.525
312.543 332.491 68.416 209.050
319.941 329.320 68.416 209.050
337.908 333.548 68.416 209.050
355.874 334.605 68.416 209.050
372.027 337.576 69.930 213.675
379.590 338.657 69.930 213.675
386.072 340.817 69.930 213.675
392.220 336.613 68.439 209.118
402.788 334.500 68.439 209.118
421.812 330.272 68.439 209.118
432.381 326.045 68.439 209.118
438.722 333.443 68.439 209.118
441.892 344.011 68.439 209.118
442.949 353.523 68.439 209.118
446.120 358.808 68.439 209.118
450.020 362.094 66.979 204.659
446.914 365.200 66.979 204.659
442.773 362.094 66.979 204.659
435.205 337.359 65.551 200.294
426.099 340.394 65.551 200.294
413.958 342.418 65.551 200.294
395.433 348.600 64.153 196.023
381.571 350.581 64.153 196.023
369.688 348.600 64.153 196.023
354.835 349.590 64.153 196.023
345.923 352.561 64.153 196.023
338.686 354.651 62.785 191.843
328.980 354.651 62.785 191.843
319.274 359.504 62.785 191.843
314.421 360.475 62.785 191.843
308.598 355.622 62.785 191.843
302.774 360.475 62.785 191.843
296.951 364.357 62.785 191.843
293.068 358.533 62.785 191.843
287.245 362.416 62.785 191.843
278.510 364.357 62.785 191.843
274.627 365.328 62.785 191.843
271.715 368.239 62.785 191.843
267.833 369.210 62.785 191.843
267.833 369.210 62.785 191.843
266.862 371.151 62.785 191.843
268.804 374.063 62.785 191.843
270.745 376.004 62.785 191.843
268.804 377.945 62.785 191.843
270.745 376.004 62.785 191.843
271.715 379.886 62.785 191.843
272.686 381.828 62.785 191.843
274.627 375.033 62.785 191.843
274.627 367.269 62.785 191.843
271.715 363.386 62.785 191.843
273.657 363.386 62.785 191.843
270.745 356.592 62.785 191.843
268.804 356.592 62.785 191.843
269.774 348.828 62.785 191.843
267.833 344.945 62.785 191.843
263.951 345.916 62.785 191.843
261.039 347.857 62.785 191.843
259.098 343.004 62.785 191.843
261.039 335.239 62.785 191.843
262.980 339.122 62.785 191.843
257.433 342.823 64.174 196.087
257.715 358.513 65.594 200.426
252.934 377.584 67.045 204.860
251.899 369.301 67.045 204.860
251.899 365.160 67.045 204.860
250.864 367.231 67.045 204.860
250.122 369.106 68.529 209.393
250.423 361.495 70.045 214.026
249.648 353.716 71.594 218.761
250.754 347.080 71.594 218.761
245.224 344.869 71.594 218.761
248.856 346.872 73.178 223.601
241.270 346.657 74.798 228.548
234.340 342.038 74.798 228.548
227.411 337.418 74.798 228.548
221.964 338.354 76.452 233.605
218.423 335.994 76.452 233.605
216.062 330.092 76.452 233.605
212.521 318.288 76.452 233.605
213.701 307.664 76.452 233.605
220.784 297.041 76.452 233.605
232.222 287.728 74.822 228.623
243.771 276.179 74.822 228.623
253.011 256.545 74.822 228.623
268.024 244.996 74.822 228.623
280.371 237.040 73.226 223.748
287.940 232.637 71.665 218.976
289.812 240.512 70.137 214.306
294.889 242.797 68.641 209.736
296.682 249.276 67.177 205.264
297.719 254.462 67.177 205.264
295.645 259.649 67.177 205.264
294.608 266.909 67.177 205.264
292.533 276.245 67.177 205.264
289.421 283.505 67.177 205.264
290.458 282.468 67.177 205.264
290.458 285.580 67.177 205.264
294.608 286.617 67.177 205.264
297.719 281.431 67.177 205.264
299.794 276.245 67.177 205.264
297.719 273.133 67.177 205.264
299.794 277.282 67.177 205.264
297.719 273.133 67.177 205.264
301.868 279.356 67.177 205.264
306.017 282.468 67.177 205.264
314.315 276.245 67.177 205.264
328.837 270.021 67.177 205.264
337.135 271.058 67.177 205.264
344.396 276.245 67.177 205.264
350.619 283.505 67.177 205.264
356.843 281.431 67.177 205.264
363.066 278.319 67.177 205.264
369.290 283.505 67.177 205.264
375.513 291.804 67.177 205.264
372.402 295.953 67.177 205.264
365.141 292.841 67.177 205.264
359.955 302.176 67.177 205.264
364.104 296.990 67.177 205.264
371.364 301.139 67.177 205.264
376.551 308.400 67.177 205.264
383.811 312.549 67.177 205.264
390.751 307.476 65.745 200.886
392.783 316.618 65.745 200.886
398.877 325.759 65.745 200.886
404.656 323.838 64.343 196.602
404.348 327.923 62.970 192.410
400.458 324.032 62.970 192.410
392.678 320.142 62.970 192.410
370.309 320.142 62.970 192.410
352.803 329.868 62.970 192.410
338.215 336.676 62.970 192.410
312.929 329.868 62.970 192.410
305.148 323.060 62.970 192.410
289.587 324.032 62.970 192.410
275.972 330.840 62.970 192.410
266.246 335.703 62.970 192.410
260.411 341.538 62.970 192.410
255.548 339.593 62.970 192.410
255.548 349.319 62.970 192.410
245.823 346.401 62.970 192.410
246.795 360.017 62.970 192.410
250.685 363.907 62.970 192.410
248.740 360.989 62.970 192.410
258.466 349.319 62.970 192.410
262.356 326.950 62.970 192.410
255.548 315.279 62.970 192.410
245.823 310.417 62.970 192.410
225.399 303.609 62.970 192.410
205.948 299.719 62.970 192.410
206.921 303.609 62.970 192.410
205.948 293.883 62.970 192.410
211.783 285.130 62.970 192.410
217.619 278.323 62.970 192.410
221.509 274.432 62.970 192.410
234.152 269.570 62.970 192.410
249.713 262.762 62.970 192.410
264.301 256.927 62.970 192.410
274.027 254.009 62.970 192.410
281.807 254.981 62.970 192.410
292.505 258.872 62.970 192.410
298.340 262.762 62.970 192.410
303.203 266.652 62.970 192.410
314.874 275.405 62.970 192.410
314.874 283.185 62.970 192.410
309.038 294.856 62.970 192.410
312.627 301.770 61.628 188.306
312.627 301.770 61.628 188.306
309.774 307.476 61.628 188.306
309.774 305.574 61.628 188.306
315.186 303.778 60.313 184.291
331.663 300.155 59.027 180.361
339.869 293.773 59.027 180.361
355.369 291.037 59.027 180.361
366.310 289.214 59.027 180.361
373.604 287.390 59.027 180.361
381.810 291.037 59.027 180.361
376.339 288.302 59.027 180.361
391.839 281.008 59.027 180.361
394.833 273.542 60.333 184.351
391.108 264.228 60.333 184.351
386.715 256.601 61.668 188.430
392.433 258.507 61.668 188.430
396.515 260.234 63.032 192.599
400.413 265.106 63.032 192.599
410.158 270.953 63.032 192.599
420.576 274.956 61.688 188.492
427.246 282.580 61.688 188.492
424.387 288.297 61.688 188.492
418.670 291.156 61.688 188.492
411.999 296.874 61.688 188.492
401.517 298.780 61.688 188.492
392.940 301.638 61.688 188.492
382.458 305.450 61.688 188.492
361.493 312.121 61.688 188.492
351.011 318.791 61.688 188.492
344.340 323.556 61.688 188.492
332.905 314.027 61.688 188.492
326.234 314.980 61.688 188.492
316.705 314.980 61.688 188.492
310.034 319.744 61.688 188.492
310.987 324.509 61.688 188.492
303.364 330.227 61.688 188.492
297.646 333.085 61.688 188.492
299.552 330.227 61.688 188.492
294.787 319.744 61.688 188.492
296.398 316.036 60.373 184.472
298.908 313.337 59.085 180.538
298.908 310.601 59.085 180.538
302.274 309.791 57.825 176.688
297.803 308.003 57.825 176.688
292.438 311.579 57.825 176.688
287.968 313.368 57.825 176.688
280.815 313.368 57.825 176.688
274.556 308.897 57.825 176.688
264.721 310.685 57.825 176.688
251.309 312.474 57.825 176.688
241.474 314.262 57.825 176.688
232.532 314.262 57.825 176.688
219.737 308.993 56.592 172.920
211.867 309.867 56.592 172.920
199.624 314.240 56.592 172.920
183.008 308.993 56.592 172.920
176.886 302.871 56.592 172.920
169.016 303.746 56.592 172.920
153.275 304.620 56.592 172.920
146.007 301.217 55.385 169.233
138.313 302.927 55.385 169.233
131.474 306.346 55.385 169.233
127.200 301.217 55.385 169.233
120.360 301.217 55.385 169.233
111.547 303.021 54.204 165.624
105.686 302.184 54.204 165.624
99.825 297.998 54.204 165.624
94.802 296.323 54.204 165.624
93.965 298.835 54.204 165.624
92.290 303.021 54.204 165.624
93.965 306.370 54.204 165.624
96.217 312.323 53.048 162.092
100.315 305.766 53.048 162.092
102.774 309.864 53.048 162.092
110.970 319.699 53.048 162.092
117.527 324.617 53.048 162.092
120.805 318.880 53.048 162.092
127.362 313.142 53.048 162.092
134.739 316.421 53.048 162.092
139.656 318.880 53.048 162.092
145.394 314.782 53.048 162.092
150.311 315.601 53.048 162.092
154.409 312.323 53.048 162.092
158.507 309.864 53.048 162.092
159.327 310.684 53.048 162.092
160.146 307.405 53.048 162.092
161.786 303.307 53.048 162.092
162.605 301.668 53.048 162.092
164.245 299.209 53.048 162.092
166.703 296.750 53.048 162.092
168.343 297.570 53.048 162.092
173.260 294.291 53.048 162.092
174.899 300.029 53.048 162.092
176.539 301.668 53.048 162.092
178.178 304.127 53.048 162.092
178.997 306.586 53.048 162.092
180.637 306.586 53.048 162.092
182.276 304.127 53.048 162.092
187.194 307.405 53.048 162.092
190.472 310.684 53.048 162.092
193.750 313.962 53.048 162.092
194.570 311.503 53.048 162.092
197.029 311.503 53.048 162.092
198.668 317.240 53.048 162.092
199.488 319.699 53.048 162.092
201.127 321.338 53.048 162.092
204.405 320.519 53.048 162.092
207.684 324.617 53.048 162.092
208.503 331.174 53.048 162.092
205.225 328.715 53.048 162.092
209.323 332.813 53.048 162.092
211.782 336.911 53.048 162.092
213.421 341.829 53.048 162.092
215.060 335.272 53.048 162.092
216.699 328.715 53.048 162.092
219.158 328.715 53.048 162.092
222.437 323.797 53.048 162.092
227.354 317.240 53.048 162.092
230.633 310.684 53.048 162.092
234.731 307.405 53.048 162.092
239.648 308.225 53.048 162.092
240.468 310.684 53.048 162.092
245.386 306.586 53.048 162.092
248.664 304.127 53.048 162.092
245.386 307.405 53.048 162.092
247.845 312.323 53.048 162.092
244.566 314.782 53.048 162.092
241.288 311.503 53.048 162.092
243.746 311.503 53.048 162.092
239.648 311.503 53.048 162.092
237.190 305.766 53.048 162.092
237.190 297.570 53.048 162.092
233.911 299.209 53.048 162.092
229.813 302.487 53.048 162.092
231.452 295.931 53.048 162.092
233.911 298.389 53.048 162.092
237.190 297.570 53.048 162.092
245.386 299.209 53.048 162.092
251.123 303.307 53.048 162.092
255.221 308.225 53.048 162.092
263.417 308.225 53.048 162.092
274.892 304.946 53.048 162.092
285.546 300.848 53.048 162.092
293.743 296.750 53.048 162.092
304.397 296.750 53.048 162.092
310.135 289.374 53.048 162.092
316.692 282.817 53.048 162.092
320.790 286.095 53.048 162.092
319.970 288.554 53.048 162.092
320.790 286.915 53.048 162.092
319.970 287.735 53.048 162.092
321.609 282.817 53.048 162.092
319.150 286.095 53.048 162.092
316.692 290.193 53.048 162.092
312.594 282.817 53.048 162.092
308.496 283.636 53.048 162.092
303.578 285.276 53.048 162.092
296.201 276.260 53.048 162.092
290.464 271.342 53.048 162.092
281.448 276.260 53.048 162.092
274.072 279.538 53.048 162.092
271.026 270.369 54.222 165.678
268.515 266.183 54.222 165.678
261.817 271.206 54.222 165.678
263.491 273.718 54.222 165.678
261.817 276.230 54.222 165.678
259.046 283.857 53.066 162.145
262.070 288.864 51.934 158.687
262.872 281.647 51.934 158.687
265.278 287.260 51.934 158.687
260.218 294.566 50.826 155.303
257.081 299.272 50.826 155.303
254.728 316.527 50.826 155.303
253.159 324.370 50.826 155.303
246.885 322.017 50.826 155.303
250.806 328.292 50.826 155.303
253.159 324.370 50.826 155.303
253.944 321.233 50.826 155.303
249.460 315.593 51.951 158.739
252.668 311.583 51.951 158.739
251.866 307.574 51.951 158.739
248.885 301.006 53.100 162.251
245.839 281.999 54.275 165.841
250.874 274.446 54.275 165.841
252.553 280.321 54.275 165.841
256.148 269.255 55.476 169.510
260.433 267.541 55.476 169.510
265.574 262.400 55.476 169.510
268.144 264.113 55.476 169.510
269.001 266.684 55.476 169.510
267.531 269.093 56.703 173.261
268.407 262.081 56.703 173.261
270.160 256.823 56.703 173.261
273.666 253.317 56.703 173.261
275.419 259.452 56.703 173.261
278.048 264.711 56.703 173.261
278.048 260.328 56.703 173.261
276.023 258.670 55.494 169.566
282.878 254.386 55.494 169.566
279.186 261.335 54.311 165.950
282.543 260.496 54.311 165.950
285.899 268.888 54.311 165.950
283.961 278.210 53.153 162.411
286.659 269.841 54.329 166.004
279.945 265.645 54.329 166.004
275.489 259.862 53.170 162.464
292.742 255.754 53.170 162.464
288.635 259.040 53.170 162.464
284.527 259.040 53.170 162.464
273.025 256.576 53.170 162.464
262.344 257.397 53.170 162.464
252.486 254.933 53.170 162.464
251.664 265.613 53.170 162.464
240.984 268.899 53.170 162.464
250.842 266.435 53.170 162.464
229.482 263.970 53.170 162.464
218.801 271.364 53.170 162.464
224.552 268.078 53.170 162.464
216.337 261.505 53.170 162.464
219.623 256.576 53.170 162.464
221.266 253.290 53.170 162.464
225.374 248.360 53.170 162.464
221.011 246.806 52.036 159.000
225.031 245.198 52.036 159.000
226.639 241.983 52.036 159.000
229.854 237.963 52.036 159.000
233.874 235.551 52.036 159.000
236.286 231.532 52.036 159.000
240.305 228.316 52.036 159.000
246.488 233.227 50.927 155.609
248.847 234.013 50.927 155.609
251.428 237.009 52.053 159.052
255.448 242.637 52.053 159.052
260.271 244.245 52.053 159.052
257.056 242.637 52.053 159.052
260.271 248.264 52.053 159.052
265.095 247.460 52.053 159.052
257.860 254.696 52.053 159.052
259.467 261.127 52.053 159.052
265.323 257.760 53.205 162.571
258.750 264.332 53.205 162.571
262.037 271.726 53.205 162.571
266.966 279.121 53.205 162.571
260.139 285.783 52.070 159.104
263.355 284.176 52.070 159.104
264.963 288.195 52.070 159.104
267.375 286.587 52.070 159.104
268.179 284.176 52.070 159.104
270.342 281.852 50.960 155.711
272.700 278.707 50.960 155.711
275.846 275.562 50.960 155.711
280.320 274.077 49.873 152.390
289.567 270.224 49.873 152.390
292.650 273.307 49.873 152.390
295.732 269.454 49.873 152.390
297.805 267.226 48.810 149.141
298.558 270.238 48.810 149.141
301.570 264.967 48.810 149.141
302.323 260.449 48.810 149.141
305.102 257.522 47.769 145.960
306.348 253.917 46.750 142.847
