198.000 249.000 95.000 325.000
198.000 247.410 95.000 325.000
198.000 245.820 95.000 325.000
196.410 247.410 95.000 325.000
196.410 249.000 95.000 325.000
198.000 249.000 95.000 325.000
201.180 252.180 95.000 325.000
202.771 252.180 95.000 325.000
206.490 246.995 97.102 332.191
209.741 245.369 97.102 332.191
211.367 245.369 97.102 332.191
216.243 245.369 97.102 332.191
217.869 245.369 97.102 332.191
219.494 248.620 97.102 332.191
219.494 251.871 97.102 332.191
221.120 253.497 97.102 332.191
222.745 251.871 97.102 332.191
227.622 248.620 97.102 332.191
230.873 243.744 97.102 332.191
230.873 240.493 97.102 332.191
227.622 235.616 97.102 332.191
221.120 229.114 97.102 332.191
221.120 222.613 97.102 332.191
219.494 219.362 97.102 332.191
214.618 220.987 97.102 332.191
208.667 215.687 99.250 339.540
207.569 208.609 101.446 347.053
206.447 203.072 103.691 354.731
215.123 203.072 103.691 354.731
212.241 206.089 105.985 362.580
215.790 218.510 105.985 362.580
211.068 223.372 108.330 370.602
209.255 228.813 108.330 370.602
209.870 230.154 110.727 378.801
209.870 226.448 110.727 378.801
208.017 232.007 110.727 378.801
206.164 226.448 110.727 378.801
202.458 224.595 110.727 378.801
204.311 213.478 110.727 378.801
204.311 213.478 110.727 378.801
202.458 206.066 110.727 378.801
206.164 200.507 110.727 378.801
202.458 196.801 110.727 378.801
202.458 187.537 110.727 378.801
206.164 183.831 110.727 378.801
213.576 189.390 110.727 378.801
220.988 180.125 110.727 378.801
222.841 178.272 110.727 378.801
230.252 180.125 110.727 378.801
235.811 183.831 110.727 378.801
237.664 189.390 110.727 378.801
237.664 185.684 110.727 378.801
235.811 187.537 110.727 378.801
237.664 187.537 110.727 378.801
243.223 187.537 110.727 378.801
248.110 191.576 108.365 370.723
246.296 191.576 108.365 370.723
246.296 195.203 108.365 370.723
246.296 197.017 108.365 370.723
229.972 187.948 108.365 370.723
211.835 173.438 108.365 370.723
202.766 155.301 108.365 370.723
197.325 140.791 108.365 370.723
195.511 129.909 108.365 370.723
193.698 131.723 108.365 370.723
193.698 137.164 108.365 370.723
195.511 140.791 108.365 370.723
197.325 146.233 108.365 370.723
200.953 151.674 108.365 370.723
204.580 157.115 108.365 370.723
208.208 160.742 108.365 370.723
210.021 162.556 108.365 370.723
215.462 162.556 108.365 370.723
217.891 162.082 110.763 378.925
219.746 178.776 110.763 378.925
224.085 187.569 113.213 387.309
217.708 199.283 110.799 379.050
219.563 191.863 110.799 379.050
213.325 188.485 108.436 370.966
213.325 173.960 108.436 370.966
209.034 168.837 106.124 363.055
212.587 159.955 106.124 363.055
214.364 159.955 106.124 363.055
216.140 152.849 106.124 363.055
216.140 158.178 106.124 363.055
225.022 165.284 106.124 363.055
233.905 175.943 106.124 363.055
248.116 186.602 106.124 363.055
262.328 195.484 106.124 363.055
274.764 200.813 106.124 363.055
292.528 206.143 106.124 363.055
310.293 207.919 106.124 363.055
324.505 204.366 106.124 363.055
338.716 207.919 106.124 363.055
352.928 199.037 106.124 363.055
354.705 190.155 106.124 363.055
351.152 181.272 106.124 363.055
349.375 168.837 106.124 363.055
356.481 165.284 106.124 363.055
351.152 165.284 106.124 363.055
361.811 161.731 106.124 363.055
368.916 161.731 106.124 363.055
365.364 151.072 106.124 363.055
365.364 152.849 106.124 363.055
376.022 156.402 106.124 363.055
380.178 157.715 108.472 371.088
388.597 167.119 106.159 363.174
383.870 170.207 108.507 371.210
394.105 179.612 106.193 363.294
392.327 188.504 106.193 363.294
390.548 197.396 106.193 363.294
385.213 202.732 106.193 363.294
379.878 204.510 106.193 363.294
374.542 209.845 106.193 363.294
369.207 216.959 106.193 363.294
362.697 209.383 108.543 371.331
357.244 194.842 108.543 371.331
355.427 182.119 108.543 371.331
351.791 180.301 108.543 371.331
351.131 191.531 106.228 363.413
342.239 195.088 106.228 363.413
336.903 205.758 106.228 363.413
328.011 216.429 106.228 363.413
320.898 223.543 106.228 363.413
312.005 228.878 106.228 363.413
308.449 234.213 106.228 363.413
304.892 241.327 106.228 363.413
301.335 244.884 106.228 363.413
300.689 255.873 103.963 355.663
297.207 261.096 103.963 355.663
298.948 266.320 103.963 355.663
297.207 264.578 103.963 355.663
298.948 257.614 103.963 355.663
300.689 250.649 103.963 355.663
294.315 241.491 106.263 363.532
294.315 232.599 106.263 363.532
296.094 227.264 106.263 363.532
292.537 218.371 106.263 363.532
290.759 205.922 106.263 363.532
290.759 197.030 106.263 363.532
288.980 188.138 106.263 363.532
287.202 181.024 106.263 363.532
289.583 171.667 108.614 371.575
292.017 167.557 111.017 379.796
296.365 167.073 113.474 388.199
300.165 170.873 113.474 388.199
303.965 174.673 113.474 388.199
307.765 178.473 113.474 388.199
311.565 180.373 113.474 388.199
315.365 182.273 113.474 388.199
317.265 186.073 113.474 388.199
322.965 189.873 113.474 388.199
322.965 191.773 113.474 388.199
324.865 195.573 113.474 388.199
322.965 191.773 113.474 388.199
321.065 184.173 113.474 388.199
319.165 184.173 113.474 388.199
315.365 174.673 113.474 388.199
311.565 167.073 113.474 388.199
308.975 163.612 111.054 379.921
312.693 154.318 111.054 379.921
308.975 154.318 111.054 379.921
308.300 158.369 108.685 371.819
305.820 158.694 106.368 363.889
301.613 160.794 104.099 356.129
303.356 157.308 104.099 356.129
301.613 162.537 104.099 356.129
300.980 173.307 101.879 348.535
300.360 182.141 99.707 341.102
299.755 192.453 97.581 333.828
298.121 200.619 97.581 333.828
298.121 208.786 97.581 333.828
298.121 215.319 97.581 333.828
298.121 220.219 97.581 333.828
303.021 223.486 97.581 333.828
304.655 225.119 97.581 333.828
306.288 218.586 97.581 333.828
314.455 223.486 97.581 333.828
319.355 220.219 97.581 333.828
322.029 227.045 95.500 326.709
323.627 215.859 95.500 326.709
326.243 211.353 93.463 319.742
325.675 205.374 91.470 312.923
326.650 213.304 89.519 306.250
329.103 209.080 87.610 299.719
328.570 213.742 85.742 293.328
329.484 209.693 83.913 287.072
331.783 214.158 82.124 280.951
332.659 218.528 80.373 274.959
334.004 222.564 80.373 274.959
336.694 226.599 80.373 274.959
338.039 231.979 80.373 274.959
337.551 240.291 78.659 269.096
337.072 244.478 76.981 263.357
334.496 244.478 76.981 263.357
334.496 247.055 76.981 263.357
333.207 250.920 76.981 263.357
330.631 256.072 76.981 263.357
328.054 262.514 76.981 263.357
328.054 257.361 76.981 263.357
322.434 265.322 75.340 257.741
316.934 257.984 73.733 252.244
310.757 261.690 73.733 252.244
304.581 251.807 73.733 252.244
297.169 241.925 73.733 252.244
289.757 238.219 73.733 252.244
295.118 239.134 75.364 257.825
289.617 231.797 73.757 252.327
294.559 234.268 73.757 252.327
297.029 236.738 73.757 252.327
300.735 229.327 73.757 252.327
308.147 235.503 73.757 252.327
313.088 241.680 73.757 252.327
313.088 242.915 73.757 252.327
316.794 235.503 73.757 252.327
319.265 240.444 73.757 252.327
324.206 246.621 73.757 252.327
330.382 252.797 73.757 252.327
329.147 261.444 73.757 252.327
334.088 267.621 73.757 252.327
332.853 262.680 73.757 252.327
337.794 266.385 73.757 252.327
340.265 267.621 73.757 252.327
340.265 261.444 73.757 252.327
339.029 257.738 73.757 252.327
339.029 250.327 73.757 252.327
340.265 241.680 73.757 252.327
340.684 232.712 75.389 257.910
344.472 236.500 75.389 257.910
345.735 228.923 75.389 257.910
346.998 230.186 75.389 257.910
354.115 220.309 73.781 252.410
356.586 214.132 73.781 252.410
362.762 220.309 73.781 252.410
367.703 225.250 73.781 252.410
375.902 221.765 72.208 247.027
375.464 228.022 70.668 241.759
382.129 231.782 69.161 236.604
379.396 235.462 67.686 231.558
379.396 238.862 67.686 231.558
378.263 245.662 67.686 231.558
377.129 247.929 67.686 231.558
374.863 250.196 67.686 231.558
367.651 244.731 66.243 226.620
359.883 244.731 66.243 226.620
355.443 242.512 66.243 226.620
347.675 239.182 66.243 226.620
339.906 238.072 66.243 226.620
331.405 230.016 67.708 231.634
325.738 225.483 67.708 231.634
322.338 217.550 67.708 231.634
320.071 214.150 67.708 231.634
317.805 216.416 67.708 231.634
317.805 219.816 67.708 231.634
316.671 220.950 67.708 231.634
313.271 213.016 67.708 231.634
317.805 208.483 67.708 231.634
325.327 207.553 66.264 226.694
332.692 212.190 64.851 221.860
339.210 216.535 64.851 221.860
343.555 223.052 64.851 221.860
339.210 229.570 64.851 221.860
346.814 235.001 64.851 221.860
347.900 241.519 64.851 221.860
354.417 245.864 64.851 221.860
359.849 248.037 64.851 221.860
364.194 253.468 64.851 221.860
369.625 257.813 64.851 221.860
372.884 263.245 64.851 221.860
376.143 266.503 64.851 221.860
380.488 269.762 64.851 221.860
379.402 275.194 64.851 221.860
380.488 268.676 64.851 221.860
377.229 262.158 64.851 221.860
380.488 264.331 64.851 221.860
377.229 257.813 64.851 221.860
378.315 258.899 64.851 221.860
376.834 256.920 63.468 217.129
374.709 259.045 63.468 217.129
371.521 262.234 63.468 217.129
375.772 264.359 63.468 217.129
372.583 256.920 63.468 217.129
370.458 257.983 63.468 217.129
365.144 253.732 63.468 217.129
360.893 253.732 63.468 217.129
356.642 251.606 63.468 217.129
350.266 250.543 63.468 217.129
342.827 249.481 63.468 217.129
335.387 250.543 63.468 217.129
327.948 249.481 63.468 217.129
321.572 249.481 63.468 217.129
310.944 247.355 63.468 217.129
306.693 245.230 63.468 217.129
299.615 246.016 64.873 221.933
289.838 243.843 64.873 221.933
283.321 242.757 64.873 221.933
273.544 242.757 64.873 221.933
267.026 246.016 64.873 221.933
259.423 247.102 64.873 221.933
249.646 248.189 64.873 221.933
242.411 250.079 66.308 226.843
235.752 252.298 66.308 226.843
228.360 256.448 67.775 231.862
220.412 259.853 67.775 231.862
211.330 256.448 67.775 231.862
203.383 250.771 67.775 231.862
197.707 248.500 67.775 231.862
194.301 247.365 67.775 231.862
188.212 249.837 66.330 226.917
185.992 250.947 66.330 226.917
183.039 242.888 67.797 231.938
179.633 245.159 67.797 231.938
178.497 247.429 67.797 231.938
187.580 239.482 67.797 231.938
186.445 241.753 67.797 231.938
196.662 239.482 67.797 231.938
203.474 244.023 67.797 231.938
211.421 247.429 67.797 231.938
215.212 248.269 69.297 237.070
229.142 247.108 69.297 237.070
237.267 251.752 69.297 237.070
245.393 255.234 69.297 237.070
251.196 258.716 69.297 237.070
257.395 259.576 70.830 242.315
250.680 259.268 72.398 247.676
265.221 258.056 72.398 247.676
255.527 264.115 72.398 247.676
262.797 271.386 72.398 247.676
264.420 275.916 73.999 253.156
268.558 269.398 75.637 258.757
263.492 265.598 75.637 258.757
267.292 260.531 75.637 258.757
269.825 264.331 75.637 258.757
276.158 257.998 75.637 258.757
278.692 260.531 75.637 258.757
281.225 254.198 75.637 258.757
281.225 259.265 75.637 258.757
282.492 255.465 75.637 258.757
283.758 257.998 75.637 258.757
282.492 249.131 75.637 258.757
283.758 246.598 75.637 258.757
282.492 241.531 75.637 258.757
277.425 240.265 75.637 258.757
282.492 247.865 75.637 258.757
281.225 255.465 75.637 258.757
287.558 266.865 75.637 258.757
297.692 274.465 75.637 258.757
295.158 270.665 75.637 258.757
309.092 275.731 75.637 258.757
300.655 266.536 77.310 264.482
315.329 270.080 79.021 270.333
294.152 262.139 79.021 270.333
297.249 252.531 80.769 276.315
304.473 245.415 82.556 282.428
309.089 239.526 84.382 288.677
316.626 234.921 86.249 295.064
326.728 242.137 86.249 295.064
332.501 243.580 86.249 295.064
338.273 240.694 86.249 295.064
347.852 243.840 84.410 288.771
347.852 239.599 84.410 288.771
351.579 235.609 82.610 282.613
358.491 234.227 82.610 282.613
355.225 224.799 80.848 276.586
363.342 234.270 80.848 276.586
361.499 225.042 79.124 270.688
364.150 217.089 79.124 270.688
364.150 211.787 79.124 270.688
362.824 209.136 79.124 270.688
358.848 202.509 79.124 270.688
356.197 199.858 79.124 270.688
350.895 193.230 79.124 270.688
345.593 187.928 79.124 270.688
337.640 194.556 79.124 270.688
331.856 204.070 77.437 264.916
323.609 213.375 75.786 259.266
314.268 222.482 74.169 253.737
300.615 224.965 74.169 253.737
288.204 224.965 74.169 253.737
277.033 227.447 74.169 253.737
262.139 229.929 74.169 253.737
250.968 232.412 74.169 253.737
241.039 223.724 74.169 253.737
228.627 224.965 74.169 253.737
218.247 216.500 72.588 248.326
209.738 214.068 72.588 248.326
206.090 209.205 72.588 248.326
200.012 210.421 72.588 248.326
195.149 212.853 72.588 248.326
190.287 216.500 72.588 248.326
185.424 216.500 72.588 248.326
177.688 220.363 71.040 243.031
173.685 227.715 69.525 237.848
167.861 231.209 69.525 237.848
163.202 233.539 69.525 237.848
160.873 234.703 69.525 237.848
157.379 235.868 69.525 237.848
157.379 238.198 69.525 237.848
160.873 241.692 69.525 237.848
165.532 247.515 69.525 237.848
169.026 254.503 69.525 237.848
169.026 261.492 69.525 237.848
172.520 263.821 69.525 237.848
171.355 259.162 69.525 237.848
171.355 249.845 69.525 237.848
176.014 242.856 69.525 237.848
178.343 244.021 69.525 237.848
177.574 243.719 71.063 243.110
183.525 236.578 71.063 243.110
185.473 229.649 69.548 237.926
183.539 217.699 71.086 243.190
184.729 208.178 71.086 243.190
188.300 201.036 71.086 243.190
193.061 203.417 71.086 243.190
192.274 206.677 72.659 248.571
193.490 213.972 72.659 248.571
193.490 218.834 72.659 248.571
192.274 222.481 72.659 248.571
189.843 224.913 72.659 248.571
189.843 222.481 72.659 248.571
189.843 226.128 72.659 248.571
186.196 227.344 72.659 248.571
186.196 228.560 72.659 248.571
184.980 229.775 72.659 248.571
178.902 229.775 72.659 248.571
176.470 224.913 72.659 248.571
175.255 226.128 72.659 248.571
169.176 220.050 72.659 248.571
164.314 211.540 72.659 248.571
161.882 205.462 72.659 248.571
160.667 204.246 72.659 248.571
160.667 203.030 72.659 248.571
159.451 199.383 72.659 248.571
158.235 192.089 72.659 248.571
158.235 190.874 72.659 248.571
160.667 192.089 72.659 248.571
161.882 198.168 72.659 248.571
160.667 206.677 72.659 248.571
163.098 212.756 72.659 248.571
161.882 217.619 72.659 248.571
163.098 218.834 72.659 248.571
163.098 221.266 72.659 248.571
165.529 227.344 72.659 248.571
164.314 229.775 72.659 248.571
164.314 229.775 72.659 248.571
163.098 234.638 72.659 248.571
160.667 235.854 72.659 248.571
161.882 234.638 72.659 248.571
159.451 232.207 72.659 248.571
160.667 227.344 72.659 248.571
161.078 224.594 74.267 254.070
158.592 225.837 74.267 254.070
153.620 217.135 74.267 254.070
153.620 207.190 74.267 254.070
154.863 200.975 74.267 254.070
151.133 193.516 74.267 254.070
151.133 186.057 74.267 254.070
149.890 177.355 74.267 254.070
152.376 169.896 74.267 254.070
151.133 167.410 74.267 254.070
153.620 173.626 74.267 254.070
154.863 181.084 74.267 254.070
156.106 188.543 74.267 254.070
154.863 193.516 74.267 254.070
154.863 199.732 74.267 254.070
152.798 203.137 75.910 259.692
151.958 207.887 77.589 265.437
150.660 211.781 77.589 265.437
146.766 215.676 77.589 265.437
141.574 216.974 77.589 265.437
140.276 216.974 77.589 265.437
136.822 215.335 79.306 271.310
134.167 206.043 79.306 271.310
131.512 207.370 79.306 271.310
131.512 208.698 79.306 271.310
128.857 210.025 79.306 271.310
127.529 214.008 79.306 271.310
124.874 215.335 79.306 271.310
123.547 215.335 79.306 271.310
123.547 208.698 79.306 271.310
122.220 210.025 79.306 271.310
123.547 211.353 79.306 271.310
126.202 215.335 79.306 271.310
128.857 217.990 79.306 271.310
131.030 210.263 77.615 265.524
132.330 211.563 77.615 265.524
131.030 215.463 77.615 265.524
132.330 220.663 77.615 265.524
134.930 225.863 77.615 265.524
134.071 225.526 79.332 271.399
137.176 226.506 81.087 277.404
137.176 218.365 81.087 277.404
138.533 223.792 81.087 277.404
137.176 225.149 81.087 277.404
137.176 221.079 81.087 277.404
137.176 225.149 81.087 277.404
137.636 222.080 82.881 283.541
137.636 224.857 82.881 283.541
139.024 227.633 82.881 283.541
140.412 229.022 82.881 283.541
143.189 227.633 82.881 283.541
145.965 227.633 82.881 283.541
146.437 223.108 84.715 289.815
149.272 224.526 84.715 289.815
150.690 224.526 84.715 289.815
153.525 227.361 84.715 289.815
154.942 223.108 84.715 289.815
156.360 225.944 84.715 289.815
159.195 225.944 84.715 289.815
160.613 227.361 84.715 289.815
162.031 221.691 84.715 289.815
162.031 224.526 84.715 289.815
163.448 221.691 84.715 289.815
164.866 225.944 84.715 289.815
166.284 230.197 84.715 289.815
169.119 228.779 84.715 289.815
170.537 233.032 84.715 289.815
173.372 234.450 84.715 289.815
174.790 225.944 84.715 289.815
174.790 231.614 84.715 289.815
177.625 223.108 84.715 289.815
180.460 225.944 84.715 289.815
183.295 218.855 84.715 289.815
184.713 221.691 84.715 289.815
187.548 221.691 84.715 289.815
191.801 224.526 84.715 289.815
193.219 225.944 84.715 289.815
200.307 225.944 84.715 289.815
201.725 225.944 84.715 289.815
204.560 224.526 84.715 289.815
208.813 221.691 84.715 289.815
208.813 221.691 84.715 289.815
210.231 221.691 84.715 289.815
213.066 218.855 84.715 289.815
213.066 220.273 84.715 289.815
213.066 216.020 84.715 289.815
210.231 214.603 84.715 289.815
210.231 216.020 84.715 289.815
208.813 210.350 84.715 289.815
205.978 211.767 84.715 289.815
203.142 206.097 84.715 289.815
200.307 206.097 84.715 289.815
195.540 204.934 82.908 283.634
192.259 213.511 81.140 277.586
189.048 212.394 79.410 271.666
183.248 215.291 77.717 265.873
180.170 222.032 76.059 260.203
177.625 224.577 76.059 260.203
173.808 219.487 76.059 260.203
168.717 222.032 76.059 260.203
163.627 215.669 76.059 260.203
157.264 222.032 76.059 260.203
150.902 222.032 76.059 260.203
144.539 224.577 76.059 260.203
138.176 219.487 76.059 260.203
131.813 223.304 76.059 260.203
126.723 219.487 76.059 260.203
121.633 225.850 76.059 260.203
117.815 218.214 76.059 260.203
113.998 223.304 76.059 260.203
108.908 224.577 76.059 260.203
104.628 219.716 74.437 254.654
102.134 225.951 74.437 254.654
99.187 223.679 72.850 249.223
96.748 227.337 72.850 249.223
96.748 230.996 72.850 249.223
96.748 224.898 72.850 249.223
94.308 227.337 72.850 249.223
95.528 224.898 72.850 249.223
93.089 223.679 72.850 249.223
91.869 226.118 72.850 249.223
91.869 221.239 72.850 249.223
93.089 223.679 72.850 249.223
90.650 226.118 72.850 249.223
93.866 225.116 71.296 243.909
95.820 231.299 69.776 238.707
98.157 234.805 69.776 238.707
100.494 234.805 69.776 238.707
101.663 233.637 69.776 238.707
104.000 234.805 69.776 238.707
106.338 232.468 69.776 238.707
106.338 230.131 69.776 238.707
107.506 230.131 69.776 238.707
108.675 228.962 69.776 238.707
108.675 230.131 69.776 238.707
108.675 230.131 69.776 238.707
107.506 230.131 69.776 238.707
104.000 227.793 69.776 238.707
101.663 227.793 69.776 238.707
100.070 225.664 68.288 233.617
97.783 230.237 68.288 233.617
95.497 227.950 68.288 233.617
93.211 230.237 68.288 233.617
92.068 231.380 68.288 233.617
88.638 225.664 68.288 233.617
84.066 221.092 68.288 233.617
81.365 219.010 66.832 228.635
83.197 223.687 65.406 223.759
83.197 220.405 65.406 223.759
83.197 224.781 65.406 223.759
84.291 225.875 65.406 223.759
85.385 228.064 65.406 223.759
88.271 231.544 64.012 218.987
90.026 234.951 62.647 214.317
93.841 239.334 61.311 209.747
94.866 242.411 61.311 209.747
96.917 246.513 61.311 209.747
104.749 252.851 60.003 205.274
104.749 255.863 60.003 205.274
104.749 248.836 60.003 205.274
106.757 249.839 60.003 205.274
107.761 245.824 60.003 205.274
110.409 250.020 58.724 200.897
113.356 250.020 58.724 200.897
114.964 255.110 57.471 196.612
116.890 257.998 57.471 196.612
117.853 259.923 57.471 196.612
118.180 250.046 58.743 200.962
116.211 247.093 58.743 200.962
115.227 241.187 58.743 200.962
114.242 234.297 58.743 200.962
113.258 229.376 58.743 200.962
114.242 229.376 58.743 200.962
115.227 229.376 58.743 200.962
110.305 227.407 58.743 200.962
109.321 226.423 58.743 200.962
103.415 225.438 58.743 200.962
101.446 219.533 58.743 200.962
100.462 211.658 58.743 200.962
98.493 208.705 58.743 200.962
96.525 207.721 58.743 200.962
94.556 208.705 58.743 200.962
94.556 210.674 58.743 200.962
90.619 214.611 58.743 200.962
85.697 216.580 58.743 200.962
81.760 220.517 58.743 200.962
78.807 225.438 58.743 200.962
76.480 220.691 57.490 196.677
74.555 226.467 57.490 196.677
69.741 222.617 57.490 196.677
66.853 224.542 57.490 196.677
64.927 228.393 57.490 196.677
63.002 234.169 57.490 196.677
67.816 238.020 57.490 196.677
64.927 241.871 57.490 196.677
64.578 241.080 56.264 192.483
62.695 243.904 56.264 192.483
60.813 244.845 56.264 192.483
60.813 245.786 56.264 192.483
63.295 247.839 55.064 188.378
64.529 248.519 56.283 192.546
65.793 250.162 57.528 196.806
68.681 245.348 57.528 196.806
67.718 245.348 57.528 196.806
70.607 241.497 57.528 196.806
74.458 241.497 57.528 196.806
70.607 243.423 57.528 196.806
81.523 242.208 58.801 201.160
89.398 244.177 58.801 201.160
93.335 244.177 58.801 201.160
87.763 245.889 60.102 205.611
94.139 239.591 61.431 210.160
97.222 242.673 61.431 210.160
98.249 231.371 61.431 210.160
98.249 234.453 61.431 210.160
101.331 241.646 61.431 210.160
103.386 252.947 61.431 210.160
107.496 261.167 61.431 210.160
109.551 252.947 61.431 210.160
110.926 242.403 62.791 214.810
108.130 236.874 64.180 219.562
107.420 237.668 65.600 224.420
107.792 234.088 67.051 229.385
105.549 236.331 67.051 229.385
99.199 237.158 68.535 234.461
96.905 237.158 68.535 234.461
92.317 237.158 68.535 234.461
87.729 237.158 68.535 234.461
83.141 240.599 68.535 234.461
78.552 237.158 68.535 234.461
70.912 234.564 70.051 239.648
63.876 238.082 70.051 239.648
58.014 243.945 70.051 239.648
50.978 250.980 70.051 239.648
46.288 260.360 70.051 239.648
46.288 265.050 70.051 239.648
47.461 260.360 70.051 239.648
33.788 267.090 71.601 244.950
42.174 270.684 71.601 244.950
37.788 264.380 73.185 250.370
40.655 266.512 74.804 255.909
40.655 260.247 74.804 255.909
44.414 255.236 74.804 255.909
50.678 248.971 74.804 255.909
58.994 246.688 73.209 250.452
66.346 250.364 73.209 250.452
71.248 252.815 73.209 250.452
81.052 250.364 73.209 250.452
84.729 247.913 73.209 250.452
88.405 241.786 73.209 250.452
94.533 240.560 73.209 250.452
101.886 238.109 73.209 250.452
109.239 234.433 73.209 250.452
112.105 227.986 74.829 255.993
120.876 230.492 74.829 255.993
127.141 230.492 74.829 255.993
126.313 230.166 76.484 261.657
132.715 234.007 76.484 261.657
135.275 234.007 76.484 261.657
137.836 236.568 76.484 261.657
140.397 239.128 76.484 261.657
140.397 242.970 76.484 261.657
140.397 237.848 76.484 261.657
142.958 241.689 76.484 261.657
146.799 240.409 76.484 261.657
146.799 245.530 76.484 261.657
149.794 237.514 78.177 267.446
155.025 244.053 78.177 267.446
156.333 242.746 78.177 267.446
161.565 241.438 78.177 267.446
164.180 245.361 78.177 267.446
166.796 242.746 78.177 267.446
170.720 245.361 78.177 267.446
174.643 244.053 78.177 267.446
173.335 249.285 78.177 267.446
175.951 242.746 78.177 267.446
173.335 246.669 78.177 267.446
174.643 242.746 78.177 267.446
175.951 241.438 78.177 267.446
174.643 240.130 78.177 267.446
172.470 234.556 79.906 273.363
172.470 231.881 79.906 273.363
173.808 231.881 79.906 273.363
172.924 228.857 81.674 279.412
174.754 223.033 83.481 285.594
180.346 227.227 83.481 285.594
178.024 225.465 85.328 291.912
176.595 221.177 85.328 291.912
178.510 222.236 87.216 298.371
178.510 223.697 87.216 298.371
177.049 222.236 87.216 298.371
177.049 226.618 87.216 298.371
175.588 226.618 87.216 298.371
174.127 228.079 87.216 298.371
172.666 229.540 87.216 298.371
171.206 226.618 87.216 298.371
168.284 226.618 87.216 298.371
168.284 225.158 87.216 298.371
166.823 228.079 87.216 298.371
170.241 229.161 89.146 304.972
168.749 223.192 89.146 304.972
167.257 226.177 89.146 304.972
165.764 223.192 89.146 304.972
173.225 229.161 89.146 304.972
170.241 232.145 89.146 304.972
170.747 234.740 91.118 311.720
173.798 227.113 91.118 311.720
171.264 231.292 93.134 318.617
168.675 221.532 95.195 325.666
176.646 227.908 95.195 325.666
176.646 224.720 95.195 325.666
178.240 227.908 95.195 325.666
177.187 232.276 97.301 332.871
180.446 225.758 97.301 332.871
178.816 235.535 97.301 332.871
180.446 220.870 97.301 332.871
179.369 223.705 99.454 340.236
176.040 215.382 99.454 340.236
179.369 222.041 99.454 340.236
174.375 210.388 99.454 340.236
177.705 217.047 99.454 340.236
174.375 223.705 99.454 340.236
169.381 212.052 99.454 340.236
166.616 221.606 101.654 347.764
161.510 213.096 101.654 347.764
156.982 219.461 103.903 355.458
163.939 209.026 103.903 355.458
162.199 214.243 103.903 355.458
159.311 213.790 106.202 363.323
173.538 222.682 106.202 363.323
168.203 224.460 106.202 363.323
180.652 229.796 106.202 363.323
177.095 233.352 106.202 363.323
189.544 238.688 106.202 363.323
184.209 231.574 106.202 363.323
196.658 238.688 106.202 363.323
190.148 225.776 108.552 371.361
199.236 227.594 108.552 371.361
196.217 216.215 110.953 379.578
203.645 219.929 110.953 379.578
199.931 208.788 110.953 379.578
203.645 201.360 110.953 379.578
194.990 187.877 113.408 387.976
193.092 180.285 113.408 387.976
189.296 172.693 113.408 387.976
198.097 167.339 110.990 379.702
193.152 170.574 113.445 388.103
188.097 171.981 115.955 396.690
184.214 162.275 115.955 396.690
188.097 168.098 115.955 396.690
190.038 177.804 115.955 396.690
188.097 183.628 115.955 396.690
195.157 199.505 113.483 388.230
193.257 212.805 113.483 388.230
187.557 222.305 113.483 388.230
179.957 216.605 113.483 388.230
176.157 220.405 113.483 388.230
170.457 210.905 113.483 388.230
164.757 216.605 113.483 388.230
159.057 203.305 113.483 388.230
151.457 197.605 113.483 388.230
146.401 185.710 115.993 396.820
144.460 179.886 115.993 396.820
142.519 183.769 115.993 396.820
140.578 174.063 115.993 396.820
146.401 179.886 115.993 396.820
151.520 172.470 113.520 388.357
147.031 167.111 111.099 380.076
161.917 172.694 111.099 380.076
156.335 165.250 111.099 380.076
158.196 174.554 111.099 380.076
155.659 176.746 108.730 371.970
158.095 183.549 111.135 380.200
159.956 189.131 111.135 380.200
170.445 185.742 108.765 372.092
167.420 192.555 111.172 380.325
178.585 201.859 111.172 380.325
169.281 192.555 111.172 380.325
178.585 205.581 111.172 380.325
180.445 207.441 111.172 380.325
179.770 198.471 108.801 372.214
191.860 207.905 106.481 364.277
185.866 201.095 104.210 356.508
189.356 208.075 104.210 356.508
180.630 199.350 104.210 356.508
189.356 206.330 104.210 356.508
182.375 190.624 104.210 356.508
187.611 178.409 104.210 356.508
186.458 167.484 106.516 364.396
188.240 160.355 106.516 364.396
195.370 165.702 106.516 364.396
198.934 156.790 106.516 364.396
204.281 163.920 106.516 364.396
199.538 168.800 108.872 372.458
206.832 174.271 108.872 372.458
208.656 165.153 108.872 372.458
206.832 174.271 108.872 372.458
215.950 187.035 108.872 372.458
205.009 176.094 108.872 372.458
208.656 188.859 108.872 372.458
203.185 192.506 108.872 372.458
198.334 197.503 111.281 380.699
196.471 190.052 111.281 380.699
190.883 197.503 111.281 380.699
181.569 190.052 111.281 380.699
192.746 199.366 111.281 380.699
187.157 188.190 111.281 380.699
194.608 195.641 111.281 380.699
194.608 190.052 111.281 380.699
196.471 193.778 111.281 380.699
192.746 190.052 111.281 380.699
192.746 191.915 111.281 380.699
194.608 188.190 111.281 380.699
196.471 191.915 111.281 380.699
192.746 191.915 111.281 380.699
197.658 197.837 108.908 372.581
188.540 192.367 108.908 372.581
194.011 205.131 108.908 372.581
179.422 194.190 108.908 372.581
184.893 205.131 108.908 372.581
171.466 190.869 106.586 364.635
171.466 198.006 106.586 364.635
164.329 190.869 106.586 364.635
153.623 190.869 106.586 364.635
166.113 199.790 106.586 364.635
148.875 183.266 108.944 372.703
153.141 186.437 111.354 380.949
165.516 199.823 108.980 372.825
149.104 190.705 108.980 372.825
160.045 199.823 108.980 372.825
145.457 185.235 108.980 372.825
159.384 198.328 106.656 364.874
140.341 181.787 109.015 372.947
148.263 183.138 111.427 381.199
135.210 183.138 111.427 381.199
144.533 185.003 111.427 381.199
129.616 173.814 111.427 381.199
133.345 179.409 111.427 381.199
142.669 183.138 111.427 381.199
125.886 171.950 111.427 381.199
133.345 177.544 111.427 381.199
140.804 177.544 111.427 381.199
124.022 179.409 111.427 381.199
133.345 183.138 111.427 381.199
142.669 188.732 111.427 381.199
125.886 177.544 111.427 381.199
131.480 185.003 111.427 381.199
124.022 171.950 111.427 381.199
133.977 173.327 113.893 389.633
143.507 182.856 113.893 389.633
127.568 175.575 111.464 381.324
135.035 183.042 111.464 381.324
146.235 188.642 111.464 381.324
128.757 181.508 109.087 373.192
137.884 192.461 109.087 373.192
121.455 186.984 109.087 373.192
128.757 188.810 109.087 373.192
128.757 183.334 109.087 373.192
132.408 188.810 109.087 373.192
137.884 188.810 109.087 373.192
121.455 188.810 109.087 373.192
132.408 196.112 109.087 373.192
145.186 199.763 109.087 373.192
159.790 207.065 109.087 373.192
148.837 192.461 109.087 373.192
147.011 203.414 109.087 373.192
152.488 210.716 109.087 373.192
141.535 196.112 109.087 373.192
154.313 208.890 109.087 373.192
142.154 191.983 111.500 381.449
136.554 199.450 111.500 381.449
151.487 206.917 111.500 381.449
144.020 199.450 111.500 381.449
130.954 188.250 111.500 381.449
144.020 203.183 111.500 381.449
127.220 186.383 111.500 381.449
142.154 195.717 111.500 381.449
127.220 182.650 111.500 381.449
140.287 191.983 111.500 381.449
125.354 178.917 111.500 381.449
138.420 188.250 111.500 381.449
125.987 189.630 113.967 389.888
135.526 193.446 113.967 389.888
125.987 191.538 113.967 389.888
138.649 199.511 111.537 381.574
139.282 200.890 114.005 390.016
139.282 195.166 114.005 390.016
146.913 204.706 114.005 390.016
143.098 204.706 114.005 390.016
151.945 206.956 111.574 381.699
142.601 208.825 111.574 381.699
152.579 210.208 114.042 390.144
144.940 196.840 114.042 390.144
150.669 204.479 114.042 390.144
143.030 200.659 114.042 390.144
156.399 208.299 114.042 390.144
154.489 194.930 114.042 390.144
152.579 185.381 114.042 390.144
148.759 173.922 114.042 390.144
154.489 181.561 114.042 390.144
151.885 172.353 111.610 381.824
157.491 179.827 111.610 381.824
150.017 164.878 111.610 381.824
163.097 170.484 111.610 381.824
155.622 161.141 111.610 381.824
163.731 169.997 114.079 390.272
165.641 175.727 114.079 390.272
163.731 181.456 114.079 390.272
167.550 183.366 114.079 390.272
167.550 175.727 114.079 390.272
170.677 189.437 111.647 381.949
168.808 193.174 111.647 381.949
168.808 195.043 111.647 381.949
166.939 200.649 111.647 381.949
165.071 206.255 111.647 381.949
161.334 213.729 111.647 381.949
166.939 215.598 111.647 381.949
163.202 224.941 111.647 381.949
161.334 228.678 111.647 381.949
163.202 230.547 111.647 381.949
159.465 230.547 111.647 381.949
168.130 232.751 109.266 373.804
161.977 231.248 106.936 365.833
165.558 236.619 106.936 365.833
160.794 232.572 109.302 373.927
168.112 228.913 109.302 373.927
164.453 227.084 109.302 373.927
164.453 223.425 109.302 373.927
163.244 224.777 111.720 382.200
161.373 221.035 111.720 382.200
169.490 214.937 114.192 390.656
163.755 216.849 114.192 390.656
161.843 220.672 114.192 390.656
163.755 220.672 114.192 390.656
161.843 232.143 114.192 390.656
165.667 232.143 114.192 390.656
168.796 243.955 111.757 382.325
168.796 236.473 111.757 382.325
171.858 238.679 109.373 374.172
168.196 233.185 109.373 374.172
166.364 240.510 109.373 374.172
164.533 236.847 109.373 374.172
160.870 238.679 109.373 374.172
157.207 229.522 109.373 374.172
155.376 224.028 109.373 374.172
155.376 229.522 109.373 374.172
156.542 226.186 107.041 366.193
154.750 236.939 107.041 366.193
157.150 229.304 109.409 374.295
157.150 232.966 109.409 374.295
157.150 229.304 109.409 374.295
157.150 236.629 109.409 374.295
162.644 232.966 109.409 374.295
144.952 236.151 111.830 382.576
154.314 230.534 111.830 382.576
137.462 226.789 111.830 382.576
141.207 221.171 111.830 382.576
129.971 226.789 111.830 382.576
128.734 226.301 114.304 391.040
121.079 230.129 114.304 391.040
124.907 230.129 114.304 391.040
124.907 235.870 114.304 391.040
126.821 235.870 114.304 391.040
125.556 235.372 116.833 399.692
125.556 229.507 116.833 399.692
121.646 235.372 116.833 399.692
125.556 227.552 116.833 399.692
119.691 233.417 116.833 399.692
119.691 225.597 116.833 399.692
119.691 233.417 116.833 399.692
121.646 233.417 116.833 399.692
119.691 231.462 116.833 399.692
121.646 233.417 116.833 399.692
123.601 233.417 116.833 399.692
123.601 239.281 116.833 399.692
125.556 241.236 116.833 399.692
127.511 243.191 116.833 399.692
131.421 247.101 116.833 399.692
129.466 251.011 116.833 399.692
133.376 249.056 116.833 399.692
129.466 247.101 116.833 399.692
129.466 245.146 116.833 399.692
127.511 249.056 116.833 399.692
127.511 251.011 116.833 399.692
125.556 249.056 116.833 399.692
125.556 245.146 116.833 399.692
123.601 243.191 116.833 399.692
123.601 241.236 116.833 399.692
123.601 239.281 116.833 399.692
123.601 235.372 116.833 399.692
123.601 233.417 116.833 399.692
121.646 237.327 116.833 399.692
119.691 231.462 116.833 399.692
123.601 229.507 116.833 399.692
123.601 233.417 116.833 399.692
125.556 229.507 116.833 399.692
121.646 223.642 116.833 399.692
135.331 233.417 116.833 399.692
131.421 229.507 116.833 399.692
141.195 235.372 116.833 399.692
139.240 237.327 116.833 399.692
147.060 239.281 116.833 399.692
139.903 232.905 119.418 408.535
146.582 230.386 122.060 417.574
140.452 222.213 122.060 417.574
145.231 223.723 124.761 426.813
136.878 219.546 124.761 426.813
145.231 221.635 124.761 426.813
136.878 215.370 124.761 426.813
139.675 214.825 127.521 436.256
141.810 212.690 127.521 436.256
139.675 208.419 127.521 436.256
130.358 208.800 124.802 426.953
131.068 210.347 127.563 436.399
126.797 201.806 127.563 436.399
120.391 201.806 127.563 436.399
118.256 201.806 127.563 436.399
118.256 206.077 127.563 436.399
111.850 206.077 127.563 436.399
113.985 210.347 127.563 436.399
105.444 208.212 127.563 436.399
107.579 212.483 127.563 436.399
92.632 208.212 127.563 436.399
103.309 216.753 127.563 436.399
90.497 214.618 127.563 436.399
99.038 218.889 127.563 436.399
86.226 218.889 127.563 436.399
92.632 216.753 127.563 436.399
81.956 218.889 127.563 436.399
88.362 221.024 127.563 436.399
81.956 227.430 127.563 436.399
86.226 229.565 127.563 436.399
84.091 233.836 127.563 436.399
79.821 227.430 127.563 436.399
73.415 231.700 127.563 436.399
73.415 231.700 127.563 436.399
72.640 236.354 124.843 427.093
63.520 234.637 122.180 417.985
55.339 234.637 122.180 417.985
47.159 228.502 122.180 417.985
36.933 222.366 122.180 417.985
47.159 220.321 122.180 417.985
34.888 220.321 122.180 417.985
47.159 216.231 122.180 417.985
36.933 214.186 122.180 417.985
30.798 212.141 122.180 417.985
43.069 206.006 122.180 417.985
32.843 208.051 122.180 417.985
34.888 201.915 122.180 417.985
38.979 197.825 122.180 417.985
34.888 199.870 122.180 417.985
36.191 200.237 119.575 409.071
37.466 192.587 117.025 400.348
38.714 187.062 114.529 391.810
40.632 194.732 114.529 391.810
46.384 194.732 114.529 391.810
48.302 194.732 114.529 391.810
54.055 198.567 114.529 391.810
55.973 206.238 114.529 391.810
63.643 213.909 114.529 391.810
71.314 219.662 114.529 391.810
77.067 221.579 114.529 391.810
82.123 227.675 112.087 383.455
85.876 237.057 112.087 383.455
88.389 240.321 114.567 391.939
90.307 246.074 114.567 391.939
97.977 247.991 114.567 391.939
111.401 247.991 114.567 391.939
124.825 247.991 114.567 391.939
134.413 251.827 114.567 391.939
144.651 243.656 117.101 400.610
139.434 237.263 119.692 409.474
151.458 239.267 119.692 409.474
153.462 233.255 119.692 409.474
157.470 235.259 119.692 409.474
158.149 226.722 122.341 418.533
158.149 232.869 122.341 418.533
159.454 222.988 119.732 409.608
