93.000 113.000 34.000 109.000
95.716 107.025 34.000 109.000
96.078 106.015 33.275 106.676
101.923 104.952 33.275 106.676
102.455 104.421 33.275 106.676
102.455 102.827 33.275 106.676
105.112 100.701 33.275 106.676
105.643 104.421 33.275 106.676
101.923 108.141 33.275 106.676
103.517 112.392 33.275 106.676
107.237 112.392 33.275 106.676
114.676 116.643 33.275 106.676
120.153 113.337 34.011 109.036
123.412 95.957 34.011 109.036
128.843 89.982 34.011 109.036
131.016 87.266 34.011 109.036
126.128 85.637 34.011 109.036
115.265 78.033 34.011 109.036
114.722 81.292 34.011 109.036
111.087 86.603 34.764 111.448
105.538 99.366 34.764 111.448
99.434 104.360 34.764 111.448
87.781 103.805 34.764 111.448
92.775 111.019 34.764 111.448
89.061 103.127 35.533 113.914
86.393 91.632 36.319 116.434
85.411 87.442 37.123 119.010
87.788 85.065 37.123 119.010
86.189 78.996 37.944 121.644
91.036 79.602 37.944 121.644
91.828 86.738 38.783 124.335
95.546 94.793 38.783 124.335
100.502 102.229 38.783 124.335
106.699 102.229 38.783 124.335
105.459 101.609 38.783 124.335
103.171 91.559 39.641 127.086
106.338 84.592 39.641 127.086
100.638 74.459 39.641 127.086
96.627 72.647 38.796 124.376
93.529 70.789 38.796 124.376
91.051 68.930 38.796 124.376
89.812 75.746 38.796 124.376
85.045 89.860 39.654 127.127
78.079 105.693 39.654 127.127
72.379 112.660 39.654 127.127
68.140 113.787 40.532 129.940
73.749 107.408 39.667 127.169
68.876 93.967 40.545 129.983
72.112 87.497 40.545 129.983
79.015 83.706 39.680 127.211
75.409 78.499 40.558 130.025
78.654 75.254 40.558 130.025
83.846 73.307 40.558 130.025
81.451 79.008 41.456 132.902
87.415 92.925 41.456 132.902
92.717 100.878 41.456 132.902
90.270 98.083 42.373 135.843
93.860 95.227 43.310 138.848
100.090 93.150 43.310 138.848
94.766 79.156 44.269 141.920
89.103 76.324 44.269 141.920
85.564 72.077 44.269 141.920
78.703 65.552 45.248 145.060
72.192 63.382 45.248 145.060
65.179 67.565 46.249 148.270
58.754 73.317 47.272 151.550
49.927 79.190 48.318 154.903
48.382 87.688 48.318 154.903
44.757 82.111 49.387 158.330
45.545 78.958 49.387 158.330
42.393 77.382 49.387 158.330
45.545 75.017 49.387 158.330
48.940 70.113 50.480 161.833
50.552 66.083 50.480 161.833
51.358 62.860 50.480 161.833
53.776 58.830 50.480 161.833
56.193 54.801 50.480 161.833
59.417 47.548 50.480 161.833
69.893 58.024 50.480 161.833
80.102 62.974 49.404 158.382
88.794 85.099 49.404 158.382
97.486 81.938 49.404 158.382
104.598 79.568 49.404 158.382
105.125 78.886 48.350 155.005
92.764 76.568 48.350 155.005
85.039 74.251 48.350 155.005
79.096 67.128 49.420 158.434
74.355 63.967 49.420 158.434
64.872 72.659 49.420 158.434
57.761 90.834 49.420 158.434
53.810 75.030 49.420 158.434
55.390 76.610 49.420 158.434
55.917 86.992 48.366 155.056
55.917 87.764 48.366 155.056
55.144 78.494 48.366 155.056
54.372 73.859 48.366 155.056
53.837 66.735 49.436 158.486
53.047 65.155 49.436 158.486
53.290 55.500 50.530 161.993
55.444 59.651 49.452 158.538
55.688 57.107 50.546 162.046
58.919 57.107 50.546 162.046
67.536 67.721 49.468 158.590
70.150 69.127 50.563 162.099
71.766 72.358 50.563 162.099
74.438 61.679 51.682 165.685
79.391 72.410 51.682 165.685
80.216 69.108 51.682 165.685
79.644 63.973 52.825 169.351
74.585 59.758 52.825 169.351
72.315 53.669 53.994 173.098
68.864 51.080 53.994 173.098
63.953 33.636 55.188 176.928
50.718 31.871 55.188 176.928
41.894 30.107 55.188 176.928
35.424 42.581 54.012 173.155
22.482 39.130 54.012 173.155
12.395 28.587 55.207 176.986
13.277 26.823 55.207 176.986
22.101 17.117 55.207 176.986
25.336 17.239 54.029 173.212
36.552 19.828 54.029 173.212
40.579 32.890 52.877 169.518
45.368 50.755 51.749 165.903
48.678 66.476 51.749 165.903
48.933 69.605 52.894 169.573
50.038 66.039 54.065 173.325
57.821 89.386 54.065 173.325
56.956 86.792 54.065 173.325
53.209 85.182 52.912 169.629
46.448 81.801 52.912 169.629
36.026 61.637 51.783 166.012
27.751 62.465 51.783 166.012
10.375 56.673 51.783 166.012
3.182 57.319 52.929 169.685
7.408 41.262 52.929 169.685
8.253 30.275 52.929 169.685
4.873 26.895 52.929 169.685
0.647 46.332 52.929 169.685
5.718 42.107 52.929 169.685
17.549 48.022 52.929 169.685
25.155 53.938 52.929 169.685
27.690 68.305 52.929 169.685
38.091 71.498 54.100 173.439
49.598 91.197 55.297 177.276
46.061 84.123 55.297 177.276
47.535 94.856 54.118 173.496
52.125 88.613 55.315 177.334
49.472 84.192 55.315 177.334
45.050 79.770 55.315 177.334
42.987 56.016 54.136 173.553
35.205 55.151 54.136 173.553
25.693 65.528 54.136 173.553
16.181 73.310 54.136 173.553
14.718 70.525 55.333 177.392
15.308 75.070 54.153 173.609
16.750 77.786 52.999 169.907
18.444 73.550 52.999 169.907
30.021 77.056 51.868 166.284
34.423 63.605 53.016 169.963
37.812 61.064 53.016 169.963
37.812 62.758 53.016 169.963
36.118 70.381 53.016 169.963
36.118 73.770 53.016 169.963
38.072 81.207 54.189 173.723
39.517 79.593 53.033 170.019
38.670 75.357 53.033 170.019
40.364 76.204 53.033 170.019
40.929 75.476 51.902 166.393
35.123 82.111 51.902 166.393
33.720 75.294 53.051 170.074
22.968 54.777 54.224 173.837
23.835 56.511 54.224 173.837
14.301 66.911 54.224 173.837
4.168 70.188 55.424 177.683
-1.149 80.823 55.424 177.683
4.759 67.651 54.242 173.894
-1.307 64.184 54.242 173.894
4.759 63.318 54.242 173.894
-3.907 65.051 54.242 173.894
0.426 63.318 54.242 173.894
-8.241 67.651 54.242 173.894
-3.907 69.384 54.242 173.894
-0.441 72.851 54.242 173.894
1.293 71.118 54.242 173.894
3.026 71.118 54.242 173.894
5.626 68.518 54.242 173.894
9.671 69.505 53.086 170.186
3.445 75.565 51.953 166.557
0.382 72.063 53.103 170.242
1.231 71.214 53.103 170.242
-6.693 75.577 51.970 166.611
4.946 57.287 51.970 166.611
-5.308 31.628 50.862 163.058
-13.988 33.883 51.988 166.666
-22.045 24.557 53.138 170.353
-24.592 20.312 53.138 170.353
-21.784 13.333 54.313 174.122
-5.570 18.664 53.155 170.409
-1.607 11.142 52.022 166.775
0.887 12.805 52.022 166.775
7.262 17.077 50.912 163.219
12.144 26.842 50.912 163.219
17.569 30.209 49.827 159.738
27.122 29.413 49.827 159.738
32.939 16.501 50.929 163.272
48.130 9.291 49.843 159.790
46.537 16.456 49.843 159.790
52.641 25.324 48.780 156.383
13.622 79.171 48.780 156.383
8.939 82.293 48.780 156.383
3.477 88.536 48.780 156.383
1.916 97.120 48.780 156.383
-4.086 87.586 49.859 159.843
-1.698 85.198 49.859 159.843
4.119 72.285 50.962 163.379
-4.018 72.285 50.962 163.379
-2.391 82.863 50.962 163.379
-0.764 90.187 50.962 163.379
-3.475 90.301 49.876 159.895
-0.842 93.309 50.979 163.433
1.329 101.562 49.892 159.948
1.575 97.398 50.996 163.486
5.653 87.610 50.996 163.486
5.905 88.248 52.124 167.104
13.661 94.733 53.277 170.801
16.214 87.925 53.277 170.801
18.767 80.266 53.277 170.801
15.080 77.833 52.141 167.158
12.004 74.317 53.295 170.857
9.451 81.976 53.295 170.857
2.053 87.744 54.474 174.637
13.371 68.591 54.474 174.637
18.305 58.265 53.312 170.913
12.348 44.650 53.312 170.913
7.242 38.693 53.312 170.913
7.810 37.962 52.175 167.268
14.200 34.746 51.063 163.701
17.463 31.483 51.063 163.701
14.200 29.851 51.063 163.701
19.345 32.935 52.192 167.323
24.345 42.101 52.192 167.323
39.068 50.552 51.079 163.755
44.778 66.866 51.079 163.755
51.554 55.266 52.210 167.378
50.143 40.914 53.365 171.081
46.731 24.709 53.365 171.081
41.614 18.738 53.365 171.081
36.496 24.709 53.365 171.081
38.465 31.345 54.545 174.866
18.105 33.210 53.382 171.137
16.662 56.052 54.563 174.923
13.171 58.670 54.563 174.923
7.332 50.627 55.770 178.794
3.772 38.164 55.770 178.794
5.552 33.713 55.770 178.794
3.155 23.723 57.004 182.749
6.802 21.900 57.004 182.749
3.762 13.819 55.789 178.852
6.714 18.086 57.023 182.809
15.832 44.527 57.023 182.809
19.760 47.063 58.285 186.854
22.840 40.339 59.574 190.988
26.936 26.815 60.892 195.214
26.936 16.117 60.892 195.214
24.991 16.117 60.892 195.214
22.372 14.930 62.240 199.533
18.396 17.912 62.240 199.533
11.437 22.883 62.240 199.533
7.461 31.830 62.240 199.533
-0.187 28.628 63.617 203.948
1.845 26.597 63.617 203.948
-4.250 24.565 63.617 203.948
-13.079 20.278 65.024 208.460
-5.111 25.618 63.638 204.014
-11.217 19.512 63.638 204.014
-5.111 19.512 63.638 204.014
-2.058 19.512 63.638 204.014
0.291 26.414 65.045 208.528
1.650 26.186 66.485 213.142
8.026 25.123 66.485 213.142
4.484 23.145 65.067 208.597
12.078 19.798 66.506 213.212
18.455 13.422 66.506 213.212
11.725 1.879 65.088 208.665
13.083 6.845 66.528 213.282
10.957 10.034 66.528 213.282
7.769 14.285 66.528 213.282
5.644 17.473 66.528 213.282
0.330 29.163 66.528 213.282
-8.525 15.496 65.109 208.733
-13.037 11.475 63.721 204.282
-21.516 14.670 62.362 199.926
-31.808 11.822 61.032 195.662
-26.285 12.934 59.731 191.490
-18.009 6.381 58.457 187.406
-9.919 12.113 57.210 183.410
-5.654 14.982 55.990 179.498
-1.803 15.679 57.229 183.470
0.025 19.334 57.229 183.470
3.680 13.851 57.229 183.470
4.593 19.334 57.229 183.470
9.772 9.412 56.009 179.557
12.454 5.835 56.009 179.557
9.475 -2.086 54.814 175.728
