99.000 237.000 27.000 82.000
102.325 236.169 27.000 82.000
104.820 238.247 27.000 82.000
107.729 239.494 27.000 82.000
109.808 240.325 27.000 82.000
112.590 242.031 26.424 80.251
112.298 242.361 27.009 82.027
114.792 242.361 27.009 82.027
115.623 241.945 27.009 82.027
117.701 239.867 27.009 82.027
118.533 238.620 27.009 82.027
118.949 237.373 27.009 82.027
121.027 235.710 27.009 82.027
121.858 232.800 27.009 82.027
122.274 230.306 27.009 82.027
123.521 227.396 27.009 82.027
123.521 226.149 27.009 82.027
124.768 224.902 27.009 82.027
126.431 225.318 27.009 82.027
129.341 224.487 27.009 82.027
129.756 223.655 27.009 82.027
130.588 223.239 27.009 82.027
132.250 221.992 27.009 82.027
134.201 222.036 26.433 80.278
135.013 224.065 26.433 80.278
135.825 224.065 26.433 80.278
136.344 224.395 27.018 82.054
138.423 223.563 27.018 82.054
139.254 223.148 27.018 82.054
140.085 222.732 27.018 82.054
142.995 222.732 27.018 82.054
146.321 221.069 27.018 82.054
148.815 219.822 27.018 82.054
149.518 221.944 26.442 80.304
151.830 222.394 25.878 78.591
150.238 221.598 25.878 78.591
146.655 222.394 25.878 78.591
142.675 223.589 25.878 78.591
141.083 224.385 25.878 78.591
139.491 224.385 25.878 78.591
137.898 224.783 25.878 78.591
135.112 225.579 25.878 78.591
133.122 225.977 25.878 78.591
132.326 225.977 25.878 78.591
131.132 224.783 25.878 78.591
129.417 225.621 25.326 76.915
129.918 225.160 25.886 78.617
130.029 225.484 26.459 80.357
132.069 225.892 26.459 80.357
130.029 226.300 26.459 80.357
128.398 227.116 26.459 80.357
128.398 227.931 26.459 80.357
130.845 228.339 26.459 80.357
131.253 228.339 26.459 80.357
130.437 229.155 26.459 80.357
129.622 230.379 26.459 80.357
133.166 228.788 25.895 78.643
132.248 230.423 25.342 76.966
133.689 232.414 24.802 75.325
134.180 231.199 25.351 76.991
137.801 228.396 25.912 78.695
137.281 228.041 25.359 77.016
140.903 227.189 25.920 78.720
143.291 225.199 25.920 78.720
143.004 224.726 26.494 80.462
145.043 225.134 26.494 80.462
145.859 225.134 26.494 80.462
147.773 226.807 25.929 78.746
152.030 226.851 25.376 77.067
152.529 226.779 25.937 78.772
153.602 229.211 25.384 77.092
153.711 227.968 25.946 78.798
152.911 230.768 25.946 78.798
157.711 229.968 25.946 78.798
160.511 229.968 25.946 78.798
162.911 228.368 25.946 78.798
162.111 226.768 25.946 78.798
162.911 225.168 25.946 78.798
162.111 224.368 25.946 78.798
162.511 223.168 25.946 78.798
162.511 224.368 25.946 78.798
162.911 225.168 25.946 78.798
165.311 225.168 25.946 78.798
166.511 227.168 25.946 78.798
168.911 227.168 25.946 78.798
168.111 228.768 25.946 78.798
170.511 228.368 25.946 78.798
170.511 227.168 25.946 78.798
169.311 225.568 25.946 78.798
168.911 226.768 25.946 78.798
171.711 226.368 25.946 78.798
174.511 223.968 25.946 78.798
177.311 225.968 25.946 78.798
178.511 227.568 25.946 78.798
181.711 228.368 25.946 78.798
185.311 227.568 25.946 78.798
186.911 227.168 25.946 78.798
189.311 226.368 25.946 78.798
192.911 227.568 25.946 78.798
194.111 227.168 25.946 78.798
196.511 226.368 25.946 78.798
198.111 224.368 25.946 78.798
198.111 223.968 25.946 78.798
197.711 225.568 25.946 78.798
198.511 226.768 25.946 78.798
199.311 227.568 25.946 78.798
197.588 228.408 25.392 77.117
197.079 228.840 24.851 75.473
196.421 228.005 25.401 77.143
196.140 226.371 25.963 78.850
195.217 228.412 25.409 77.168
194.046 229.973 25.409 77.168
194.708 231.576 24.867 75.522
194.433 231.888 25.417 77.193
193.761 232.985 25.980 78.901
192.961 234.185 25.980 78.901
191.361 234.585 25.980 78.901
191.361 235.785 25.980 78.901
192.561 236.185 25.980 78.901
191.361 236.985 25.980 78.901
192.961 238.585 25.980 78.901
194.561 239.785 25.980 78.901
195.874 239.712 26.554 80.647
196.804 238.820 27.142 82.431
200.562 239.237 27.142 82.431
201.815 240.073 27.142 82.431
203.486 238.402 27.142 82.431
205.156 235.896 27.142 82.431
205.574 233.390 27.142 82.431
203.358 231.763 26.563 80.673
204.581 231.763 26.563 80.673
208.127 230.176 25.997 78.953
209.727 230.576 25.997 78.953
212.004 229.018 25.442 77.269
211.220 230.195 25.442 77.269
212.004 230.587 25.442 77.269
213.573 230.979 25.442 77.269
215.142 230.979 25.442 77.269
214.749 230.979 25.442 77.269
216.710 230.195 25.442 77.269
217.887 230.195 25.442 77.269
219.847 229.803 25.442 77.269
223.377 229.018 25.442 77.269
223.769 228.626 25.442 77.269
224.161 229.410 25.442 77.269
229.651 229.803 25.442 77.269
233.060 231.019 24.900 75.621
233.825 231.401 24.900 75.621
238.296 232.972 24.369 74.009
237.922 234.470 24.369 74.009
241.292 232.598 24.369 74.009
244.548 232.638 23.849 72.431
246.015 232.638 23.849 72.431
250.781 232.638 23.849 72.431
253.715 233.004 23.849 72.431
253.348 233.371 23.849 72.431
255.548 234.104 23.849 72.431
257.381 234.838 23.849 72.431
259.836 236.343 23.341 70.886
263.314 237.458 22.843 69.374
266.365 237.496 22.356 67.895
268.319 237.190 21.879 66.447
269.227 237.561 21.412 65.030
269.227 236.244 21.412 65.030
268.568 236.244 21.412 65.030
271.862 234.926 21.412 65.030
271.296 234.207 21.886 66.469
273.994 234.207 21.886 66.469
272.541 235.927 21.419 65.051
271.553 236.586 21.419 65.051
271.882 236.586 21.419 65.051
274.940 234.219 21.893 66.491
276.963 233.545 21.893 66.491
278.649 233.882 21.893 66.491
281.010 233.208 21.893 66.491
283.371 233.545 21.893 66.491
284.383 233.882 21.893 66.491
286.069 233.882 21.893 66.491
287.755 235.231 21.893 66.491
289.104 236.243 21.893 66.491
288.430 235.568 21.893 66.491
290.453 236.243 21.893 66.491
289.779 239.615 21.893 66.491
290.791 240.290 21.893 66.491
290.453 240.627 21.893 66.491
289.779 241.639 21.893 66.491
293.826 241.976 21.893 66.491
294.838 241.976 21.893 66.491
295.175 241.302 21.893 66.491
294.838 241.302 21.893 66.491
294.500 241.302 21.893 66.491
292.477 239.615 21.893 66.491
291.802 238.604 21.893 66.491
292.814 236.917 21.893 66.491
292.140 235.568 21.893 66.491
290.350 235.603 21.426 65.073
289.361 235.273 21.426 65.073
289.361 237.579 21.426 65.073
290.350 238.238 21.426 65.073
290.020 240.215 21.426 65.073
291.008 239.885 21.426 65.073
291.667 238.897 21.426 65.073
291.008 240.215 21.426 65.073
292.985 240.215 21.426 65.073
294.303 239.885 21.426 65.073
292.985 238.238 21.426 65.073
295.950 239.226 21.426 65.073
296.279 239.556 21.426 65.073
298.255 238.238 21.426 65.073
299.903 237.579 21.426 65.073
300.891 236.262 21.426 65.073
300.891 235.603 21.426 65.073
301.220 234.285 21.426 65.073
302.208 234.944 21.426 65.073
301.550 233.956 21.426 65.073
302.630 232.248 21.900 66.512
304.316 231.236 21.900 66.512
303.305 231.573 21.900 66.512
304.316 231.910 21.900 66.512
305.328 232.248 21.900 66.512
307.014 233.259 21.900 66.512
307.689 233.934 21.900 66.512
307.352 231.910 21.900 66.512
307.352 231.910 21.900 66.512
307.352 231.910 21.900 66.512
307.014 231.910 21.900 66.512
308.364 230.224 21.900 66.512
309.038 230.899 21.900 66.512
311.062 229.887 21.900 66.512
310.724 231.573 21.900 66.512
310.387 234.271 21.900 66.512
308.701 236.969 21.900 66.512
306.003 237.981 21.900 66.512
306.340 236.969 21.900 66.512
304.654 235.283 21.900 66.512
304.316 233.259 21.900 66.512
303.305 231.236 21.900 66.512
302.630 229.550 21.900 66.512
302.293 229.212 21.900 66.512
301.618 229.887 21.900 66.512
302.630 231.236 21.900 66.512
303.979 232.248 21.900 66.512
305.224 232.957 21.433 65.094
305.554 231.639 21.433 65.094
304.895 231.310 21.433 65.094
308.088 233.980 20.976 63.706
311.324 231.069 20.976 63.706
312.618 230.745 20.976 63.706
313.265 228.804 20.976 63.706
311.971 229.775 20.976 63.706
313.588 230.098 20.976 63.706
314.559 231.392 20.976 63.706
315.529 231.716 20.976 63.706
317.147 232.686 20.976 63.706
317.471 232.363 20.976 63.706
317.471 232.686 20.976 63.706
317.471 231.716 20.976 63.706
317.147 230.098 20.976 63.706
317.471 229.775 20.976 63.706
318.441 229.775 20.976 63.706
321.677 226.216 20.976 63.706
323.294 224.598 20.976 63.706
321.677 226.216 20.976 63.706
323.618 226.539 20.976 63.706
325.235 227.833 20.976 63.706
325.559 228.157 20.976 63.706
327.824 227.510 20.976 63.706
329.118 228.157 20.976 63.706
329.765 230.098 20.976 63.706
331.059 232.039 20.976 63.706
333.647 228.480 20.976 63.706
334.618 228.480 20.976 63.706
335.588 226.863 20.976 63.706
335.265 226.863 20.976 63.706
336.882 227.510 20.976 63.706
334.941 228.480 20.976 63.706
333.000 228.804 20.976 63.706
330.088 226.863 20.976 63.706
327.500 227.833 20.976 63.706
327.177 229.451 20.976 63.706
328.371 233.689 20.529 62.347
336.798 232.775 20.091 61.018
339.800 232.806 19.663 59.716
337.896 234.047 19.243 58.443
335.140 235.262 18.833 57.197
333.399 233.811 18.833 57.197
330.787 233.231 18.833 57.197
330.207 230.619 18.833 57.197
328.756 230.619 18.833 57.197
328.756 231.200 18.833 57.197
326.516 229.696 19.250 58.462
324.148 230.289 19.250 58.462
323.852 230.881 19.250 58.462
330.069 231.769 19.250 58.462
331.846 232.657 19.250 58.462
333.622 232.657 19.250 58.462
335.103 232.657 19.250 58.462
336.287 231.769 19.250 58.462
338.656 229.992 19.250 58.462
335.399 229.400 19.250 58.462
336.492 230.024 18.839 57.215
338.233 227.122 18.839 57.215
336.284 227.069 19.256 58.481
336.876 227.957 19.256 58.481
338.060 228.253 19.256 58.481
339.541 228.253 19.256 58.481
342.205 226.773 19.256 58.481
342.501 225.589 19.256 58.481
343.094 223.812 19.256 58.481
346.137 220.797 19.682 59.775
348.553 219.891 19.682 59.775
348.033 219.532 20.118 61.098
345.865 218.912 20.118 61.098
347.414 219.841 20.118 61.098
349.892 220.151 20.118 61.098
351.751 219.841 20.118 61.098
350.512 217.982 20.118 61.098
349.273 217.363 20.118 61.098
349.892 216.743 20.118 61.098
348.963 216.124 20.118 61.098
347.104 216.433 20.118 61.098
345.865 217.363 20.118 61.098
344.530 218.944 19.689 59.795
343.230 220.789 19.269 58.520
341.750 221.381 19.269 58.520
342.844 223.782 18.858 57.272
345.165 224.362 18.858 57.272
344.004 222.621 18.858 57.272
346.036 223.201 18.858 57.272
345.455 223.492 18.858 57.272
344.875 224.652 18.858 57.272
346.326 224.943 18.858 57.272
343.714 224.072 18.858 57.272
341.393 225.233 18.858 57.272
343.134 225.523 18.858 57.272
341.683 224.943 18.858 57.272
340.522 223.782 18.858 57.272
340.143 224.392 18.456 56.050
339.290 224.392 18.456 56.050
332.466 201.363 18.456 56.050
331.045 200.510 18.456 56.050
329.623 199.089 18.456 56.050
328.770 201.932 18.456 56.050
327.633 204.775 18.456 56.050
328.202 204.490 18.456 56.050
327.064 204.490 18.456 56.050
326.408 206.510 18.062 54.855
325.851 206.788 18.062 54.855
327.522 208.180 18.062 54.855
328.636 207.902 18.062 54.855
327.800 210.686 18.062 54.855
326.487 209.522 18.462 56.069
327.055 208.954 18.462 56.069
325.918 211.228 18.462 56.069
324.497 210.375 18.462 56.069
325.065 209.807 18.462 56.069
323.644 209.238 18.462 56.069
322.506 209.522 18.462 56.069
322.222 209.238 18.462 56.069
321.085 208.670 18.462 56.069
319.292 208.699 18.068 54.873
321.241 208.142 18.068 54.873
320.405 207.863 18.068 54.873
318.456 209.534 18.068 54.873
317.621 208.977 18.068 54.873
317.342 208.420 18.068 54.873
317.342 208.142 18.068 54.873
315.308 208.449 17.683 53.703
313.127 209.539 17.683 53.703
311.492 210.084 17.683 53.703
309.584 211.992 17.683 53.703
308.221 213.354 17.683 53.703
307.131 214.445 17.683 53.703
306.314 214.172 17.683 53.703
303.588 213.627 17.683 53.703
303.316 213.082 17.683 53.703
302.770 214.445 17.683 53.703
301.953 213.627 17.683 53.703
299.849 212.215 18.074 54.891
296.230 211.658 18.074 54.891
294.838 211.937 18.074 54.891
293.167 211.658 18.074 54.891
292.053 211.380 18.074 54.891
290.104 211.102 18.074 54.891
288.991 210.823 18.074 54.891
287.041 212.215 18.074 54.891
285.649 211.937 18.074 54.891
284.893 209.937 18.474 56.106
284.608 212.496 18.474 56.106
284.893 211.075 18.474 56.106
284.120 207.611 18.883 57.347
283.740 205.611 18.480 56.124
283.172 208.169 18.480 56.124
282.035 206.748 18.480 56.124
281.466 209.591 18.480 56.124
280.329 212.150 18.480 56.124
281.262 210.392 18.889 57.366
282.132 209.231 18.889 57.366
282.043 213.035 18.486 56.142
283.181 212.466 18.486 56.142
282.328 212.182 18.486 56.142
281.475 212.466 18.486 56.142
280.337 213.319 18.486 56.142
278.632 214.456 18.486 56.142
278.063 215.025 18.486 56.142
277.123 213.918 18.092 54.945
276.009 214.753 18.092 54.945
274.617 215.031 18.092 54.945
275.367 215.617 17.706 53.773
274.549 216.435 17.706 53.773
272.641 217.525 17.706 53.773
271.551 218.888 17.706 53.773
270.461 219.978 17.706 53.773
269.371 220.523 17.706 53.773
267.735 219.705 17.706 53.773
266.373 219.978 17.706 53.773
265.827 219.978 17.706 53.773
264.737 219.160 17.706 53.773
263.375 218.343 17.706 53.773
260.649 215.617 17.706 53.773
257.840 216.736 17.328 52.627
253.040 215.669 17.328 52.627
247.706 213.002 17.328 52.627
244.240 211.136 17.328 52.627
241.306 209.536 17.328 52.627
238.640 208.469 17.328 52.627
236.240 207.669 17.328 52.627
234.981 208.420 17.712 53.791
235.799 210.328 17.712 53.791
234.353 210.356 17.334 52.644
232.753 209.556 17.334 52.644
231.686 203.956 17.334 52.644
230.353 204.223 17.334 52.644
229.094 202.574 17.717 53.809
228.353 203.614 18.109 54.999
227.596 204.398 18.510 56.216
225.890 212.074 18.510 56.216
223.529 215.517 18.115 55.017
222.136 216.631 18.115 55.017
223.529 216.074 18.115 55.017
221.301 213.846 18.115 55.017
218.795 217.466 18.115 55.017
217.125 220.250 18.115 55.017
216.289 219.972 18.115 55.017
217.403 219.693 18.115 55.017
216.289 219.415 18.115 55.017
214.340 218.858 18.115 55.017
213.227 221.364 18.115 55.017
212.113 220.807 18.115 55.017
210.999 222.478 18.115 55.017
209.885 222.478 18.115 55.017
210.442 222.199 18.115 55.017
209.607 224.984 18.115 55.017
208.215 227.768 18.115 55.017
207.101 228.325 18.115 55.017
204.874 228.046 18.115 55.017
204.038 229.717 18.115 55.017
203.203 231.387 18.115 55.017
200.697 231.109 18.115 55.017
197.913 230.831 18.115 55.017
195.964 230.552 18.115 55.017
194.293 230.274 18.115 55.017
190.952 229.995 18.115 55.017
186.219 229.438 18.115 55.017
185.105 229.995 18.115 55.017
182.956 228.830 18.516 56.234
178.975 231.673 18.516 56.234
175.279 231.104 18.516 56.234
171.014 230.536 18.516 56.234
169.877 229.683 18.516 56.234
167.034 228.546 18.516 56.234
165.044 227.408 18.516 56.234
162.201 227.124 18.516 56.234
160.408 229.429 18.121 55.035
159.294 229.429 18.121 55.035
158.180 229.151 18.121 55.035
157.624 231.935 18.121 55.035
158.737 234.720 18.121 55.035
157.902 234.441 18.121 55.035
159.573 234.998 18.121 55.035
157.902 234.998 18.121 55.035
157.345 235.555 18.121 55.035
159.851 236.112 18.121 55.035
159.016 235.833 18.121 55.035
160.686 237.226 18.121 55.035
161.800 236.669 18.121 55.035
161.243 236.390 18.121 55.035
159.294 236.390 18.121 55.035
157.067 236.669 18.121 55.035
154.839 236.669 18.121 55.035
150.106 234.998 18.121 55.035
145.094 233.327 18.121 55.035
139.804 231.657 18.121 55.035
133.122 230.543 18.121 55.035
130.894 229.986 18.121 55.035
128.110 229.151 18.121 55.035
123.377 232.771 18.121 55.035
118.365 234.998 18.121 55.035
115.302 234.720 18.121 55.035
111.682 237.504 18.121 55.035
106.949 238.618 18.121 55.035
103.886 240.567 18.121 55.035
99.710 240.010 18.121 55.035
96.090 241.124 18.121 55.035
93.584 243.073 18.121 55.035
91.357 242.794 18.121 55.035
90.522 245.857 18.121 55.035
88.573 245.300 18.121 55.035
87.180 245.022 18.121 55.035
85.788 246.135 18.121 55.035
83.839 245.578 18.121 55.035
81.612 246.414 18.121 55.035
79.941 246.135 18.121 55.035
78.549 247.806 18.121 55.035
75.765 248.920 18.121 55.035
74.651 249.755 18.121 55.035
73.537 251.147 18.121 55.035
73.259 251.982 18.121 55.035
75.208 251.704 18.121 55.035
74.651 254.210 18.121 55.035
73.816 253.931 18.121 55.035
73.259 254.210 18.121 55.035
72.424 253.931 18.121 55.035
71.310 253.653 18.121 55.035
70.475 253.375 18.121 55.035
68.526 252.261 18.121 55.035
66.577 251.426 18.121 55.035
64.628 250.312 18.121 55.035
63.792 248.363 18.121 55.035
61.843 246.692 18.121 55.035
59.894 245.022 18.121 55.035
56.275 242.516 18.121 55.035
53.769 241.959 18.121 55.035
52.655 241.680 18.121 55.035
51.541 242.516 18.121 55.035
47.643 241.680 18.121 55.035
42.910 240.845 18.121 55.035
40.126 243.908 18.121 55.035
33.722 250.312 18.121 55.035
29.267 250.033 18.121 55.035
25.090 250.033 18.121 55.035
20.357 250.033 18.121 55.035
15.624 249.198 18.121 55.035
12.004 248.641 18.121 55.035
10.890 248.641 18.121 55.035
10.333 249.198 18.121 55.035
10.333 248.641 18.121 55.035
8.856 250.620 17.735 53.862
9.590 250.104 17.357 52.713
9.057 251.971 17.357 52.713
7.990 251.438 17.357 52.713
7.190 251.171 17.357 52.713
6.842 252.800 16.987 51.589
9.109 253.089 16.624 50.489
11.149 252.324 16.624 50.489
11.658 251.305 16.624 50.489
12.933 251.305 16.624 50.489
15.482 250.540 16.624 50.489
14.462 251.305 16.624 50.489
16.502 251.050 16.624 50.489
19.051 252.069 16.624 50.489
20.325 251.814 16.624 50.489
18.796 253.599 16.624 50.489
21.600 253.089 16.624 50.489
23.129 253.854 16.624 50.489
22.364 253.344 16.624 50.489
22.874 253.599 16.624 50.489
25.168 253.344 16.624 50.489
26.443 254.618 16.624 50.489
25.678 254.109 16.624 50.489
26.698 255.893 16.624 50.489
28.737 255.638 16.624 50.489
29.756 255.383 16.624 50.489
29.502 255.128 16.624 50.489
28.482 254.363 16.624 50.489
30.266 252.834 16.624 50.489
31.796 251.814 16.624 50.489
32.560 252.324 16.624 50.489
32.560 252.069 16.624 50.489
34.600 253.599 16.624 50.489
36.639 253.344 16.624 50.489
38.678 252.579 16.624 50.489
40.717 253.344 16.624 50.489
43.011 252.579 16.624 50.489
45.815 252.324 16.624 50.489
47.854 251.814 16.624 50.489
49.384 253.089 16.624 50.489
50.913 253.854 16.624 50.489
52.188 253.344 16.624 50.489
51.423 253.854 16.624 50.489
53.207 255.128 16.624 50.489
52.698 254.618 16.624 50.489
52.953 253.599 16.624 50.489
52.698 253.089 16.624 50.489
54.482 254.363 16.624 50.489
55.247 252.834 16.624 50.489
53.462 252.324 16.624 50.489
52.443 251.305 16.624 50.489
54.737 250.540 16.624 50.489
56.266 250.285 16.624 50.489
55.247 249.520 16.624 50.489
54.737 250.285 16.624 50.489
56.266 249.520 16.624 50.489
55.502 250.030 16.624 50.489
57.286 249.265 16.624 50.489
57.541 248.501 16.624 50.489
59.070 249.265 16.624 50.489
60.854 248.756 16.624 50.489
61.619 249.520 16.624 50.489
60.600 249.011 16.624 50.489
60.345 248.756 16.624 50.489
59.835 248.501 16.624 50.489
59.070 250.030 16.624 50.489
59.070 251.305 16.624 50.489
58.815 250.540 16.624 50.489
57.286 251.305 16.624 50.489
56.776 250.540 16.624 50.489
56.521 253.089 16.624 50.489
55.502 254.618 16.624 50.489
54.482 255.383 16.624 50.489
55.502 254.873 16.624 50.489
54.482 256.658 16.624 50.489
53.717 256.148 16.624 50.489
53.972 258.187 16.624 50.489
54.737 257.167 16.624 50.489
53.972 256.912 16.624 50.489
56.011 256.148 16.624 50.489
56.776 255.638 16.624 50.489
56.521 255.383 16.624 50.489
58.051 255.383 16.624 50.489
59.580 255.383 16.624 50.489
59.835 255.638 16.624 50.489
61.109 256.658 16.624 50.489
62.639 257.422 16.624 50.489
61.874 256.658 16.624 50.489
61.109 258.187 16.624 50.489
60.854 258.697 16.624 50.489
59.835 257.932 16.624 50.489
59.325 258.952 16.624 50.489
58.560 258.697 16.624 50.489
58.305 258.187 16.624 50.489
57.541 259.716 16.624 50.489
57.796 260.991 16.624 50.489
59.325 261.501 16.624 50.489
57.796 261.756 16.624 50.489
58.305 263.795 16.624 50.489
57.796 264.050 16.624 50.489
59.070 265.069 16.624 50.489
60.345 264.814 16.624 50.489
59.325 265.324 16.624 50.489
61.109 264.560 16.624 50.489
62.384 264.305 16.624 50.489
62.894 263.795 16.624 50.489
63.404 263.795 16.624 50.489
61.619 264.050 16.624 50.489
63.149 263.795 16.624 50.489
62.639 263.540 16.624 50.489
63.404 263.285 16.624 50.489
62.129 262.520 16.624 50.489
61.874 262.011 16.624 50.489
63.658 261.756 16.624 50.489
62.384 260.481 16.624 50.489
61.874 259.716 16.624 50.489
62.639 259.207 16.624 50.489
62.129 258.952 16.624 50.489
61.874 258.187 16.624 50.489
61.619 257.422 16.624 50.489
