206.000 85.000 49.000 57.000
200.571 86.671 49.000 57.000
200.153 89.594 49.000 57.000
203.076 88.341 49.000 57.000
206.835 83.747 49.000 57.000
211.534 78.508 47.955 55.784
211.942 72.798 47.955 55.784
206.232 68.720 47.955 55.784
201.338 66.680 47.955 55.784
202.154 68.312 47.955 55.784
205.009 69.943 47.955 55.784
210.414 76.248 46.932 54.595
212.515 81.230 45.932 53.431
215.346 86.092 44.952 52.291
217.640 89.150 44.952 52.291
215.728 86.474 44.952 52.291
212.669 83.798 44.952 52.291
211.522 78.827 44.952 52.291
215.346 69.650 44.952 52.291
215.728 64.298 44.952 52.291
213.148 61.796 43.993 51.176
204.629 60.469 43.055 50.085
204.996 57.169 43.055 50.085
202.063 51.669 43.055 50.085
210.129 12.803 43.055 50.085
202.063 9.503 43.055 50.085
187.763 8.403 43.055 50.085
168.788 9.303 42.137 49.017
143.312 6.074 42.137 49.017
130.394 -0.385 42.137 49.017
124.385 -3.092 41.239 47.971
116.909 -1.165 42.151 49.033
109.732 -0.448 42.151 49.033
107.221 1.346 42.151 49.033
99.685 -3.318 42.151 49.033
86.768 -5.471 42.151 49.033
81.476 -3.154 41.252 47.987
68.490 -4.558 41.252 47.987
59.715 -4.909 41.252 47.987
47.080 -5.260 41.252 47.987
31.637 -4.558 41.252 47.987
19.352 -4.558 41.252 47.987
14.790 -3.154 41.252 47.987
12.333 -1.750 41.252 47.987
13.737 -1.750 41.252 47.987
-1.706 9.481 41.252 47.987
-2.514 16.672 42.165 49.049
-3.231 12.725 42.165 49.049
-4.308 15.236 42.165 49.049
28.237 62.417 43.098 50.134
16.504 74.151 43.098 50.134
31.171 70.851 43.098 50.134
29.430 79.452 42.179 49.065
47.013 80.528 42.179 49.065
36.858 83.215 43.112 50.150
51.158 74.415 43.112 50.150
36.125 76.615 43.112 50.150
26.225 74.415 43.112 50.150
6.058 82.115 43.112 50.150
1.291 86.515 43.112 50.150
-0.816 89.250 42.192 49.081
-1.533 75.614 42.192 49.081
-0.924 93.730 43.126 50.167
15.576 99.964 43.126 50.167
7.969 105.632 42.206 49.097
43.852 91.638 42.206 49.097
53.540 97.738 42.206 49.097
59.999 99.173 42.206 49.097
62.869 101.685 42.206 49.097
56.052 87.691 42.206 49.097
50.043 91.085 41.306 48.050
37.848 110.901 40.425 47.025
83.573 98.363 39.563 46.023
76.154 105.108 39.563 46.023
78.077 101.901 40.439 47.041
76.351 89.133 40.439 47.041
69.794 87.407 40.439 47.041
61.857 80.160 40.439 47.041
49.331 77.224 41.333 48.082
40.908 78.979 41.333 48.082
32.133 81.085 41.333 48.082
25.204 85.809 40.452 47.056
15.541 73.731 40.452 47.056
8.984 83.393 40.452 47.056
0.356 95.127 40.452 47.056
-2.507 96.677 41.347 48.097
11.532 123.000 41.347 48.097
5.917 124.404 41.347 48.097
41.807 143.870 40.465 47.072
40.858 145.407 39.602 46.068
37.822 143.721 39.602 46.068
26.356 145.407 39.602 46.068
-3.997 135.290 39.602 46.068
10.505 127.870 39.602 46.068
33.775 124.497 39.602 46.068
31.752 106.286 39.602 46.068
28.379 98.192 39.602 46.068
25.681 93.470 39.602 46.068
32.764 110.333 39.602 46.068
-3.660 122.474 39.602 46.068
7.807 132.929 39.602 46.068
31.752 130.231 39.602 46.068
44.129 122.639 40.478 47.087
58.176 116.596 41.374 48.129
42.999 84.479 41.374 48.129
56.058 87.302 41.374 48.129
70.176 94.361 41.374 48.129
74.411 82.361 41.374 48.129
77.588 47.067 41.374 48.129
86.411 47.773 41.374 48.129
86.058 46.714 41.374 48.129
71.940 49.185 41.374 48.129
68.659 45.829 42.289 49.194
64.691 47.993 42.289 49.194
80.204 10.833 42.289 49.194
76.957 9.389 42.289 49.194
82.008 -4.681 42.289 49.194
78.761 -6.485 42.289 49.194
70.102 -8.289 42.289 49.194
45.569 -6.124 42.289 49.194
25.726 -8.650 42.289 49.194
20.044 -7.404 41.387 48.145
22.602 -4.420 40.505 47.118
30.195 -6.835 40.505 47.118
25.105 -2.882 39.641 46.113
30.838 8.585 39.641 46.113
31.176 25.447 39.641 46.113
9.254 12.632 39.641 46.113
13.976 10.945 39.641 46.113
1.834 8.585 39.641 46.113
2.594 -5.426 38.796 45.130
-0.945 -4.615 37.968 44.167
1.643 -4.615 37.968 44.167
0.996 -5.586 37.968 44.167
14.908 11.885 37.968 44.167
48.636 41.797 37.159 43.225
34.746 44.007 37.159 43.225
19.593 47.795 37.159 43.225
30.327 54.109 37.159 43.225
-1.477 27.105 36.366 42.304
-1.260 27.257 37.171 43.240
-3.154 31.992 37.171 43.240
-4.968 29.296 36.378 42.318
-8.468 29.757 37.183 43.254
-9.731 35.440 37.183 43.254
11.420 46.489 37.183 43.254
4.791 43.648 37.183 43.254
2.265 37.018 37.183 43.254
3.844 37.334 37.183 43.254
26.573 69.218 37.183 43.254
28.152 66.693 37.183 43.254
34.150 68.587 37.183 43.254
39.201 66.377 37.183 43.254
39.516 73.322 37.183 43.254
41.095 75.848 37.183 43.254
35.317 75.369 38.006 44.211
31.014 72.615 38.847 45.189
23.724 69.633 38.847 45.189
20.741 72.284 38.847 45.189
22.067 75.266 38.847 45.189
12.788 66.651 38.847 45.189
22.631 73.110 39.706 46.189
2.733 112.906 39.706 46.189
-0.302 136.513 39.706 46.189
2.733 139.211 39.706 46.189
2.733 147.306 39.706 46.189
