111.000 98.000 25.000 101.000
111.000 101.308 25.000 101.000
111.000 105.561 25.000 101.000
111.000 106.978 25.000 101.000
109.582 106.978 25.000 101.000
108.637 106.978 25.000 101.000
107.692 108.869 25.000 101.000
106.747 111.704 25.000 101.000
104.857 113.594 25.000 101.000
102.494 116.429 25.000 101.000
99.186 119.737 25.000 101.000
94.933 119.737 25.000 101.000
92.571 116.429 25.000 101.000
88.790 113.594 25.000 101.000
87.373 111.704 25.000 101.000
87.845 110.286 25.000 101.000
87.373 111.704 25.000 101.000
88.790 110.286 25.000 101.000
90.208 111.704 25.000 101.000
93.516 113.122 25.000 101.000
93.988 114.539 25.000 101.000
96.351 109.814 25.000 101.000
100.131 109.341 25.000 101.000
99.659 107.924 25.000 101.000
100.131 108.396 25.000 101.000
102.494 110.286 25.000 101.000
104.384 112.649 25.000 101.000
105.329 113.594 25.000 101.000
106.747 109.341 25.000 101.000
106.275 106.978 25.000 101.000
105.802 102.253 25.000 101.000
104.384 102.253 25.000 101.000
103.912 101.308 25.000 101.000
103.439 101.780 25.000 101.000
104.857 103.198 25.000 101.000
105.329 103.198 25.000 101.000
105.329 104.616 25.000 101.000
106.275 103.671 25.000 101.000
104.580 103.971 25.553 103.235
104.580 99.612 25.553 103.235
103.612 97.191 25.553 103.235
102.159 97.191 25.553 103.235
101.190 98.643 25.553 103.235
101.190 100.096 25.553 103.235
99.737 100.581 25.553 103.235
96.347 101.065 25.553 103.235
91.020 102.518 25.553 103.235
88.598 98.159 25.553 103.235
83.755 94.285 25.553 103.235
82.302 94.769 25.553 103.235
80.849 96.222 25.553 103.235
80.365 100.096 25.553 103.235
80.849 102.518 25.553 103.235
82.786 104.940 25.553 103.235
82.786 105.908 25.553 103.235
86.176 106.392 25.553 103.235
87.347 106.703 26.118 105.519
93.770 101.268 26.118 105.519
94.758 96.327 26.118 105.519
99.700 93.856 26.118 105.519
101.676 94.845 26.118 105.519
102.664 96.821 26.118 105.519
102.664 98.798 26.118 105.519
103.653 98.798 26.118 105.519
106.822 96.642 26.696 107.853
112.092 90.390 27.287 110.240
111.790 86.076 27.891 112.679
111.481 89.577 28.508 115.172
110.942 94.430 28.508 115.172
108.785 93.891 28.508 115.172
107.168 92.273 28.508 115.172
103.393 91.195 28.508 115.172
98.001 79.871 28.508 115.172
95.305 77.714 28.508 115.172
92.070 77.714 28.508 115.172
90.991 76.636 28.508 115.172
85.284 77.519 29.139 117.720
78.672 76.968 29.139 117.720
106.221 95.701 29.139 117.720
105.430 99.711 28.517 115.209
105.430 101.868 28.517 115.209
103.273 100.250 28.517 115.209
101.655 98.093 28.517 115.209
100.577 92.162 28.517 115.209
101.655 88.387 28.517 115.209
104.351 87.848 28.517 115.209
106.508 90.005 28.517 115.209
108.665 86.231 28.517 115.209
114.057 88.387 28.517 115.209
114.057 90.544 28.517 115.209
119.988 92.701 28.517 115.209
125.381 95.936 28.517 115.209
124.526 93.584 29.148 117.758
125.628 88.625 29.148 117.758
126.730 89.176 29.148 117.758
128.934 90.829 29.148 117.758
128.383 93.033 29.148 117.758
127.832 95.787 29.148 117.758
126.730 98.542 29.148 117.758
125.077 100.195 29.148 117.758
124.526 95.787 29.148 117.758
122.873 90.829 29.148 117.758
121.771 86.421 29.148 117.758
120.669 85.319 29.148 117.758
120.118 86.421 29.148 117.758
120.118 86.972 29.148 117.758
121.220 87.523 29.148 117.758
120.118 84.217 29.148 117.758
118.465 81.462 29.148 117.758
117.363 84.217 29.148 117.758
115.710 77.605 29.148 117.758
111.853 70.442 29.148 117.758
108.548 66.035 29.148 117.758
105.242 67.136 29.148 117.758
101.936 70.993 29.148 117.758
100.283 80.360 29.148 117.758
98.630 84.768 29.148 117.758
96.426 87.523 29.148 117.758
94.222 90.278 29.148 117.758
92.569 89.727 29.148 117.758
92.018 89.176 29.148 117.758
99.181 89.727 29.148 117.758
99.181 91.931 29.148 117.758
104.691 91.931 29.148 117.758
106.344 94.135 29.148 117.758
111.853 94.686 29.148 117.758
114.057 97.991 29.148 117.758
114.286 100.546 29.793 120.364
115.974 93.230 29.793 120.364
119.351 88.728 29.793 120.364
119.351 92.104 29.793 120.364
122.727 96.044 29.793 120.364
122.727 98.857 29.793 120.364
123.853 102.234 29.793 120.364
124.978 107.861 29.793 120.364
124.978 111.800 29.793 120.364
126.666 114.051 29.793 120.364
126.666 110.675 29.793 120.364
126.103 111.800 29.793 120.364
125.541 113.489 29.793 120.364
124.415 116.302 29.793 120.364
123.853 117.428 29.793 120.364
124.415 119.679 29.793 120.364
124.978 117.428 29.793 120.364
127.792 121.930 29.793 120.364
127.792 116.302 29.793 120.364
126.666 112.926 29.793 120.364
127.229 106.736 29.793 120.364
127.792 107.861 29.793 120.364
129.480 108.987 29.793 120.364
129.480 109.549 29.793 120.364
130.605 110.112 29.793 120.364
131.168 106.173 29.793 120.364
130.043 106.173 29.793 120.364
128.917 99.420 29.793 120.364
127.792 95.481 29.793 120.364
126.666 91.542 29.793 120.364
125.541 91.542 29.793 120.364
124.415 92.104 29.793 120.364
123.290 94.355 29.793 120.364
124.978 97.169 29.793 120.364
132.294 100.546 29.793 120.364
134.545 103.922 29.793 120.364
135.107 96.044 29.793 120.364
135.107 90.979 29.793 120.364
135.107 91.542 29.793 120.364
135.670 93.230 29.793 120.364
137.358 95.481 29.793 120.364
137.358 99.983 29.793 120.364
138.484 104.485 29.793 120.364
136.466 107.092 30.452 123.027
135.313 104.210 30.452 123.027
134.160 100.751 30.452 123.027
131.854 99.598 30.452 123.027
128.972 101.328 30.452 123.027
126.666 103.057 30.452 123.027
126.666 104.787 30.452 123.027
126.666 107.669 30.452 123.027
126.090 108.822 30.452 123.027
126.666 112.857 30.452 123.027
127.243 115.740 30.452 123.027
127.819 107.092 30.452 123.027
128.395 100.751 30.452 123.027
126.090 101.328 30.452 123.027
117.443 103.634 30.452 123.027
118.019 107.092 30.452 123.027
114.560 108.245 30.452 123.027
111.101 104.787 30.452 123.027
109.948 104.210 30.452 123.027
108.219 99.022 30.452 123.027
108.219 93.834 30.452 123.027
114.560 90.951 30.452 123.027
115.713 93.834 30.452 123.027
115.713 96.716 30.452 123.027
121.478 100.175 30.452 123.027
125.513 101.904 30.452 123.027
130.125 103.634 30.452 123.027
133.584 104.787 30.452 123.027
132.431 97.869 30.452 123.027
131.278 91.528 30.452 123.027
129.548 92.104 30.452 123.027
130.701 94.410 30.452 123.027
137.619 98.445 30.452 123.027
141.654 105.363 30.452 123.027
140.501 108.245 30.452 123.027
140.501 109.398 30.452 123.027
139.925 108.245 30.452 123.027
139.348 105.940 30.452 123.027
138.772 108.822 30.452 123.027
139.348 111.704 30.452 123.027
141.654 114.587 30.452 123.027
146.843 115.163 30.452 123.027
144.537 119.198 30.452 123.027
143.384 120.928 30.452 123.027
142.231 131.304 30.452 123.027
139.348 132.457 30.452 123.027
134.160 127.269 30.452 123.027
133.007 126.692 30.452 123.027
125.513 128.998 30.452 123.027
125.513 132.457 30.452 123.027
125.513 136.492 30.452 123.027
125.513 138.798 30.452 123.027
124.360 137.645 30.452 123.027
122.631 134.187 30.452 123.027
120.325 126.692 30.452 123.027
119.172 122.081 30.452 123.027
117.443 114.587 30.452 123.027
111.678 112.857 30.452 123.027
111.101 115.740 30.452 123.027
111.101 116.892 30.452 123.027
111.101 118.622 30.452 123.027
109.372 117.469 30.452 123.027
108.795 120.928 30.452 123.027
109.948 114.587 30.452 123.027
109.948 108.822 30.452 123.027
108.219 103.057 30.452 123.027
100.725 99.022 30.452 123.027
98.995 94.987 30.452 123.027
101.301 96.716 30.452 123.027
108.219 100.751 30.452 123.027
110.525 103.634 30.452 123.027
116.290 103.634 30.452 123.027
118.019 100.751 30.452 123.027
117.443 100.751 30.452 123.027
116.290 100.751 30.452 123.027
115.713 101.328 30.452 123.027
116.290 103.057 30.452 123.027
117.443 105.940 30.452 123.027
118.019 109.975 30.452 123.027
124.937 116.316 30.452 123.027
124.937 117.469 30.452 123.027
127.819 112.281 30.452 123.027
131.854 111.128 30.452 123.027
131.854 111.128 30.452 123.027
131.854 114.010 30.452 123.027
130.701 116.316 30.452 123.027
131.278 122.657 30.452 123.027
131.278 125.540 30.452 123.027
133.584 126.692 30.452 123.027
134.737 126.116 30.452 123.027
134.737 127.269 30.452 123.027
135.313 127.845 30.452 123.027
135.890 128.422 30.452 123.027
133.584 129.575 30.452 123.027
123.207 135.340 30.452 123.027
120.325 140.528 30.452 123.027
119.748 142.257 30.452 123.027
119.172 147.445 30.452 123.027
120.325 134.187 30.452 123.027
119.748 128.422 30.452 123.027
118.019 126.692 30.452 123.027
117.443 125.540 30.452 123.027
118.019 123.234 30.452 123.027
119.172 124.387 30.452 123.027
117.443 126.116 30.452 123.027
112.254 126.116 30.452 123.027
112.254 124.387 30.452 123.027
111.678 122.657 30.452 123.027
110.525 122.081 30.452 123.027
108.795 120.351 30.452 123.027
106.490 123.234 30.452 123.027
103.607 127.845 30.452 123.027
103.607 132.457 30.452 123.027
109.372 135.340 30.452 123.027
108.219 135.340 30.452 123.027
112.831 135.340 30.452 123.027
115.137 130.151 30.452 123.027
113.407 130.728 30.452 123.027
109.948 130.151 30.452 123.027
108.795 130.728 30.452 123.027
111.101 133.610 30.452 123.027
112.831 136.492 30.452 123.027
113.984 138.798 30.452 123.027
112.254 138.222 30.452 123.027
111.101 135.916 30.452 123.027
108.795 135.340 30.452 123.027
107.066 136.492 30.452 123.027
109.948 136.492 30.452 123.027
109.948 137.069 30.452 123.027
109.372 140.528 30.452 123.027
107.643 144.563 30.452 123.027
107.066 139.951 30.452 123.027
105.913 140.528 30.452 123.027
104.760 133.034 30.452 123.027
101.301 129.575 30.452 123.027
97.843 126.116 30.452 123.027
93.231 125.540 30.452 123.027
