180.000 79.000 37.000 114.000
180.000 83.022 37.000 114.000
180.000 87.043 37.000 114.000
180.575 90.490 37.000 114.000
180.000 91.639 37.000 114.000
180.000 92.788 37.000 114.000
178.851 95.086 37.000 114.000
177.127 95.086 37.000 114.000
174.255 95.086 37.000 114.000
172.531 96.810 37.000 114.000
167.935 100.257 37.000 114.000
164.488 100.831 37.000 114.000
162.765 101.980 37.000 114.000
159.318 100.831 37.000 114.000
158.169 99.108 37.000 114.000
159.318 95.661 37.000 114.000
158.169 94.512 37.000 114.000
158.169 93.363 37.000 114.000
159.892 93.363 37.000 114.000
161.041 95.086 37.000 114.000
162.765 96.810 37.000 114.000
164.488 96.810 37.000 114.000
168.510 97.384 37.000 114.000
167.361 95.661 37.000 114.000
169.084 93.937 37.000 114.000
169.659 94.512 37.000 114.000
169.659 93.937 37.000 114.000
170.808 94.512 37.000 114.000
172.531 91.065 37.000 114.000
172.926 90.557 36.211 111.569
173.312 92.309 35.439 109.190
172.210 92.860 35.439 109.190
170.557 92.860 35.439 109.190
170.165 89.999 36.223 111.605
169.602 87.748 36.223 111.605
170.165 87.748 36.223 111.605
168.477 87.748 36.223 111.605
168.477 86.060 36.223 111.605
167.351 89.436 36.223 111.605
168.477 90.562 36.223 111.605
169.202 91.578 37.024 114.075
168.053 89.855 37.024 114.075
168.792 89.742 37.843 116.599
168.373 88.452 38.681 119.178
166.145 82.334 39.537 121.815
160.622 82.947 39.537 121.815
156.940 82.947 39.537 121.815
153.257 82.334 39.537 121.815
150.189 83.561 39.537 121.815
148.961 86.630 39.537 121.815
146.506 89.085 39.537 121.815
145.279 89.698 39.537 121.815
144.051 85.402 39.537 121.815
143.438 87.243 39.537 121.815
142.210 84.175 39.537 121.815
144.051 85.402 39.537 121.815
147.296 85.896 40.411 124.510
154.826 85.268 40.411 124.510
157.963 83.386 40.411 124.510
162.983 81.504 40.411 124.510
163.163 77.616 41.305 127.265
166.369 76.334 41.305 127.265
166.369 76.975 41.305 127.265
168.292 74.411 41.305 127.265
171.498 74.411 41.305 127.265
173.422 72.487 41.305 127.265
174.063 72.487 41.305 127.265
175.786 77.050 40.425 124.551
177.041 78.305 40.425 124.551
176.413 78.305 40.425 124.551
177.668 77.677 40.425 124.551
177.041 77.050 40.425 124.551
175.786 76.422 40.425 124.551
177.041 77.050 40.425 124.551
177.041 78.305 40.425 124.551
177.041 79.560 40.425 124.551
177.668 82.697 40.425 124.551
176.413 85.207 40.425 124.551
164.492 85.207 40.425 124.551
163.864 86.462 40.425 124.551
163.864 83.952 40.425 124.551
161.354 80.815 40.425 124.551
161.982 78.305 40.425 124.551
161.982 76.422 40.425 124.551
163.864 76.422 40.425 124.551
165.747 76.422 40.425 124.551
169.942 78.378 39.562 121.895
170.978 77.836 38.719 119.296
173.386 79.040 38.719 119.296
173.988 77.235 38.719 119.296
175.794 75.429 38.719 119.296
179.405 73.623 38.719 119.296
181.813 74.827 38.719 119.296
183.017 74.827 38.719 119.296
184.221 77.235 38.719 119.296
187.231 80.846 38.719 119.296
187.231 81.448 38.719 119.296
186.027 80.846 38.719 119.296
186.629 80.846 38.719 119.296
184.823 80.846 38.719 119.296
184.823 79.642 38.719 119.296
181.813 78.438 38.719 119.296
181.813 76.031 38.719 119.296
180.007 75.429 38.719 119.296
180.609 74.827 38.719 119.296
180.609 75.429 38.719 119.296
181.813 74.225 38.719 119.296
176.396 71.215 38.719 119.296
173.988 66.399 38.719 119.296
172.182 62.185 38.719 119.296
170.376 60.982 38.719 119.296
166.764 57.972 38.719 119.296
163.152 55.564 38.719 119.296
161.346 56.166 38.719 119.296
157.735 60.982 38.719 119.296
157.133 65.195 38.719 119.296
157.735 68.205 38.719 119.296
155.929 70.011 38.719 119.296
152.919 74.827 38.719 119.296
150.511 77.235 38.719 119.296
154.123 76.633 38.719 119.296
157.735 77.235 38.719 119.296
158.939 77.235 38.719 119.296
162.550 78.438 38.719 119.296
166.162 78.438 38.719 119.296
167.968 77.235 38.719 119.296
169.948 78.323 39.575 121.935
170.741 80.668 40.451 124.633
172.629 77.521 40.451 124.633
174.518 76.262 40.451 124.633
176.406 78.780 40.451 124.633
177.665 82.556 40.451 124.633
179.355 87.032 39.588 121.975
181.818 88.879 39.588 121.975
183.665 91.958 39.588 121.975
184.896 96.883 39.588 121.975
186.743 100.577 39.588 121.975
187.359 99.346 39.588 121.975
186.127 101.809 39.588 121.975
184.280 100.577 39.588 121.975
182.433 103.656 39.588 121.975
183.049 102.424 39.588 121.975
183.665 105.503 39.588 121.975
183.665 102.424 39.588 121.975
183.665 99.961 39.588 121.975
183.049 101.193 39.588 121.975
180.586 98.730 39.588 121.975
182.433 94.420 39.588 121.975
183.665 95.652 39.588 121.975
184.280 94.420 39.588 121.975
184.896 93.189 39.588 121.975
186.127 89.495 39.588 121.975
187.974 88.879 39.588 121.975
186.127 85.801 39.588 121.975
184.280 83.954 39.588 121.975
181.995 79.526 40.464 124.674
180.107 75.749 40.464 124.674
179.478 73.232 40.464 124.674
176.960 74.491 40.464 124.674
175.072 77.638 40.464 124.674
178.219 80.155 40.464 124.674
182.625 78.267 40.464 124.674
185.142 78.896 40.464 124.674
186.401 78.267 40.464 124.674
186.401 76.379 40.464 124.674
187.031 77.638 40.464 124.674
187.660 78.267 40.464 124.674
188.289 80.155 40.464 124.674
189.548 80.155 40.464 124.674
191.436 83.932 40.464 124.674
190.807 87.079 40.464 124.674
190.178 87.079 40.464 124.674
190.178 87.079 40.464 124.674
187.660 83.932 40.464 124.674
184.513 85.191 40.464 124.674
181.995 85.820 40.464 124.674
185.142 88.967 40.464 124.674
184.513 90.855 40.464 124.674
181.995 90.226 40.464 124.674
181.995 87.079 40.464 124.674
181.995 90.226 40.464 124.674
182.806 84.441 41.360 127.432
184.093 84.441 41.360 127.432
182.163 85.084 41.360 127.432
174.446 88.300 41.360 127.432
175.732 84.441 41.360 127.432
172.516 84.441 41.360 127.432
171.230 81.225 41.360 127.432
170.587 81.225 41.360 127.432
168.657 79.296 41.360 127.432
170.587 76.080 41.360 127.432
174.446 72.221 41.360 127.432
178.305 74.151 41.360 127.432
179.591 76.723 41.360 127.432
181.520 79.939 41.360 127.432
184.736 79.296 41.360 127.432
186.665 76.080 41.360 127.432
188.595 77.366 41.360 127.432
189.238 73.507 41.360 127.432
189.238 72.221 41.360 127.432
187.952 74.151 41.360 127.432
189.238 77.366 41.360 127.432
193.740 79.296 41.360 127.432
199.528 82.511 41.360 127.432
198.885 84.441 41.360 127.432
200.814 84.441 41.360 127.432
200.814 87.013 41.360 127.432
199.714 83.674 42.275 130.252
201.027 88.929 42.275 130.252
201.684 91.557 42.275 130.252
204.969 93.527 42.275 130.252
207.596 94.184 42.275 130.252
204.312 97.468 42.275 130.252
202.341 99.439 42.275 130.252
199.714 98.782 42.275 130.252
193.991 101.939 43.210 133.133
190.831 102.478 44.166 136.079
189.458 103.851 44.166 136.079
183.282 105.223 44.166 136.079
184.654 108.655 44.166 136.079
183.968 110.713 44.166 136.079
185.341 106.596 44.166 136.079
185.341 105.223 44.166 136.079
184.654 102.478 44.166 136.079
181.909 99.047 44.166 136.079
181.909 95.615 44.166 136.079
178.478 90.125 44.166 136.079
172.301 86.008 44.166 136.079
172.988 86.694 44.166 136.079
171.615 88.066 44.166 136.079
170.929 87.380 44.166 136.079
166.125 88.066 44.166 136.079
166.125 86.694 44.166 136.079
166.811 83.262 44.166 136.079
167.497 81.204 44.166 136.079
164.066 76.400 44.166 136.079
158.576 71.596 44.166 136.079
155.144 65.419 44.166 136.079
157.890 66.106 44.166 136.079
167.497 68.851 44.166 136.079
170.929 71.596 44.166 136.079
177.105 73.655 44.166 136.079
181.909 74.341 44.166 136.079
181.909 72.968 44.166 136.079
179.850 70.223 44.166 136.079
178.478 69.537 44.166 136.079
177.105 70.223 44.166 136.079
179.164 73.655 44.166 136.079
180.537 77.086 44.166 136.079
182.595 81.890 44.166 136.079
183.282 84.635 44.166 136.079
185.341 85.321 44.166 136.079
188.772 85.321 44.166 136.079
190.144 86.008 44.166 136.079
190.144 86.694 44.166 136.079
186.713 84.635 44.166 136.079
187.399 87.380 44.166 136.079
188.772 88.753 44.166 136.079
191.517 90.811 44.166 136.079
192.890 89.439 44.166 136.079
194.262 94.243 44.166 136.079
193.576 96.988 44.166 136.079
192.890 98.360 44.166 136.079
191.517 95.615 44.166 136.079
182.793 98.914 45.143 139.090
182.573 108.821 44.180 136.124
182.084 110.060 45.158 139.135
177.170 107.252 45.158 139.135
175.064 103.040 45.158 139.135
171.554 100.232 45.158 139.135
168.247 95.885 46.157 142.214
166.812 93.015 46.157 142.214
168.247 92.297 46.157 142.214
169.172 87.853 47.178 145.360
164.772 90.053 47.178 145.360
161.608 90.136 46.172 142.260
160.890 95.160 46.172 142.260
159.230 95.242 45.188 139.227
156.202 97.428 44.224 136.258
152.084 98.801 44.224 136.258
150.497 98.195 43.281 133.352
149.152 98.195 43.281 133.352
152.708 98.737 44.238 136.302
157.036 99.982 45.217 139.318
160.546 102.088 45.217 139.318
160.546 102.790 45.217 139.318
159.142 99.982 45.217 139.318
157.036 102.088 45.217 139.318
151.421 98.578 45.217 139.318
149.315 99.280 45.217 139.318
151.421 99.982 45.217 139.318
152.825 102.088 45.217 139.318
154.229 102.088 45.217 139.318
153.527 103.492 45.217 139.318
154.229 104.896 45.217 139.318
152.825 108.406 45.217 139.318
150.719 108.406 45.217 139.318
152.123 109.810 45.217 139.318
154.931 108.406 45.217 139.318
155.633 109.810 45.217 139.318
153.026 108.970 46.218 142.400
134.574 101.654 47.240 145.551
141.385 96.377 48.285 148.771
137.096 91.727 49.354 152.063
132.716 86.979 50.446 155.427
127.226 81.488 50.446 155.427
124.627 83.146 49.370 152.113
