136.000 35.000 52.000 182.000
132.463 35.000 52.000 182.000
128.925 37.653 52.000 182.000
124.504 38.537 52.000 182.000
120.967 41.190 52.000 182.000
119.198 43.843 52.000 182.000
116.545 42.959 52.000 182.000
117.429 37.653 52.000 182.000
117.429 41.190 52.000 182.000
120.967 44.727 52.000 182.000
125.388 51.802 52.000 182.000
133.656 59.516 53.151 186.027
130.040 57.708 53.151 186.027
134.560 53.189 53.151 186.027
138.742 58.788 52.017 182.060
143.728 60.729 50.908 178.177
144.595 57.262 50.908 178.177
151.205 29.696 49.822 174.378
152.052 25.460 49.822 174.378
150.653 24.378 50.924 178.236
152.387 32.178 50.924 178.236
151.520 32.178 50.924 178.236
153.253 32.178 50.924 178.236
156.396 33.212 49.838 174.435
154.698 37.457 49.838 174.435
158.094 11.987 49.838 174.435
158.392 11.755 50.941 178.294
160.992 8.288 50.941 178.294
160.992 1.355 50.941 178.294
162.402 -0.211 49.855 174.492
162.085 -2.595 48.792 170.771
165.930 0.057 47.751 167.129
169.989 1.681 47.751 167.129
187.848 -32.414 47.751 167.129
194.342 -35.661 47.751 167.129
191.907 -36.472 47.751 167.129
200.024 -37.284 47.751 167.129
198.910 -33.067 46.733 163.565
206.573 -28.935 45.736 160.077
203.459 -26.599 45.736 160.077
198.010 -21.150 45.736 160.077
191.783 -14.923 45.736 160.077
189.935 -8.545 44.761 156.663
191.461 -7.020 44.761 156.663
189.650 0.753 43.806 153.322
190.117 4.623 42.872 150.053
189.845 9.870 41.958 146.853
189.131 10.583 41.958 146.853
190.558 12.725 41.958 146.853
187.437 15.004 41.063 143.721
190.927 17.098 41.063 143.721
186.041 19.192 41.063 143.721
188.833 22.683 41.063 143.721
184.645 26.871 41.063 143.721
186.983 31.563 41.972 146.901
188.410 40.128 41.972 146.901
189.124 46.552 41.972 146.901
185.555 50.834 41.972 146.901
184.842 56.544 41.972 146.901
185.555 62.253 41.972 146.901
185.555 72.246 41.972 146.901
186.269 79.383 41.972 146.901
185.555 80.810 41.972 146.901
186.269 82.952 41.972 146.901
181.522 97.028 42.900 150.151
185.169 111.617 42.900 150.151
179.334 115.993 42.900 150.151
170.581 116.722 42.900 150.151
170.581 117.452 42.900 150.151
167.664 113.805 42.900 150.151
171.311 115.993 42.900 150.151
172.769 109.428 42.900 150.151
174.228 109.428 42.900 150.151
177.146 105.781 42.900 150.151
180.318 101.203 43.849 153.473
186.295 98.961 43.849 153.473
189.751 99.104 42.914 150.200
184.645 96.186 42.914 150.200
190.480 93.268 42.914 150.200
196.315 90.351 42.914 150.200
198.504 85.245 42.914 150.200
201.421 81.598 42.914 150.200
206.527 77.951 42.914 150.200
205.798 71.386 42.914 150.200
201.421 64.821 42.914 150.200
205.798 64.821 42.914 150.200
207.257 60.445 42.914 150.200
204.339 57.527 42.914 150.200
207.714 59.858 41.999 146.997
219.416 54.654 42.928 150.250
225.725 76.003 42.013 147.045
230.735 79.581 42.013 147.045
236.460 78.866 42.013 147.045
235.280 75.092 42.943 150.299
233.817 75.823 42.943 150.299
230.891 75.092 42.943 150.299
234.548 73.629 42.943 150.299
233.086 73.629 42.943 150.299
231.623 70.704 42.943 150.299
234.275 70.112 42.027 147.094
232.843 68.681 42.027 147.094
234.526 66.338 42.957 150.348
235.257 65.606 42.957 150.348
234.526 64.875 42.957 150.348
237.451 64.875 42.957 150.348
235.988 63.412 42.957 150.348
238.914 63.412 42.957 150.348
239.645 59.024 42.957 150.348
236.976 60.286 43.907 153.675
239.964 61.033 43.907 153.675
237.984 59.333 44.878 157.075
239.514 54.745 44.878 157.075
241.808 57.039 44.878 157.075
236.723 58.360 45.871 160.550
235.943 58.360 45.871 160.550
233.874 54.243 46.886 164.102
235.750 55.620 47.924 167.733
239.828 55.620 47.924 167.733
244.192 56.211 48.984 171.444
239.484 52.648 50.068 175.237
242.896 52.648 50.068 175.237
241.190 54.354 50.068 175.237
