147.000 110.000 34.000 33.000
148.324 113.971 34.000 33.000
151.235 117.941 34.000 33.000
154.147 119.000 34.000 33.000
157.588 119.000 34.000 33.000
160.235 118.471 34.000 33.000
160.235 120.059 34.000 33.000
160.765 120.588 34.000 33.000
162.088 120.853 34.000 33.000
162.088 121.118 34.000 33.000
164.471 119.794 34.000 33.000
163.676 115.559 34.000 33.000
159.441 111.853 34.000 33.000
155.471 109.735 34.000 33.000
154.941 107.088 34.000 33.000
155.039 78.852 33.275 32.296
151.415 74.452 33.275 32.296
148.827 71.087 33.275 32.296
143.651 69.793 33.275 32.296
137.180 68.499 33.275 32.296
130.710 67.722 33.275 32.296
130.192 67.981 33.275 32.296
128.898 67.464 33.275 32.296
128.121 65.652 33.275 32.296
129.157 63.840 33.275 32.296
141.159 67.290 32.565 31.608
146.470 72.096 32.565 31.608
152.288 80.190 32.565 31.608
157.347 90.308 32.565 31.608
161.394 99.920 32.565 31.608
165.188 122.684 32.565 31.608
166.706 128.249 32.565 31.608
167.211 125.214 32.565 31.608
168.729 115.349 32.565 31.608
184.000 121.504 31.871 30.933
185.482 88.645 31.871 30.933
163.247 55.539 31.871 30.933
162.259 52.080 31.871 30.933
161.270 52.080 31.871 30.933
160.776 56.033 31.871 30.933
159.541 73.574 31.871 30.933
160.035 86.916 31.871 30.933
159.788 103.469 31.871 30.933
160.776 120.516 31.871 30.933
161.270 125.210 31.871 30.933
160.282 102.974 31.871 30.933
160.776 95.563 31.871 30.933
159.541 91.363 31.871 30.933
158.800 92.351 31.871 30.933
157.565 97.786 31.871 30.933
155.341 114.092 31.871 30.933
154.600 125.704 31.871 30.933
154.106 138.057 31.871 30.933
156.082 154.610 31.871 30.933
157.565 168.692 31.871 30.933
157.070 160.539 31.871 30.933
157.070 148.186 31.871 30.933
158.306 142.504 31.871 30.933
153.859 116.563 31.871 30.933
152.129 111.621 31.871 30.933
149.659 108.904 31.871 30.933
147.929 113.351 31.871 30.933
146.694 119.774 31.871 30.933
144.470 130.151 31.871 30.933
145.459 142.504 31.871 30.933
143.729 146.457 31.871 30.933
140.023 131.139 31.871 30.933
135.329 109.151 31.871 30.933
132.365 88.892 31.871 30.933
129.153 80.245 31.871 30.933
122.482 74.069 31.871 30.933
122.235 78.269 31.871 30.933
119.412 86.820 32.576 31.618
119.918 104.273 32.576 31.618
120.424 118.691 32.576 31.618
123.099 146.165 33.297 32.317
122.730 142.443 34.033 33.032
126.436 140.854 34.033 33.032
129.083 105.384 34.033 33.032
134.907 89.766 34.033 33.032
141.524 75.737 34.033 33.032
147.976 73.971 33.308 32.328
153.248 78.457 32.597 31.639
157.801 83.516 32.597 31.639
160.584 90.851 32.597 31.639
171.207 116.145 32.597 31.639
172.472 120.698 32.597 31.639
173.484 115.640 32.597 31.639
173.737 97.681 32.597 31.639
174.495 85.792 32.597 31.639
179.048 74.157 32.597 31.639
179.301 74.410 32.597 31.639
179.554 78.710 32.597 31.639
179.048 88.322 32.597 31.639
179.807 101.981 32.597 31.639
176.158 135.272 33.319 32.339
174.605 145.107 33.319 32.339
171.758 137.860 33.319 32.339
166.582 120.260 33.319 32.339
163.735 110.942 33.319 32.339
160.888 100.590 33.319 32.339
157.782 97.484 33.319 32.339
156.229 99.554 33.319 32.339
154.158 104.731 33.319 32.339
152.605 113.531 33.319 32.339
150.535 131.907 33.319 32.339
146.911 129.578 33.319 32.339
139.664 113.531 33.319 32.339
135.523 95.413 33.319 32.339
132.935 87.131 33.319 32.339
127.241 81.695 33.319 32.339
123.876 82.731 33.319 32.339
120.770 88.166 33.319 32.339
119.831 98.864 32.608 31.649
119.072 108.981 32.608 31.649
124.479 133.854 31.913 30.974
122.502 127.184 31.913 30.974
121.267 112.360 31.913 30.974
122.008 100.995 31.913 30.974
124.726 95.313 31.913 30.974
130.655 92.595 31.913 30.974
131.397 97.784 31.913 30.974
135.102 105.689 31.913 30.974
140.044 116.066 31.913 30.974
146.961 128.666 31.913 30.974
160.055 147.442 31.913 30.974
163.267 139.042 31.913 30.974
167.714 121.007 31.913 30.974
169.691 108.654 31.913 30.974
171.420 100.501 31.913 30.974
174.138 90.125 31.913 30.974
173.397 91.360 31.913 30.974
171.173 97.042 31.913 30.974
167.220 107.172 31.913 30.974
164.750 120.266 31.913 30.974
163.020 136.078 31.913 30.974
161.538 127.431 31.913 30.974
161.785 109.889 31.913 30.974
160.550 99.266 31.913 30.974
159.808 92.348 31.913 30.974
159.067 86.913 31.913 30.974
157.585 90.619 31.913 30.974
154.867 97.042 31.913 30.974
153.138 106.431 31.913 30.974
151.655 116.313 31.913 30.974
152.150 123.972 31.913 30.974
150.667 112.113 31.913 30.974
148.444 94.572 31.913 30.974
144.738 86.172 31.913 30.974
137.079 82.466 31.913 30.974
125.467 92.595 31.913 30.974
122.750 102.478 31.913 30.974
120.773 115.325 31.913 30.974
118.797 128.172 31.913 30.974
116.573 146.207 31.913 30.974
118.550 154.113 31.913 30.974
119.291 144.478 31.913 30.974
120.773 130.889 31.913 30.974
122.750 125.454 31.913 30.974
128.185 120.513 31.913 30.974
138.561 122.242 31.913 30.974
143.008 127.184 31.913 30.974
149.432 135.831 31.913 30.974
156.350 148.431 31.913 30.974
162.279 164.736 31.913 30.974
170.185 164.489 31.913 30.974
174.138 148.678 31.913 30.974
176.855 134.348 31.913 30.974
182.785 124.960 31.913 30.974
188.220 120.266 31.913 30.974
192.667 117.301 31.913 30.974
193.161 122.242 31.913 30.974
191.679 129.407 31.913 30.974
185.750 141.513 31.913 30.974
179.573 152.878 31.913 30.974
166.232 148.678 31.913 30.974
157.832 127.925 31.913 30.974
156.350 123.725 31.913 30.974
145.726 90.619 31.913 30.974
141.279 82.713 31.913 30.974
137.326 78.513 31.913 30.974
136.338 83.454 31.913 30.974
136.338 92.595 31.913 30.974
137.573 106.678 31.913 30.974
138.561 121.254 31.913 30.974
140.044 115.572 31.913 30.974
141.279 105.442 31.913 30.974
142.020 99.019 31.913 30.974
143.008 93.336 31.913 30.974
147.208 94.572 31.913 30.974
153.879 105.936 31.913 30.974
154.867 117.054 31.913 30.974
155.608 129.901 31.913 30.974
155.608 142.995 31.913 30.974
157.091 163.007 31.913 30.974
158.573 160.042 31.913 30.974
156.844 141.019 31.913 30.974
156.350 134.348 31.913 30.974
157.091 133.360 31.913 30.974
156.597 135.831 31.913 30.974
155.361 147.689 31.913 30.974
156.102 160.042 31.913 30.974
156.102 173.136 31.913 30.974
157.585 190.184 31.913 30.974
158.820 208.466 31.913 30.974
160.302 205.007 31.913 30.974
164.008 205.995 31.913 30.974
164.008 193.889 31.913 30.974
158.820 161.031 31.913 30.974
158.820 152.631 31.913 30.974
158.079 142.748 31.913 30.974
158.079 143.984 31.913 30.974
157.832 149.172 31.913 30.974
158.326 157.572 31.913 30.974
160.550 169.184 31.913 30.974
162.032 154.607 31.913 30.974
160.797 125.454 31.913 30.974
163.514 121.007 31.913 30.974
161.137 88.231 31.232 30.314
160.407 84.584 31.232 30.314
157.247 86.043 31.232 30.314
155.788 92.608 31.232 30.314
154.572 105.494 31.232 30.314
156.031 126.647 31.232 30.314
157.247 138.075 31.232 30.314
156.274 140.020 31.232 30.314
155.058 130.294 31.232 30.314
144.604 102.090 31.232 30.314
141.443 97.228 31.232 30.314
138.525 95.526 31.232 30.314
135.121 102.820 31.232 30.314
134.392 112.545 31.232 30.314
133.176 125.188 31.232 30.314
135.364 137.345 31.232 30.314
138.282 136.373 31.232 30.314
143.145 109.141 31.232 30.314
144.604 100.631 31.232 30.314
146.062 96.255 31.232 30.314
151.168 91.635 31.232 30.314
157.490 91.635 31.232 30.314
160.651 103.063 31.232 30.314
165.756 112.302 31.232 30.314
174.753 125.918 31.232 30.314
179.615 130.537 31.232 30.314
179.615 124.945 31.232 30.314
182.290 92.365 31.232 30.314
183.749 88.231 31.232 30.314
183.262 84.098 31.232 30.314
185.694 83.369 31.232 30.314
186.423 85.800 31.232 30.314
190.800 97.957 31.232 30.314
194.447 107.926 31.232 30.314
197.607 121.784 31.232 30.314
201.011 127.377 31.232 30.314
202.470 120.812 31.232 30.314
200.768 92.851 31.232 30.314
199.796 85.314 31.232 30.314
196.149 83.855 31.232 30.314
189.827 83.612 31.232 30.314
185.451 87.259 31.232 30.314
178.156 101.118 31.232 30.314
175.725 113.761 31.232 30.314
173.780 125.918 31.232 30.314
170.133 124.216 31.232 30.314
166.000 115.949 31.232 30.314
162.109 89.690 31.232 30.314
160.894 86.043 31.232 30.314
158.705 83.855 31.232 30.314
157.004 86.043 31.232 30.314
156.517 91.392 31.232 30.314
152.627 111.329 31.232 30.314
151.168 127.377 31.232 30.314
150.439 137.588 31.232 30.314
146.549 134.671 31.232 30.314
137.309 124.459 31.232 30.314
117.372 105.980 31.232 30.314
115.913 101.361 31.232 30.314
114.455 100.388 31.232 30.314
112.266 102.333 31.232 30.314
112.023 106.953 31.232 30.314
117.858 124.459 31.232 30.314
121.262 137.831 31.232 30.314
126.611 144.153 31.232 30.314
132.690 139.290 31.232 30.314
139.741 122.757 31.232 30.314
144.847 90.177 31.232 30.314
149.466 82.639 31.232 30.314
152.870 78.749 31.232 30.314
157.004 78.749 31.232 30.314
161.380 83.126 31.232 30.314
165.756 100.388 31.232 30.314
165.513 116.435 31.232 30.314
164.784 124.459 31.232 30.314
164.784 121.055 31.232 30.314
165.513 120.326 31.232 30.314
162.980 87.410 31.923 30.984
160.262 78.763 31.923 30.984
159.274 78.763 31.923 30.984
158.533 81.727 31.923 30.984
155.815 87.410 31.923 30.984
147.415 109.151 31.923 30.984
146.427 122.492 31.923 30.984
145.438 127.927 31.923 30.984
142.968 122.986 31.923 30.984
140.497 109.892 31.923 30.984
141.485 101.739 31.923 30.984
142.474 103.716 31.923 30.984
145.191 110.139 31.923 30.984
146.427 117.057 31.923 30.984
146.427 125.210 31.923 30.984
146.180 148.927 31.923 30.984
146.180 162.022 31.923 30.984
147.168 171.904 31.923 30.984
