204.000 41.000 23.000 30.000
204.416 39.129 23.000 30.000
202.545 38.298 23.000 30.000
200.467 38.922 23.000 30.000
201.090 40.792 23.000 30.000
200.259 42.663 23.000 30.000
199.012 45.988 23.000 30.000
196.310 50.353 23.000 30.000
193.400 54.925 23.000 30.000
191.945 59.914 23.000 30.000
190.075 65.318 23.000 30.000
188.620 69.682 23.000 30.000
186.125 75.086 23.000 30.000
185.918 79.659 23.000 30.000
186.541 84.855 23.000 30.000
187.580 89.012 23.000 30.000
188.412 91.090 23.000 30.000
189.451 94.624 23.000 30.000
190.906 97.533 23.000 30.000
192.398 99.100 22.510 29.360
192.194 100.324 22.510 29.360
190.359 99.304 22.510 29.360
188.524 95.022 22.510 29.360
186.688 87.477 22.510 29.360
185.093 76.370 22.029 28.734
180.493 65.770 22.029 28.734
176.493 53.770 22.029 28.734
170.093 42.770 22.029 28.734
164.293 35.970 22.029 28.734
159.293 31.570 22.029 28.734
156.293 26.970 22.029 28.734
153.928 22.677 21.560 28.121
149.810 19.539 21.560 28.121
145.104 16.598 21.560 28.121
139.614 15.618 21.560 28.121
165.923 26.506 21.100 27.522
160.217 28.408 21.100 27.522
155.116 33.266 20.650 26.935
158.876 40.445 20.210 26.360
143.011 41.904 20.210 26.360
149.393 56.675 20.210 26.360
153.587 65.975 20.210 26.360
157.599 72.539 20.210 26.360
163.617 76.369 20.210 26.360
170.181 78.557 20.210 26.360
176.564 82.386 20.210 26.360
180.393 83.663 20.210 26.360
184.040 84.392 20.210 26.360
185.499 85.669 20.210 26.360
189.693 86.581 20.210 26.360
196.076 87.492 20.210 26.360
200.668 88.503 19.779 25.798
204.058 89.573 19.779 25.798
207.270 88.860 19.779 25.798
213.515 86.897 19.779 25.798
216.905 82.971 19.779 25.798
221.041 82.354 19.357 25.248
224.912 84.369 18.944 24.710
229.518 86.757 18.944 24.710
230.371 90.510 18.944 24.710
233.271 96.822 18.944 24.710
233.953 103.645 18.944 24.710
233.271 106.545 18.944 24.710
229.689 108.592 18.944 24.710
226.448 110.810 18.944 24.710
223.377 113.710 18.944 24.710
222.353 114.904 18.944 24.710
223.718 115.928 18.944 24.710
225.765 114.733 18.944 24.710
224.571 113.028 18.944 24.710
223.377 110.639 18.944 24.710
222.524 106.375 18.944 24.710
223.206 102.280 18.944 24.710
223.718 98.186 18.944 24.710
224.401 94.604 18.944 24.710
222.012 92.728 18.944 24.710
222.524 89.486 18.944 24.710
223.377 86.757 18.944 24.710
226.106 84.710 18.944 24.710
227.130 82.663 18.944 24.710
225.765 81.298 18.944 24.710
223.548 81.810 18.944 24.710
222.183 83.004 18.944 24.710
223.377 85.222 18.944 24.710
