40.000 199.000 61.000 103.000
40.000 199.000 61.000 103.000
40.000 199.000 61.000 103.000
40.000 198.359 61.000 103.000
39.359 198.359 61.000 103.000
38.718 197.076 61.000 103.000
38.718 196.435 61.000 103.000
38.076 195.794 61.000 103.000
37.435 195.794 61.000 103.000
37.435 194.512 61.000 103.000
37.435 192.588 61.000 103.000
36.794 190.665 61.000 103.000
36.794 186.818 61.000 103.000
36.153 182.329 61.000 103.000
35.512 175.918 61.000 103.000
35.512 170.788 61.000 103.000
36.153 163.735 61.000 103.000
36.794 156.041 61.000 103.000
38.076 148.347 61.000 103.000
38.718 141.935 61.000 103.000
41.282 136.165 61.000 103.000
43.206 128.471 61.000 103.000
45.771 122.059 61.000 103.000
49.618 116.288 61.000 103.000
54.106 112.441 61.000 103.000
58.594 106.029 61.000 103.000
63.049 98.478 62.350 105.279
68.908 92.729 63.729 107.608
76.263 88.049 63.729 107.608
80.943 84.037 63.729 107.608
86.925 79.504 65.139 109.989
91.678 72.812 66.580 112.423
99.357 68.624 66.580 112.423
108.393 65.984 68.053 114.910
117.632 60.431 69.559 117.452
128.573 56.054 69.559 117.452
137.326 53.137 69.559 117.452
143.891 51.678 69.559 117.452
156.291 48.031 69.559 117.452
164.274 48.190 71.098 120.051
173.239 50.431 71.098 120.051
182.204 48.190 71.098 120.051
191.916 46.696 71.098 120.051
203.869 41.467 71.098 120.051
214.327 42.214 71.098 120.051
219.517 40.886 72.671 122.707
227.908 40.886 72.671 122.707
231.721 41.648 72.671 122.707
238.598 42.194 71.121 120.090
245.322 44.435 71.121 120.090
250.551 46.676 71.121 120.090
255.033 48.918 71.121 120.090
259.516 51.906 71.121 120.090
263.998 54.147 71.121 120.090
267.733 57.135 71.121 120.090
271.469 58.629 71.121 120.090
274.457 60.871 71.121 120.090
278.939 63.859 71.121 120.090
281.180 66.847 71.121 120.090
285.663 71.329 71.121 120.090
290.145 75.812 71.121 120.090
294.628 80.294 71.121 120.090
299.857 84.776 71.121 120.090
305.086 88.512 71.121 120.090
308.075 92.247 71.121 120.090
313.304 97.476 71.121 120.090
318.533 101.959 71.121 120.090
323.763 108.682 71.121 120.090
328.992 113.912 71.121 120.090
331.980 119.888 71.121 120.090
336.463 125.118 71.121 120.090
340.945 131.841 71.121 120.090
344.680 137.071 71.121 120.090
348.416 144.541 71.121 120.090
350.657 151.265 71.121 120.090
353.645 159.482 71.121 120.090
358.128 163.965 71.121 120.090
359.633 170.475 69.605 117.529
361.827 176.326 69.605 117.529
363.290 182.908 69.605 117.529
364.753 187.296 69.605 117.529
364.021 191.684 69.605 117.529
364.753 196.073 69.605 117.529
364.021 198.267 69.605 117.529
364.021 200.461 69.605 117.529
363.290 201.924 69.605 117.529
363.290 200.461 69.605 117.529
361.827 202.655 69.605 117.529
361.096 200.461 69.605 117.529
360.375 199.520 68.120 115.023
359.659 197.373 68.120 115.023
361.817 196.452 66.668 112.570
361.817 194.352 66.668 112.570
362.517 191.552 66.668 112.570
364.628 189.253 65.246 110.169
364.628 184.462 65.246 110.169
365.997 180.356 65.246 110.169
367.365 175.566 65.246 110.169
369.418 172.145 65.246 110.169
369.418 167.354 65.246 110.169
370.103 162.564 65.246 110.169
370.787 157.090 65.246 110.169
370.103 150.931 65.246 110.169
370.103 144.772 65.246 110.169
368.050 142.035 65.246 110.169
365.275 135.342 66.690 112.607
362.475 133.242 66.690 112.607
359.675 130.442 66.690 112.607
354.075 127.642 66.690 112.607
349.875 124.842 66.690 112.607
343.575 122.042 66.690 112.607
340.075 120.642 66.690 112.607
332.375 119.942 66.690 112.607
323.937 117.996 68.165 115.098
316.742 116.007 69.673 117.645
308.697 115.276 69.673 117.645
301.383 114.544 69.673 117.645
293.299 114.706 71.215 120.248
285.828 115.453 71.215 120.248
279.851 116.200 71.215 120.248
273.128 116.947 71.215 120.248
267.899 117.694 71.215 120.248
261.134 117.111 72.790 122.908
255.017 116.346 72.790 122.908
249.664 117.111 72.790 122.908
243.505 117.280 74.401 125.628
238.000 117.451 76.047 128.407
233.212 117.451 76.047 128.407
229.222 119.047 76.047 128.407
226.029 119.845 76.047 128.407
222.837 124.634 76.047 128.407
221.198 128.001 77.729 131.248
217.891 130.628 79.449 134.152
216.224 132.295 79.449 134.152
217.058 136.461 79.449 134.152
217.058 139.795 79.449 134.152
218.724 144.795 79.449 134.152
220.391 147.295 79.449 134.152
222.891 149.795 79.449 134.152
224.558 152.295 79.449 134.152
229.558 152.295 79.449 134.152
235.391 152.295 79.449 134.152
238.724 152.295 79.449 134.152
244.558 150.628 79.449 134.152
251.238 150.392 77.755 131.291
255.317 150.392 77.755 131.291
261.026 150.392 77.755 131.291
265.921 150.392 77.755 131.291
272.446 151.207 77.755 131.291
277.340 153.654 77.755 131.291
283.063 153.423 76.097 128.491
287.054 154.221 76.097 128.491
292.653 157.985 74.474 125.751
298.924 158.544 72.886 123.070
304.289 161.385 71.332 120.445
308.034 163.632 71.332 120.445
311.030 164.381 71.332 120.445
313.277 166.628 71.332 120.445
316.285 169.411 69.810 117.877
315.552 169.411 69.810 117.877
318.485 170.144 69.810 117.877
321.429 169.934 68.322 115.363
323.593 172.600 66.865 112.903
327.114 172.400 65.439 110.495
329.184 171.519 64.043 108.139
329.857 172.864 64.043 108.139
332.547 170.846 64.043 108.139
334.565 170.846 64.043 108.139
337.927 169.501 64.043 108.139
340.618 168.156 64.043 108.139
343.308 166.811 64.043 108.139
347.343 167.484 64.043 108.139
351.389 167.292 62.678 105.833
356.000 166.633 62.678 105.833
360.612 165.974 62.678 105.833
365.224 166.633 62.678 105.833
370.495 165.974 62.678 105.833
375.106 165.974 62.678 105.833
379.059 165.315 62.678 105.833
382.353 163.997 62.678 105.833
386.965 162.680 62.678 105.833
390.259 161.362 62.678 105.833
394.212 160.045 62.678 105.833
398.165 158.727 62.678 105.833
401.459 157.409 62.678 105.833
407.389 154.774 62.678 105.833
411.342 152.797 62.678 105.833
414.636 150.821 62.678 105.833
417.930 148.186 62.678 105.833
419.906 145.550 62.678 105.833
421.883 143.574 62.678 105.833
425.177 143.574 62.678 105.833
428.471 142.256 62.678 105.833
431.106 140.939 62.678 105.833
432.424 141.597 62.678 105.833
435.718 141.597 62.678 105.833
437.704 143.385 61.341 103.576
440.920 144.671 61.341 103.576
443.503 147.062 60.033 101.367
444.133 147.691 60.033 101.367
446.021 150.209 60.033 101.367
449.179 151.919 58.753 99.205
451.649 152.537 58.753 99.205
454.120 150.684 58.753 99.205
455.973 150.066 58.753 99.205
457.826 145.125 58.753 99.205
458.443 140.801 58.753 99.205
459.061 135.860 58.753 99.205
457.826 129.066 58.753 99.205
457.826 124.125 58.753 99.205
454.737 118.566 58.753 99.205
451.649 113.007 58.753 99.205
449.796 106.831 58.753 99.205
446.708 98.801 58.753 99.205
441.767 92.007 58.753 99.205
435.590 86.448 58.753 99.205
428.796 80.890 58.753 99.205
418.914 75.331 58.753 99.205
409.032 72.860 58.753 99.205
398.532 70.390 58.753 99.205
387.414 66.066 58.753 99.205
374.443 59.272 58.753 99.205
356.499 51.998 60.052 101.400
341.346 48.841 60.052 101.400
326.193 43.790 60.052 101.400
310.376 39.512 61.381 103.644
291.023 40.157 61.381 103.644
273.606 33.061 61.381 103.644
257.478 29.835 61.381 103.644
238.091 28.689 62.739 105.937
220.962 24.736 62.739 105.937
207.126 24.736 62.739 105.937
189.338 20.783 62.739 105.937
174.185 18.147 62.739 105.937
159.691 16.171 62.739 105.937
145.197 16.171 62.739 105.937
137.950 16.171 62.739 105.937
126.056 15.658 64.127 108.281
112.605 15.658 64.127 108.281
99.827 15.658 64.127 108.281
91.756 18.348 64.127 108.281
84.358 20.366 64.127 108.281
76.960 23.056 64.127 108.281
67.544 26.419 64.127 108.281
58.801 33.817 64.127 108.281
53.421 41.215 64.127 108.281
47.368 50.630 64.127 108.281
41.987 57.356 64.127 108.281
38.625 64.754 64.127 108.281
35.934 70.134 64.127 108.281
31.899 76.187 64.127 108.281
27.864 84.258 64.127 108.281
25.174 92.328 64.127 108.281
22.483 99.054 64.127 108.281
19.793 104.434 64.127 108.281
17.776 110.487 64.127 108.281
14.376 114.670 65.546 110.676
11.623 119.487 65.546 110.676
8.870 125.681 65.546 110.676
7.494 129.123 65.546 110.676
6.117 132.564 65.546 110.676
6.117 136.005 65.546 110.676
6.117 138.070 65.546 110.676
6.117 141.511 65.546 110.676
6.805 145.640 65.546 110.676
7.494 148.393 65.546 110.676
8.870 151.146 65.546 110.676
10.247 154.587 65.546 110.676
11.623 158.717 65.546 110.676
13.688 162.846 65.546 110.676
16.441 167.664 65.546 110.676
18.505 173.170 65.546 110.676
21.947 179.364 65.546 110.676
24.699 185.558 65.546 110.676
26.764 190.376 65.546 110.676
28.829 193.129 65.546 110.676
30.894 195.193 65.546 110.676
32.270 197.946 65.546 110.676
33.647 198.634 65.546 110.676
36.410 201.879 64.148 108.316
38.428 200.534 64.148 108.316
39.773 203.224 64.148 108.316
41.118 200.534 64.148 108.316
41.791 205.242 64.148 108.316
43.136 200.534 64.148 108.316
43.136 204.569 64.148 108.316
43.136 208.605 64.148 108.316
43.136 202.552 64.148 108.316
44.492 206.397 62.780 106.006
45.151 208.373 62.780 106.006
45.151 209.691 62.780 106.006
46.469 211.668 62.780 106.006
47.138 216.751 61.442 103.746
48.438 223.663 60.131 101.533
49.079 218.432 58.849 99.368
49.697 222.755 58.849 99.368
52.168 230.167 58.849 99.368
54.638 235.726 58.849 99.368
55.874 234.491 58.849 99.368
57.727 239.432 58.849 99.368
56.491 237.579 58.849 99.368
61.442 243.579 57.594 97.249
59.027 241.768 57.594 97.249
62.650 245.391 57.594 97.249
58.993 243.108 58.868 99.400
63.945 246.638 57.613 97.281
61.539 247.071 56.384 95.206
65.684 250.624 56.384 95.206
63.908 251.809 56.384 95.206
66.277 254.177 56.384 95.206
64.468 254.308 57.632 97.313
66.286 256.126 57.632 97.313
66.286 257.944 57.632 97.313
65.074 260.367 57.632 97.313
66.892 262.791 57.632 97.313
67.498 265.214 57.632 97.313
68.104 267.032 57.632 97.313
68.710 268.244 57.632 97.313
68.104 269.455 57.632 97.313
67.498 268.244 57.632 97.313
68.710 268.850 57.632 97.313
68.104 267.638 57.632 97.313
68.710 268.850 57.632 97.313
69.315 271.273 57.632 97.313
68.678 270.802 58.907 99.466
69.296 272.655 58.907 99.466
71.149 273.273 58.907 99.466
73.001 272.038 58.907 99.466
74.854 274.508 58.907 99.466
74.854 273.891 58.907 99.466
79.796 268.950 58.907 99.466
143.379 254.261 60.210 101.666
147.799 252.998 60.210 101.666
151.598 253.451 58.926 99.498
150.991 253.894 57.670 97.376
149.141 252.817 58.945 99.531
147.869 251.716 60.250 101.733
148.503 251.083 60.250 101.733
149.136 249.816 60.250 101.733
150.403 249.183 60.250 101.733
147.869 252.983 60.250 101.733
150.412 252.801 58.965 99.564
149.792 252.801 58.965 99.564
148.553 252.801 58.965 99.564
147.901 252.938 60.269 101.766
147.901 252.305 60.269 101.766
148.534 252.305 60.269 101.766
148.534 251.672 60.269 101.766
147.267 251.672 60.269 101.766
147.901 252.305 60.269 101.766
148.534 252.305 60.269 101.766
147.267 251.672 60.269 101.766
148.534 252.305 60.269 101.766
147.901 251.672 60.269 101.766
149.167 251.038 60.269 101.766
149.167 250.405 60.269 101.766
149.801 249.772 60.269 101.766
149.167 251.038 60.269 101.766
149.801 249.772 60.269 101.766
150.434 251.038 60.269 101.766
146.634 252.938 60.269 101.766
148.534 251.672 60.269 101.766
150.443 252.123 58.984 99.596
151.692 255.664 57.726 97.472
149.268 255.664 57.726 97.472
149.841 253.980 59.003 99.629
147.983 253.980 59.003 99.629
148.602 252.740 59.003 99.629
147.363 252.740 59.003 99.629
147.363 252.740 59.003 99.629
147.363 252.740 59.003 99.629
146.743 252.121 59.003 99.629
146.743 252.121 59.003 99.629
146.743 252.121 59.003 99.629
145.471 251.019 60.309 101.833
144.171 251.159 61.643 104.086
56.783 203.419 63.007 106.389
54.800 202.098 63.007 106.389
53.479 196.811 63.007 106.389
56.122 188.882 63.007 106.389
55.461 178.309 63.007 106.389
56.122 169.719 63.007 106.389
56.783 163.111 63.007 106.389
58.104 156.503 63.007 106.389
60.087 151.217 63.007 106.389
63.391 143.949 63.007 106.389
67.355 137.341 63.007 106.389
71.981 132.715 63.007 106.389
75.945 128.751 63.007 106.389
81.232 124.786 63.007 106.389
87.840 119.500 63.007 106.389
94.447 114.213 63.007 106.389
101.716 109.588 63.007 106.389
107.627 105.107 64.401 108.743
117.774 102.401 64.401 108.743
126.568 103.078 64.401 108.743
136.715 102.401 64.401 108.743
145.509 100.372 64.401 108.743
154.980 100.372 64.401 108.743
167.156 101.048 64.401 108.743
178.656 101.725 64.401 108.743
192.862 103.078 64.401 108.743
206.392 104.430 64.401 108.743
219.921 103.078 64.401 108.743
230.745 105.783 64.401 108.743
240.892 107.136 64.401 108.743
252.392 110.519 64.401 108.743
261.862 115.254 64.401 108.743
270.656 119.989 64.401 108.743
279.450 124.048 64.401 108.743
284.862 130.813 64.401 108.743
288.921 135.548 64.401 108.743
292.980 141.636 64.401 108.743
298.392 148.401 64.401 108.743
300.421 155.842 64.401 108.743
301.097 159.225 64.401 108.743
301.097 163.960 64.401 108.743
299.745 167.342 64.401 108.743
297.039 170.725 64.401 108.743
293.656 172.754 64.401 108.743
291.627 175.460 64.401 108.743
288.921 177.489 64.401 108.743
285.539 180.195 64.401 108.743
282.166 181.355 63.028 106.424
278.863 182.676 63.028 106.424
274.909 183.150 61.684 104.154
271.674 183.797 61.684 104.154
269.733 184.444 61.684 104.154
267.144 183.797 61.684 104.154
265.850 187.033 61.684 104.154
264.556 188.327 61.684 104.154
264.556 190.268 61.684 104.154
263.262 192.856 61.684 104.154
261.968 192.856 61.684 104.154
260.027 195.444 61.684 104.154
258.743 198.496 60.368 101.933
258.754 204.016 59.081 99.760
258.144 205.080 57.821 97.632
255.713 205.080 57.821 97.632
255.713 206.904 57.821 97.632
254.497 208.119 57.821 97.632
254.497 209.943 57.821 97.632
254.506 210.984 56.588 95.550
254.506 215.737 56.588 95.550
253.318 215.143 56.588 95.550
252.724 218.113 56.588 95.550
250.347 217.519 56.588 95.550
251.535 221.678 56.588 95.550
249.753 220.490 56.588 95.550
248.574 221.508 55.381 93.512
249.155 225.571 55.381 93.512
246.833 222.669 55.381 93.512
245.102 221.345 54.200 91.518
245.680 220.615 53.044 89.567
243.452 218.387 53.044 89.567
242.895 216.160 53.044 89.567
242.339 211.705 53.044 89.567
239.554 201.681 53.044 89.567
238.441 194.999 53.044 89.567
238.411 186.212 54.218 91.548
238.411 177.683 54.218 91.548
237.242 168.141 55.418 93.574
240.154 159.405 55.418 93.574
241.901 148.341 55.418 93.574
243.066 139.023 55.418 93.574
245.395 132.617 55.418 93.574
247.142 126.211 55.418 93.574
251.219 120.970 55.418 93.574
253.548 116.893 55.418 93.574
255.847 114.111 56.644 95.644
259.973 111.865 57.897 97.760
263.588 110.176 59.178 99.923
267.284 107.827 60.487 102.134
271.697 107.333 61.825 104.394
274.258 106.178 63.193 106.703
279.524 105.660 64.591 109.064
282.880 106.489 66.021 111.477
285.610 108.024 67.481 113.944
289.150 110.856 67.481 113.944
291.981 113.687 67.481 113.944
291.942 118.797 68.974 116.465
291.903 124.744 70.500 119.042
288.166 130.080 72.060 121.675
285.098 142.357 73.654 124.367
279.648 147.162 75.284 127.119
273.284 157.609 76.950 129.932
267.586 166.673 78.652 132.806
260.156 179.881 78.652 132.806
251.031 192.445 80.392 135.745
240.914 208.465 80.392 135.745
231.639 218.583 80.392 135.745
222.318 223.826 82.171 138.748
212.828 226.414 82.171 138.748
207.652 231.591 82.171 138.748
203.338 233.316 82.171 138.748
197.299 230.728 82.171 138.748
192.985 226.414 82.171 138.748
189.534 220.375 82.171 138.748
186.946 208.297 82.171 138.748
186.083 198.806 82.171 138.748
186.083 190.179 82.171 138.748
190.397 180.689 82.171 138.748
193.848 167.748 82.171 138.748
196.436 159.983 82.171 138.748
199.024 154.806 82.171 138.748
199.841 147.232 83.989 141.818
205.135 141.938 83.989 141.818
211.311 136.644 83.989 141.818
218.370 133.115 83.989 141.818
226.311 131.350 83.989 141.818
235.135 131.350 83.989 141.818
243.076 131.350 83.989 141.818
252.782 132.232 83.989 141.818
262.488 134.879 83.989 141.818
273.076 137.526 83.989 141.818
284.547 140.173 83.989 141.818
295.135 144.585 83.989 141.818
310.135 152.526 83.989 141.818
321.605 157.821 83.989 141.818
337.488 161.350 83.989 141.818
355.148 164.627 82.198 138.793
365.501 164.627 82.198 138.793
375.854 162.901 82.198 138.793
387.946 163.518 80.445 135.834
398.945 164.122 78.730 132.937
409.714 164.712 77.051 130.102
416.204 164.479 75.408 127.328
421.749 161.311 75.408 127.328
425.710 158.142 75.408 127.328
427.294 154.181 75.408 127.328
424.126 147.844 75.408 127.328
421.749 142.299 75.408 127.328
417.008 139.696 73.799 124.612
410.038 135.823 73.799 124.612
401.518 132.725 73.799 124.612
388.351 128.853 73.799 124.612
373.636 125.755 73.799 124.612
355.822 123.431 73.799 124.612
335.685 121.882 73.799 124.612
313.998 119.559 73.799 124.612
289.214 118.010 73.799 124.612
265.204 116.461 73.799 124.612
238.829 111.984 75.432 127.369
209.477 116.120 77.101 130.187
177.894 122.598 77.101 130.187
146.269 123.588 78.807 133.068
117.308 126.070 78.807 133.068
94.095 122.943 80.551 136.012
65.316 120.593 82.333 139.021
41.969 121.458 82.333 139.021
18.622 122.323 82.333 139.021
-1.266 118.864 82.333 139.021
-10.778 113.676 82.333 139.021
-15.102 110.217 82.333 139.021
-20.290 105.029 82.333 139.021
-19.412 98.729 80.577 136.056
-15.187 91.968 80.577 136.056
-14.342 84.362 80.577 136.056
-7.581 75.066 80.577 136.056
0.870 66.615 80.577 136.056
11.857 57.319 80.577 136.056
27.913 48.868 80.577 136.056
44.815 42.107 80.577 136.056
60.027 34.501 80.577 136.056
76.084 28.585 80.577 136.056
87.915 24.360 80.577 136.056
106.508 17.599 80.577 136.056
119.184 15.064 80.577 136.056
127.635 9.993 80.577 136.056
142.847 11.684 80.577 136.056
152.097 12.714 82.360 139.067
167.661 16.173 82.360 139.067
190.144 10.984 82.360 139.067
208.302 17.037 82.360 139.067
223.016 21.114 80.604 136.101
232.334 23.655 80.604 136.101
241.651 27.044 80.604 136.101
251.816 29.585 80.604 136.101
261.134 34.667 80.604 136.101
267.910 41.444 80.604 136.101
273.839 47.373 80.604 136.101
278.922 54.997 80.604 136.101
280.616 65.161 80.604 136.101
283.157 74.479 80.604 136.101
284.004 84.644 80.604 136.101
284.004 93.961 80.604 136.101
283.157 103.279 80.604 136.101
283.169 115.742 78.885 133.199
281.515 123.189 78.885 133.199
279.032 131.463 78.885 133.199
276.550 138.910 78.885 133.199
274.895 146.358 78.885 133.199
272.413 155.459 78.885 133.199
273.240 162.907 78.885 133.199
272.413 170.354 78.885 133.199
273.240 177.801 78.885 133.199
274.895 184.420 78.885 133.199
274.895 190.212 78.885 133.199
277.391 197.425 77.202 130.358
279.011 196.615 77.202 130.358
280.630 198.235 77.202 130.358
283.869 197.425 77.202 130.358
285.489 195.805 77.202 130.358
288.742 194.766 75.556 127.578
291.124 191.589 75.556 127.578
293.506 187.619 75.556 127.578
295.889 183.648 75.556 127.578
299.859 179.678 75.556 127.578
300.653 177.295 75.556 127.578
303.036 174.913 75.556 127.578
305.418 174.119 75.556 127.578
305.418 173.325 75.556 127.578
306.212 172.530 75.556 127.578
306.212 174.119 75.556 127.578
305.418 177.295 75.556 127.578
302.242 179.678 75.556 127.578
299.065 182.854 75.556 127.578
295.847 184.619 77.228 130.401
291.798 187.049 77.228 130.401
286.129 189.478 77.228 130.401
279.651 188.668 77.228 130.401
272.318 189.655 78.936 133.286
265.683 192.143 78.936 133.286
250.710 192.328 80.683 136.235
239.698 194.022 80.683 136.235
228.641 195.056 82.468 139.249
216.462 196.115 84.293 142.330
203.197 197.000 84.293 142.330
194.306 196.309 86.158 145.479
186.121 197.412 88.064 148.698
175.962 199.259 88.064 148.698
163.956 201.106 88.064 148.698
155.645 203.877 88.064 148.698
150.103 206.647 88.064 148.698
145.486 208.494 88.064 148.698
139.945 211.265 88.064 148.698
136.250 214.035 88.064 148.698
133.480 217.730 88.064 148.698
131.633 223.271 88.064 148.698
131.633 227.888 88.064 148.698
132.556 233.430 88.064 148.698
134.403 238.047 88.064 148.698
138.098 244.512 88.064 148.698
140.868 248.206 88.064 148.698
143.639 251.900 88.064 148.698
147.333 253.747 88.064 148.698
151.027 256.518 88.064 148.698
154.737 254.409 86.186 145.527
157.448 260.737 86.186 145.527
159.256 257.121 86.186 145.527
163.776 259.833 86.186 145.527
167.406 257.769 84.348 142.423
168.293 255.110 84.348 142.423
171.838 252.451 84.348 142.423
175.383 255.996 84.348 142.423
178.928 253.337 84.348 142.423
184.246 255.110 84.348 142.423
188.677 252.451 84.348 142.423
193.995 251.565 84.348 142.423
200.199 249.792 84.348 142.423
204.583 249.989 86.214 145.575
210.924 249.989 86.214 145.575
219.983 249.083 86.214 145.575
228.136 248.177 86.214 145.575
234.429 245.661 88.122 148.795
246.461 245.661 88.122 148.795
258.492 244.736 88.122 148.795
271.449 242.885 88.122 148.795
283.480 243.810 88.122 148.795
297.363 241.959 88.122 148.795
313.110 248.173 86.242 145.622
326.698 246.361 86.242 145.622
349.346 245.456 86.242 145.622
365.665 249.726 84.403 142.517
376.300 247.953 84.403 142.517
391.381 246.814 82.603 139.478
402.647 242.481 82.603 139.478
415.647 238.147 82.603 139.478
426.914 232.947 82.603 139.478
437.314 228.614 82.603 139.478
445.114 228.614 82.603 139.478
451.181 226.014 82.603 139.478
454.647 221.681 82.603 139.478
459.847 219.081 82.603 139.478
465.047 213.881 82.603 139.478
465.914 207.814 82.603 139.478
463.314 204.347 82.603 139.478
463.314 193.947 82.603 139.478
458.981 180.947 82.603 139.478
452.047 166.214 82.603 139.478
447.714 149.747 82.603 139.478
437.314 134.147 82.603 139.478
423.447 117.681 82.603 139.478
406.067 102.271 84.431 142.564
392.773 82.773 84.431 142.564
374.113 67.902 86.299 145.718
354.184 56.125 86.299 145.718
333.349 42.537 86.299 145.718
311.607 33.478 86.299 145.718
288.912 22.808 88.208 148.942
267.625 22.808 88.208 148.942
242.637 26.509 88.208 148.942
221.300 46.148 90.160 152.237
204.253 51.830 90.160 152.237
182.421 33.099 92.155 155.605
166.954 35.033 92.155 155.605
149.554 39.866 92.155 155.605
136.021 54.366 92.155 155.605
127.268 70.045 94.194 159.048
121.339 85.856 94.194 159.048
116.397 100.680 94.194 159.048
116.397 114.515 94.194 159.048
118.374 125.386 94.194 159.048
122.327 136.256 94.194 159.048
127.268 148.115 94.194 159.048
134.186 157.997 94.194 159.048
141.103 167.880 94.194 159.048
148.021 175.786 94.194 159.048
157.903 182.703 94.194 159.048
169.778 187.364 92.185 155.656
179.464 191.238 92.185 155.656
189.165 195.804 90.219 152.337
199.583 201.486 90.219 152.337
211.909 205.005 88.295 149.088
223.039 207.787 88.295 149.088
232.313 209.642 88.295 149.088
243.443 206.860 88.295 149.088
261.064 202.222 88.295 149.088
271.266 198.513 88.295 149.088
279.613 197.585 88.295 149.088
292.612 196.393 86.412 145.909
302.598 195.485 86.412 145.909
311.676 195.485 86.412 145.909
318.953 194.317 84.569 142.797
324.282 190.764 84.569 142.797
331.401 189.622 82.766 139.752
334.876 186.147 82.766 139.752
337.496 184.163 81.001 136.772
338.347 181.610 81.001 136.772
337.496 178.206 81.001 136.772
334.092 175.653 81.001 136.772
328.986 173.100 81.001 136.772
323.893 172.857 79.274 133.855
319.750 173.453 77.583 131.001
314.054 171.825 77.583 131.001
309.185 171.594 75.929 128.207
302.014 170.567 74.309 125.473
294.210 169.007 74.309 125.473
287.967 165.885 74.309 125.473
280.943 162.763 74.309 125.473
271.579 158.861 74.309 125.473
266.128 154.737 72.725 122.797
262.314 149.397 72.725 122.797
256.975 144.058 72.725 122.797
251.636 139.482 72.725 122.797
246.297 134.905 72.725 122.797
241.720 128.803 72.725 122.797
236.381 123.464 72.725 122.797
231.804 116.599 72.725 122.797
224.940 113.548 72.725 122.797
219.600 110.497 72.725 122.797
213.498 107.446 72.725 122.797
205.871 104.395 72.725 122.797
196.718 100.582 72.725 122.797
187.565 97.531 72.725 122.797
179.175 96.005 72.725 122.797
170.785 89.141 72.725 122.797
160.869 86.090 72.725 122.797
153.242 88.378 72.725 122.797
141.038 86.852 72.725 122.797
132.606 87.019 74.334 125.514
124.021 90.141 74.334 125.514
113.876 97.164 74.334 125.514
100.568 99.678 75.978 128.291
91.789 103.668 75.978 128.291
82.213 107.658 75.978 128.291
70.998 110.229 77.659 131.130
61.210 114.308 77.659 131.130
51.421 117.570 77.659 131.130
43.264 119.202 77.659 131.130
36.739 122.465 77.659 131.130
30.213 127.359 77.659 131.130
22.872 131.437 77.659 131.130
14.715 137.147 77.659 131.130
8.190 141.225 77.659 131.130
4.927 145.304 77.659 131.130
4.112 152.645 77.659 131.130
7.374 165.696 77.659 131.130
9.821 175.484 77.659 131.130
10.637 181.194 77.659 131.130
16.359 187.486 76.003 128.333
16.359 189.880 76.003 128.333
20.349 192.275 76.003 128.333
26.746 195.239 74.382 125.597
30.648 192.117 74.382 125.597
34.563 196.578 72.796 122.918
37.622 191.225 72.796 122.918
39.927 195.595 71.244 120.297
41.421 196.342 71.244 120.297
42.915 196.342 71.244 120.297
45.916 198.371 69.724 117.732
45.916 197.640 69.724 117.732
46.648 197.640 69.724 117.732
47.379 199.103 69.724 117.732
48.110 195.446 69.724 117.732
49.585 199.627 68.238 115.221
48.869 201.058 68.238 115.221
48.154 203.205 68.238 115.221
48.154 199.627 68.238 115.221
48.154 201.774 68.238 115.221
47.438 203.921 68.238 115.221
46.007 204.637 68.238 115.221
45.291 204.637 68.238 115.221
43.860 204.637 68.238 115.221
41.673 203.362 69.747 117.770
40.211 202.631 69.747 117.770
38.748 201.168 69.747 117.770
38.029 203.155 68.260 115.259
37.325 202.237 66.804 112.801
36.634 203.440 65.380 110.395
35.947 203.440 65.380 110.395
33.202 203.440 65.380 110.395
33.213 204.617 63.985 108.041
33.895 205.769 62.621 105.737
31.925 205.769 62.621 105.737
31.268 206.426 62.621 105.737
29.954 207.082 62.621 105.737
27.327 209.053 62.621 105.737
24.053 212.808 61.286 103.482
20.205 222.272 59.979 101.275
17.687 226.678 59.979 101.275
16.428 224.160 59.979 101.275
15.170 222.902 59.979 101.275
12.652 225.419 59.979 101.275
11.393 223.531 59.979 101.275
9.505 226.678 59.979 101.275
10.134 224.160 59.979 101.275
6.358 228.566 59.979 101.275
9.515 226.499 58.700 99.116
4.589 232.656 58.700 99.116
6.437 230.193 58.700 99.116
2.742 237.581 58.700 99.116
2.709 235.869 59.998 101.309
1.450 239.646 59.998 101.309
2.079 244.052 59.998 101.309
1.416 244.190 61.326 103.550
2.059 245.476 61.326 103.550
2.059 247.405 61.326 103.550
2.023 247.546 62.683 105.841
3.341 248.864 62.683 105.841
4.659 250.840 62.683 105.841
6.635 252.158 62.683 105.841
7.953 253.476 62.683 105.841
7.953 255.452 62.683 105.841
9.270 256.111 62.683 105.841
11.247 257.429 62.683 105.841
11.906 258.746 62.683 105.841
12.530 259.552 64.069 108.183
13.839 260.373 65.487 110.576
14.527 261.061 65.487 110.576
15.215 261.749 65.487 110.576
16.556 262.591 66.936 113.023
15.815 264.148 68.417 115.523
16.494 266.458 69.931 118.079
17.920 267.352 71.478 120.692
20.173 268.854 71.478 120.692
21.675 270.356 71.478 120.692
22.426 272.609 71.478 120.692
21.675 273.360 71.478 120.692
22.386 272.776 73.059 123.362
23.111 272.944 74.676 126.092
23.854 272.334 76.328 128.881
25.458 273.938 76.328 128.881
26.217 271.710 78.017 131.733
28.676 270.071 78.017 131.733
29.496 270.071 78.017 131.733
31.954 269.251 78.017 131.733
33.550 266.155 79.743 134.647
36.062 264.480 79.743 134.647
37.737 262.806 79.743 134.647
39.411 261.131 79.743 134.647
41.923 259.457 79.743 134.647
43.597 257.782 79.743 134.647
46.109 256.945 79.743 134.647
48.576 253.781 81.507 137.627
51.094 249.694 83.310 140.672
52.796 245.514 85.154 143.784
54.584 243.726 85.154 143.784
57.266 240.149 85.154 143.784
59.007 236.770 87.038 146.965
60.785 233.317 88.963 150.217
64.468 230.722 90.932 153.540
67.281 234.753 92.943 156.937
72.164 228.894 92.943 156.937
74.065 224.229 95.000 160.410
76.008 227.444 97.102 163.959
85.200 226.134 95.031 160.462
89.192 224.138 95.031 160.462
95.181 226.134 95.031 160.462
98.175 227.132 95.031 160.462
103.165 227.132 95.031 160.462
108.155 227.132 95.031 160.462
114.143 227.132 95.031 160.462
121.130 227.132 95.031 160.462
129.114 227.132 95.031 160.462
138.096 229.128 95.031 160.462
144.085 227.132 95.031 160.462
149.075 227.132 95.031 160.462
154.065 225.136 95.031 160.462
159.055 223.140 95.031 160.462
165.043 220.145 95.031 160.462
171.032 216.153 95.031 160.462
176.022 213.159 95.031 160.462
181.012 211.163 95.031 160.462
185.004 207.171 95.031 160.462
187.998 203.179 95.031 160.462
192.988 200.185 95.031 160.462
196.981 198.189 95.031 160.462
201.971 195.194 95.031 160.462
205.963 194.196 95.031 160.462
210.953 192.200 95.031 160.462
216.941 192.200 95.031 160.462
221.932 190.204 95.031 160.462
226.922 189.206 95.031 160.462
230.914 187.210 95.031 160.462
234.906 187.210 95.031 160.462
236.902 184.216 95.031 160.462
238.898 183.218 95.031 160.462
242.890 181.222 95.031 160.462
244.886 180.224 95.031 160.462
247.881 179.226 95.031 160.462
248.879 178.228 95.031 160.462
249.877 177.230 95.031 160.462
251.888 177.943 93.004 157.040
253.841 176.966 93.004 157.040
251.888 175.990 93.004 157.040
252.864 174.037 93.004 157.040
251.888 171.107 93.004 157.040
254.833 169.852 91.021 153.691
251.984 169.581 89.080 150.414
252.919 168.646 89.080 150.414
253.854 166.775 89.080 150.414
251.984 163.970 89.080 150.414
251.984 161.164 89.080 150.414
251.048 156.487 89.080 150.414
250.113 151.811 89.080 150.414
252.919 149.005 89.080 150.414
251.984 146.199 89.080 150.414
251.984 144.328 89.080 150.414
253.854 142.458 89.080 150.414
256.660 141.523 89.080 150.414
257.595 140.587 89.080 150.414
256.660 137.781 89.080 150.414
259.466 135.911 89.080 150.414
260.401 134.040 89.080 150.414
263.222 132.838 87.180 147.206
265.969 131.007 87.180 147.206
268.716 132.838 87.180 147.206
266.884 128.260 87.180 147.206
273.294 131.007 87.180 147.206
275.126 126.428 87.180 147.206
276.041 124.597 87.180 147.206
278.788 123.681 87.180 147.206
281.487 123.884 89.109 150.463
280.551 122.949 89.109 150.463
283.357 121.078 89.109 150.463
285.228 121.078 89.109 150.463
288.969 121.078 89.109 150.463
291.775 120.143 89.109 150.463
295.516 122.014 89.109 150.463
293.645 118.272 89.109 150.463
297.387 117.337 89.109 150.463
295.516 115.466 89.109 150.463
297.401 115.200 87.209 147.254
300.148 115.200 87.209 147.254
302.896 114.285 87.209 147.254
300.148 108.790 87.209 147.254
301.980 109.706 87.209 147.254
298.317 104.212 87.209 147.254
301.064 108.790 87.209 147.254
298.317 102.381 87.209 147.254
300.148 105.128 87.209 147.254
297.352 101.667 89.138 150.512
297.352 100.732 89.138 150.512
295.482 99.797 89.138 150.512
297.352 97.926 89.138 150.512
295.482 98.861 89.138 150.512
294.546 96.991 89.138 150.512
294.546 96.991 89.138 150.512
293.611 96.056 89.138 150.512
293.611 95.120 89.138 150.512
293.611 94.185 89.138 150.512
293.611 93.250 89.138 150.512
292.676 91.379 89.138 150.512
292.676 90.444 89.138 150.512
292.676 90.444 89.138 150.512
292.676 89.508 89.138 150.512
291.741 88.573 89.138 150.512
292.676 87.638 89.138 150.512
291.741 87.638 89.138 150.512
292.676 87.638 89.138 150.512
292.676 87.638 89.138 150.512
293.611 87.638 89.138 150.512
293.611 87.638 89.138 150.512
294.546 88.573 89.138 150.512
294.546 90.444 89.138 150.512
294.546 92.314 89.138 150.512
293.611 96.991 89.138 150.512
295.482 103.538 89.138 150.512
296.417 108.214 89.138 150.512
297.352 112.891 89.138 150.512
297.352 116.632 89.138 150.512
296.417 122.244 89.138 150.512
296.417 125.985 89.138 150.512
299.238 135.072 87.238 147.303
298.322 138.735 87.238 147.303
299.238 144.229 87.238 147.303
302.000 148.547 85.377 144.161
306.494 155.460 83.556 141.087
306.509 159.594 81.775 138.078
309.944 164.747 81.775 138.078
314.251 167.078 80.031 135.134
317.608 167.917 80.031 135.134
322.658 169.358 78.324 132.252
327.587 170.180 78.324 132.252
334.981 168.537 78.324 132.252
342.375 166.072 78.324 132.252
348.948 163.607 78.324 132.252
355.475 158.858 80.057 135.178
360.522 154.652 80.057 135.178
365.525 159.045 81.828 138.169
382.702 152.174 81.828 138.169
387.808 156.658 83.639 141.226
407.134 147.873 83.639 141.226
428.216 155.779 83.639 141.226
436.122 154.022 83.639 141.226
446.676 150.258 81.855 138.214
457.855 122.531 80.109 135.267
464.584 116.643 80.109 135.267
465.439 119.768 78.401 132.382
467.922 116.238 76.729 129.559
469.533 117.850 76.729 129.559
466.310 113.820 76.729 129.559
463.086 110.597 76.729 129.559
459.057 109.791 76.729 129.559
451.804 108.985 76.729 129.559
435.643 124.475 78.427 132.426
419.129 130.422 80.162 135.356
409.830 123.878 81.936 138.350
398.594 118.904 83.748 141.411
389.810 111.877 83.748 141.411
378.342 114.704 85.601 144.540
367.517 111.309 87.495 147.738
361.094 103.968 87.495 147.738
355.588 98.462 87.495 147.738
349.164 94.792 87.495 147.738
342.741 92.039 87.495 147.738
337.235 88.368 87.495 147.738
333.564 85.615 87.495 147.738
328.991 81.685 85.629 144.587
328.093 81.685 85.629 144.587
328.108 77.838 83.803 141.504
328.121 74.065 82.016 138.486
328.996 68.655 80.267 135.533
328.165 65.884 78.555 132.643
329.003 66.473 76.880 129.814
330.631 71.089 75.241 127.046
329.852 71.653 73.636 124.337
330.638 74.524 72.066 121.685
331.406 76.578 70.529 119.090
329.183 78.061 70.529 119.090
326.959 81.026 70.529 119.090
322.512 85.473 70.529 119.090
318.806 91.402 70.529 119.090
312.877 99.555 70.529 119.090
304.724 107.708 70.529 119.090
300.277 115.861 70.529 119.090
292.124 124.755 70.529 119.090
286.896 129.367 72.090 121.725
282.315 134.075 73.685 124.418
274.589 146.436 73.685 124.418
267.636 147.981 73.685 124.418
261.456 151.071 73.685 124.418
254.503 160.342 73.685 124.418
249.825 157.420 75.315 127.171
245.041 153.643 76.981 129.985
242.617 147.180 76.981 129.985
240.150 138.472 78.684 132.860
240.150 129.391 78.684 132.860
238.499 121.136 78.684 132.860
238.499 113.707 78.684 132.860
238.499 103.801 78.684 132.860
239.324 98.023 78.684 132.860
236.803 91.600 80.425 135.800
238.493 83.149 80.425 135.800
239.338 75.543 80.425 135.800
240.139 70.660 82.205 138.805
241.818 66.537 84.023 141.876
240.888 60.555 85.882 145.015
241.790 56.046 85.882 145.015
239.036 52.637 87.783 148.223
238.987 51.919 89.725 151.503
234.281 49.096 89.725 151.503
232.347 51.184 91.710 154.855
227.481 51.397 93.739 158.281
223.492 51.615 95.813 161.783
218.462 50.609 95.813 161.783
211.421 48.597 95.813 161.783
203.374 44.573 95.813 161.783
195.327 51.615 95.813 161.783
190.297 56.644 95.813 161.783
183.256 53.626 95.813 161.783
186.274 62.679 95.813 161.783
179.233 59.662 95.813 161.783
171.186 57.650 95.813 161.783
163.139 53.626 95.813 161.783
153.080 52.620 95.813 161.783
146.039 48.597 95.813 161.783
141.009 46.585 95.813 161.783
132.908 47.813 97.933 165.362
128.798 46.786 97.933 165.362
126.743 45.758 97.933 165.362
123.661 43.703 97.933 165.362
125.716 42.676 97.933 165.362
123.661 41.648 97.933 165.362
126.743 42.676 97.933 165.362
124.688 40.621 97.933 165.362
127.771 39.593 97.933 165.362
127.771 38.566 97.933 165.362
128.798 38.566 97.933 165.362
131.881 38.566 97.933 165.362
134.980 39.302 95.844 161.836
137.008 42.033 93.801 158.384
134.055 41.049 93.801 158.384
137.992 41.049 93.801 158.384
136.023 43.018 93.801 158.384
135.039 44.986 93.801 158.384
134.055 45.970 93.801 158.384
134.055 45.970 93.801 158.384
132.086 44.986 93.801 158.384
133.070 44.002 93.801 158.384
130.117 44.986 93.801 158.384
128.149 44.986 93.801 158.384
123.174 44.218 95.876 161.889
123.174 45.224 95.876 161.889
122.168 45.224 95.876 161.889
120.156 45.224 95.876 161.889
119.150 47.236 95.876 161.889
118.144 47.236 95.876 161.889
117.139 49.248 95.876 161.889
113.060 51.480 97.997 165.471
114.090 53.539 97.997 165.471
112.031 54.569 97.997 165.471
109.917 57.885 100.165 169.132
114.138 61.791 98.029 165.525
113.125 60.467 95.939 161.995
113.125 63.491 95.939 161.995
112.117 63.491 95.939 161.995
112.117 64.499 95.939 161.995
112.117 65.506 95.939 161.995
111.109 64.499 95.939 161.995
110.101 66.514 95.939 161.995
111.109 63.491 95.939 161.995
109.093 64.499 95.939 161.995
110.101 63.491 95.939 161.995
109.093 62.483 95.939 161.995
110.101 61.475 95.939 161.995
110.101 62.483 95.939 161.995
110.101 61.475 95.939 161.995
112.117 61.475 95.939 161.995
111.109 61.475 95.939 161.995
111.109 60.467 95.939 161.995
111.109 59.459 95.939 161.995
111.109 57.444 95.939 161.995
111.109 58.452 95.939 161.995
118.179 57.155 93.893 158.540
117.193 59.128 93.893 158.540
116.207 61.100 93.893 158.540
117.193 60.114 93.893 158.540
118.179 61.100 93.893 158.540
124.112 58.846 91.891 155.159
121.217 62.705 91.891 155.159
125.076 57.881 91.891 155.159
130.880 58.571 89.931 151.851
136.554 55.474 88.013 148.612
135.631 57.321 88.013 148.612
142.110 53.365 86.136 145.443
146.644 54.916 84.299 142.342
151.965 55.549 82.502 139.306
156.311 55.301 80.742 136.335
158.866 55.061 79.020 133.428
162.197 54.824 77.335 130.583
164.645 53.781 75.686 127.798
167.835 56.732 74.072 125.072
169.391 55.954 74.072 125.072
171.727 55.954 74.072 125.072
173.295 54.174 72.492 122.405
174.829 52.436 70.947 119.795
177.075 53.713 69.434 117.240
177.805 53.713 69.434 117.240
177.805 52.984 69.434 117.240
178.534 52.254 69.434 117.240
180.004 51.316 67.953 114.740
180.004 49.889 67.953 114.740
178.539 48.619 69.456 117.279
178.539 47.161 69.456 117.279
180.738 46.952 67.975 114.778
181.463 46.035 66.526 112.330
182.161 46.035 66.526 112.330
182.161 43.243 66.526 112.330
183.557 43.243 66.526 112.330
184.953 42.545 66.526 112.330
186.349 42.545 66.526 112.330
188.443 41.149 66.526 112.330
191.933 39.753 66.526 112.330
192.631 40.451 66.526 112.330
196.122 41.847 66.526 112.330
198.914 42.545 66.526 112.330
201.008 43.941 66.526 112.330
203.102 44.639 66.526 112.330
205.207 46.535 65.107 109.935
207.945 46.535 65.107 109.935
205.892 45.850 65.107 109.935
209.313 46.535 65.107 109.935
208.629 46.535 65.107 109.935
209.313 45.850 65.107 109.935
211.376 47.023 63.718 107.590
211.376 45.685 63.718 107.590
212.713 46.354 63.718 107.590
213.382 47.023 63.718 107.590
212.713 46.354 63.718 107.590
214.051 45.017 63.718 107.590
214.719 46.354 63.718 107.590
215.399 47.501 62.360 105.296
215.399 46.846 62.360 105.296
215.399 46.846 62.360 105.296
215.399 47.501 62.360 105.296
214.744 47.501 62.360 105.296
214.744 48.156 62.360 105.296
214.089 48.811 62.360 105.296
212.779 49.466 62.360 105.296
212.779 49.466 62.360 105.296
211.469 50.121 62.360 105.296
210.814 50.776 62.360 105.296
209.504 50.776 62.360 105.296
207.540 51.431 62.360 105.296
206.885 50.121 62.360 105.296
206.885 50.776 62.360 105.296
206.230 50.121 62.360 105.296
207.550 51.243 61.030 103.050
208.191 50.602 61.030 103.050
207.550 51.243 61.030 103.050
209.473 50.602 61.030 103.050
209.473 51.243 61.030 103.050
210.756 50.602 61.030 103.050
212.038 50.602 61.030 103.050
212.679 49.320 61.030 103.050
213.962 49.320 61.030 103.050
215.244 49.320 61.030 103.050
215.885 48.038 61.030 103.050
217.809 46.755 61.030 103.050
219.091 47.396 61.030 103.050
219.091 47.396 61.030 103.050
220.373 48.038 61.030 103.050
222.297 47.396 61.030 103.050
223.579 48.038 61.030 103.050
224.862 47.396 61.030 103.050
226.785 48.038 61.030 103.050
227.392 45.615 62.380 105.330
228.702 47.580 62.380 105.330
229.322 47.070 63.760 107.661
229.954 47.216 65.171 110.043
231.322 47.900 65.171 110.043
232.654 47.367 66.613 112.477
232.617 47.523 68.087 114.966
233.333 49.670 68.087 114.966
235.480 51.817 68.087 114.966
239.059 54.680 68.087 114.966
239.059 56.827 68.087 114.966
244.068 58.974 68.087 114.966
247.647 61.121 68.087 114.966
252.657 63.268 68.087 114.966
256.951 65.415 68.087 114.966
262.676 68.993 68.087 114.966
266.970 73.288 68.087 114.966
271.265 77.582 68.087 114.966
276.990 82.592 68.087 114.966
282.715 89.748 68.087 114.966
286.972 96.349 69.593 117.510
292.092 101.469 69.593 117.510
297.211 108.051 69.593 117.510
300.098 115.528 71.133 120.110
303.834 123.745 71.133 120.110
308.316 131.216 71.133 120.110
311.304 137.939 71.133 120.110
312.758 140.346 72.707 122.767
314.242 142.802 74.315 125.483
314.981 144.535 75.959 128.259
316.577 149.323 75.959 128.259
316.577 152.515 75.959 128.259
315.779 156.506 75.959 128.259
315.779 159.698 75.959 128.259
315.779 162.890 75.959 128.259
314.981 164.486 75.959 128.259
314.183 168.476 75.959 128.259
312.587 170.870 75.959 128.259
311.789 172.466 75.959 128.259
310.193 175.658 75.959 128.259
308.597 180.447 75.959 128.259
307.799 182.841 75.959 128.259
307.001 187.629 75.959 128.259
307.001 190.023 75.959 128.259
307.799 192.417 75.959 128.259
308.597 195.609 75.959 128.259
309.395 198.802 75.959 128.259
310.991 201.994 75.959 128.259
313.385 202.792 75.959 128.259
314.981 205.984 75.959 128.259
318.971 208.378 75.959 128.259
320.567 211.570 75.959 128.259
323.759 213.166 75.959 128.259
326.952 213.964 75.959 128.259
330.144 215.560 75.959 128.259
332.538 217.157 75.959 128.259
335.730 217.955 75.959 128.259
338.922 218.753 75.959 128.259
341.316 219.551 75.959 128.259
342.912 219.551 75.959 128.259
344.508 219.551 75.959 128.259
345.307 219.551 75.959 128.259
345.307 219.551 75.959 128.259
345.307 219.551 75.959 128.259
345.307 219.551 75.959 128.259
343.710 219.551 75.959 128.259
342.114 218.753 75.959 128.259
339.720 218.753 75.959 128.259
