256.000 152.000 73.000 210.000
256.000 153.080 73.000 210.000
256.000 152.000 73.000 210.000
256.000 152.000 73.000 210.000
256.000 152.000 73.000 210.000
256.000 152.000 73.000 210.000
256.000 153.080 73.000 210.000
256.000 152.000 73.000 210.000
256.000 153.080 73.000 210.000
254.920 152.000 73.000 210.000
254.920 152.000 73.000 210.000
254.920 153.080 73.000 210.000
254.920 152.000 73.000 210.000
254.920 152.000 73.000 210.000
254.920 152.000 73.000 210.000
254.920 152.000 73.000 210.000
254.920 153.080 73.000 210.000
254.920 152.000 73.000 210.000
254.920 153.080 73.000 210.000
254.920 152.000 73.000 210.000
254.920 153.080 73.000 210.000
254.920 152.000 73.000 210.000
254.920 152.000 73.000 210.000
254.920 153.080 73.000 210.000
254.920 152.000 73.000 210.000
254.920 152.000 73.000 210.000
254.920 153.080 73.000 210.000
254.920 152.000 73.000 210.000
254.920 152.000 73.000 210.000
254.920 153.080 73.000 210.000
254.920 152.000 73.000 210.000
254.920 153.080 73.000 210.000
254.920 152.000 73.000 210.000
254.920 152.000 73.000 210.000
254.920 152.000 73.000 210.000
254.920 152.000 73.000 210.000
254.920 153.080 73.000 210.000
254.920 152.000 73.000 210.000
254.920 153.080 73.000 210.000
254.920 152.000 73.000 210.000
254.920 152.000 73.000 210.000
254.920 153.080 73.000 210.000
254.920 152.000 73.000 210.000
254.920 153.080 73.000 210.000
254.920 152.000 73.000 210.000
254.920 153.080 73.000 210.000
254.920 152.000 73.000 210.000
254.920 153.080 73.000 210.000
254.920 152.000 73.000 210.000
254.920 153.080 73.000 210.000
254.920 152.000 73.000 210.000
254.920 153.080 73.000 210.000
254.920 152.000 73.000 210.000
254.920 153.080 73.000 210.000
254.920 152.000 73.000 210.000
254.920 153.080 73.000 210.000
254.920 152.000 73.000 210.000
254.920 153.080 73.000 210.000
254.920 152.000 73.000 210.000
254.920 153.080 73.000 210.000
254.920 152.000 73.000 210.000
254.920 153.080 73.000 210.000
254.920 152.000 73.000 210.000
254.920 153.080 73.000 210.000
254.920 152.000 73.000 210.000
254.920 153.080 73.000 210.000
254.920 152.000 73.000 210.000
254.920 153.080 73.000 210.000
254.920 152.000 73.000 210.000
254.920 152.000 73.000 210.000
254.920 153.080 73.000 210.000
254.920 152.000 73.000 210.000
254.920 153.080 73.000 210.000
254.920 152.000 73.000 210.000
254.920 153.080 73.000 210.000
254.920 152.000 73.000 210.000
254.920 153.080 73.000 210.000
254.920 152.000 73.000 210.000
254.920 153.080 73.000 210.000
254.920 152.000 73.000 210.000
254.920 153.080 73.000 210.000
254.920 152.000 73.000 210.000
254.920 152.000 73.000 210.000
254.920 153.080 73.000 210.000
254.920 152.000 73.000 210.000
254.920 153.080 73.000 210.000
254.920 152.000 73.000 210.000
254.920 153.080 73.000 210.000
254.920 152.000 73.000 210.000
254.920 153.080 73.000 210.000
254.920 152.000 73.000 210.000
254.920 153.080 73.000 210.000
254.920 152.000 73.000 210.000
254.920 153.080 73.000 210.000
254.920 152.000 73.000 210.000
254.920 152.000 73.000 210.000
254.920 153.080 73.000 210.000
254.920 152.000 73.000 210.000
254.920 153.080 73.000 210.000
254.920 152.000 73.000 210.000
254.920 153.080 73.000 210.000
254.920 152.000 73.000 210.000
254.920 153.080 73.000 210.000
254.920 152.000 73.000 210.000
254.920 152.000 73.000 210.000
254.920 152.000 73.000 210.000
254.920 153.080 73.000 210.000
254.920 152.000 73.000 210.000
256.000 152.000 73.000 210.000
256.000 153.080 73.000 210.000
256.000 152.000 73.000 210.000
257.080 152.000 73.000 210.000
257.080 152.000 73.000 210.000
257.859 154.239 71.443 205.522
257.859 154.239 71.443 205.522
257.859 154.239 71.443 205.522
257.859 154.239 71.443 205.522
257.859 154.239 71.443 205.522
257.859 154.239 71.443 205.522
257.859 154.239 71.443 205.522
257.859 155.298 71.443 205.522
257.859 154.239 71.443 205.522
257.859 155.298 71.443 205.522
257.859 154.239 71.443 205.522
257.859 154.239 71.443 205.522
257.859 155.298 71.443 205.522
257.859 154.239 71.443 205.522
257.859 155.298 71.443 205.522
257.859 155.298 71.443 205.522
257.859 155.298 71.443 205.522
257.859 154.239 71.443 205.522
257.859 155.298 71.443 205.522
257.859 154.239 71.443 205.522
257.859 154.239 71.443 205.522
257.859 154.239 71.443 205.522
257.859 155.298 71.443 205.522
257.859 154.239 71.443 205.522
257.859 155.298 71.443 205.522
257.859 154.239 71.443 205.522
257.859 154.239 71.443 205.522
257.859 154.239 71.443 205.522
257.859 154.239 71.443 205.522
257.859 154.239 71.443 205.522
257.859 154.239 71.443 205.522
257.859 154.239 71.443 205.522
257.859 154.239 71.443 205.522
257.859 155.298 71.443 205.522
257.859 154.239 71.443 205.522
257.859 154.239 71.443 205.522
257.859 154.239 71.443 205.522
257.859 154.239 71.443 205.522
257.859 154.239 71.443 205.522
257.859 154.239 71.443 205.522
257.859 154.239 71.443 205.522
257.859 154.239 71.443 205.522
257.859 154.239 71.443 205.522
257.859 154.239 71.443 205.522
257.859 154.239 71.443 205.522
257.859 154.239 71.443 205.522
257.859 154.239 71.443 205.522
257.859 155.298 71.443 205.522
257.859 154.239 71.443 205.522
257.859 154.239 71.443 205.522
257.859 154.239 71.443 205.522
257.859 154.239 71.443 205.522
257.859 154.239 71.443 205.522
257.859 154.239 71.443 205.522
257.859 154.239 71.443 205.522
257.859 154.239 71.443 205.522
257.859 154.239 71.443 205.522
257.859 154.239 71.443 205.522
257.859 154.239 71.443 205.522
257.859 154.239 71.443 205.522
257.859 154.239 71.443 205.522
257.859 154.239 71.443 205.522
257.859 155.298 71.443 205.522
257.859 154.239 71.443 205.522
257.859 154.239 71.443 205.522
257.859 154.239 71.443 205.522
257.859 154.239 71.443 205.522
257.859 155.298 71.443 205.522
257.859 154.239 71.443 205.522
258.918 155.298 71.443 205.522
257.859 154.239 71.443 205.522
257.859 154.239 71.443 205.522
257.859 154.239 71.443 205.522
257.859 154.239 71.443 205.522
257.859 154.239 71.443 205.522
257.859 154.239 71.443 205.522
257.859 154.239 71.443 205.522
257.859 154.239 71.443 205.522
257.859 155.298 71.443 205.522
257.859 155.298 71.443 205.522
257.859 154.239 71.443 205.522
257.859 155.298 71.443 205.522
257.859 155.298 71.443 205.522
257.859 155.298 71.443 205.522
257.859 154.239 71.443 205.522
257.859 155.298 71.443 205.522
257.859 154.239 71.443 205.522
257.859 154.239 71.443 205.522
257.859 155.298 71.443 205.522
257.859 154.239 71.443 205.522
257.859 155.298 71.443 205.522
257.859 154.239 71.443 205.522
257.859 155.298 71.443 205.522
257.859 155.298 71.443 205.522
257.859 154.239 71.443 205.522
257.859 154.239 71.443 205.522
257.859 154.239 71.443 205.522
257.859 154.239 71.443 205.522
257.859 154.239 71.443 205.522
257.859 154.239 71.443 205.522
257.859 155.298 71.443 205.522
257.859 154.239 71.443 205.522
257.859 154.239 71.443 205.522
257.859 154.239 71.443 205.522
257.859 154.239 71.443 205.522
257.859 154.239 71.443 205.522
257.859 154.239 71.443 205.522
256.800 154.239 71.443 205.522
256.010 151.966 73.024 210.069
256.010 153.048 73.024 210.069
256.010 153.048 73.024 210.069
256.010 153.048 73.024 210.069
256.010 151.966 73.024 210.069
256.010 151.966 73.024 210.069
256.010 150.883 73.024 210.069
256.010 150.883 73.024 210.069
256.788 155.288 71.467 205.589
255.729 154.229 71.467 205.589
255.729 154.229 71.467 205.589
255.729 154.229 71.467 205.589
255.729 153.170 71.467 205.589
254.671 155.288 71.467 205.589
254.671 154.229 71.467 205.589
254.671 154.229 71.467 205.589
254.671 153.170 71.467 205.589
254.671 154.229 71.467 205.589
254.671 153.170 71.467 205.589
254.671 155.288 71.467 205.589
254.671 154.229 71.467 205.589
254.671 153.170 71.467 205.589
254.671 155.288 71.467 205.589
254.671 154.229 71.467 205.589
254.671 153.170 71.467 205.589
254.671 154.229 71.467 205.589
254.671 153.170 71.467 205.589
254.671 154.229 71.467 205.589
254.671 153.170 71.467 205.589
254.671 154.229 71.467 205.589
254.671 153.170 71.467 205.589
254.671 154.229 71.467 205.589
254.671 153.170 71.467 205.589
254.671 154.229 71.467 205.589
254.671 153.170 71.467 205.589
254.671 154.229 71.467 205.589
254.671 153.170 71.467 205.589
254.671 154.229 71.467 205.589
254.671 153.170 71.467 205.589
254.671 154.229 71.467 205.589
254.671 153.170 71.467 205.589
254.671 154.229 71.467 205.589
254.671 153.170 71.467 205.589
254.671 154.229 71.467 205.589
254.671 153.170 71.467 205.589
254.671 154.229 71.467 205.589
254.671 153.170 71.467 205.589
254.671 154.229 71.467 205.589
254.671 153.170 71.467 205.589
254.671 154.229 71.467 205.589
254.671 153.170 71.467 205.589
254.671 154.229 71.467 205.589
254.671 153.170 71.467 205.589
254.671 154.229 71.467 205.589
254.671 153.170 71.467 205.589
254.671 154.229 71.467 205.589
254.671 153.170 71.467 205.589
254.671 154.229 71.467 205.589
254.671 153.170 71.467 205.589
255.729 154.229 71.467 205.589
255.729 153.170 71.467 205.589
255.729 154.229 71.467 205.589
255.729 153.170 71.467 205.589
255.729 154.229 71.467 205.589
255.729 153.170 71.467 205.589
255.729 154.229 71.467 205.589
255.729 153.170 71.467 205.589
255.729 155.288 71.467 205.589
255.729 154.229 71.467 205.589
255.729 154.229 71.467 205.589
255.729 154.229 71.467 205.589
255.729 154.229 71.467 205.589
255.729 154.229 71.467 205.589
255.729 154.229 71.467 205.589
255.729 154.229 71.467 205.589
255.729 154.229 71.467 205.589
255.729 154.229 71.467 205.589
255.729 154.229 71.467 205.589
255.729 154.229 71.467 205.589
255.729 154.229 71.467 205.589
255.729 154.229 71.467 205.589
255.729 154.229 71.467 205.589
255.729 154.229 71.467 205.589
255.729 154.229 71.467 205.589
255.729 154.229 71.467 205.589
255.729 154.229 71.467 205.589
255.729 154.229 71.467 205.589
255.729 154.229 71.467 205.589
255.729 153.170 71.467 205.589
255.729 153.170 71.467 205.589
255.729 154.229 71.467 205.589
254.671 153.170 71.467 205.589
254.671 153.170 71.467 205.589
253.612 153.170 71.467 205.589
252.553 152.111 71.467 205.589
252.553 151.053 71.467 205.589
252.553 149.994 71.467 205.589
252.553 148.935 71.467 205.589
253.315 149.009 69.943 201.205
253.315 146.939 69.943 201.205
253.315 144.868 69.943 201.205
252.280 141.762 69.943 201.205
251.244 139.692 69.943 201.205
250.209 135.551 69.943 201.205
249.174 132.445 69.943 201.205
249.174 129.339 69.943 201.205
138.397 167.645 69.943 201.205
137.362 168.680 69.943 201.205
137.362 168.680 69.943 201.205
137.362 168.680 69.943 201.205
138.108 171.861 68.451 196.914
140.865 174.974 66.991 192.715
138.881 174.974 66.991 192.715
138.881 174.974 66.991 192.715
138.881 174.974 66.991 192.715
138.881 174.974 66.991 192.715
138.881 174.974 66.991 192.715
138.881 174.974 66.991 192.715
139.873 175.966 66.991 192.715
140.865 175.966 66.991 192.715
141.857 176.958 66.991 192.715
141.857 175.966 66.991 192.715
141.857 175.966 66.991 192.715
141.857 174.974 66.991 192.715
141.857 173.982 66.991 192.715
141.857 173.982 66.991 192.715
140.865 173.982 66.991 192.715
140.865 173.982 66.991 192.715
141.857 173.982 66.991 192.715
141.857 173.982 66.991 192.715
141.857 173.982 66.991 192.715
141.857 173.982 66.991 192.715
141.857 173.982 66.991 192.715
141.857 174.974 66.991 192.715
141.857 173.982 66.991 192.715
141.857 174.974 66.991 192.715
141.857 174.974 66.991 192.715
141.857 174.974 66.991 192.715
141.857 174.974 66.991 192.715
141.857 174.974 66.991 192.715
141.857 174.974 66.991 192.715
141.857 174.974 66.991 192.715
141.857 174.974 66.991 192.715
141.857 174.974 66.991 192.715
141.857 173.982 66.991 192.715
141.857 174.974 66.991 192.715
141.857 174.974 66.991 192.715
141.857 173.982 66.991 192.715
141.857 173.982 66.991 192.715
140.865 173.982 66.991 192.715
140.865 173.982 66.991 192.715
140.865 172.990 66.991 192.715
140.865 173.982 66.991 192.715
140.865 173.982 66.991 192.715
140.865 172.990 66.991 192.715
141.857 173.982 66.991 192.715
141.857 172.990 66.991 192.715
141.857 173.982 66.991 192.715
142.849 173.982 66.991 192.715
142.849 172.990 66.991 192.715
142.849 172.990 66.991 192.715
142.849 172.990 66.991 192.715
142.849 173.982 66.991 192.715
142.849 172.990 66.991 192.715
142.849 173.982 66.991 192.715
142.849 172.990 66.991 192.715
142.849 173.982 66.991 192.715
142.849 173.982 66.991 192.715
142.849 172.990 66.991 192.715
142.849 173.982 66.991 192.715
142.849 172.990 66.991 192.715
142.849 173.982 66.991 192.715
142.849 172.990 66.991 192.715
142.849 173.982 66.991 192.715
142.849 172.990 66.991 192.715
142.849 173.982 66.991 192.715
142.849 172.990 66.991 192.715
142.849 173.982 66.991 192.715
142.849 174.974 66.991 192.715
142.849 174.974 66.991 192.715
142.849 175.966 66.991 192.715
142.849 175.966 66.991 192.715
142.849 175.966 66.991 192.715
142.849 175.966 66.991 192.715
142.849 174.974 66.991 192.715
143.842 175.966 66.991 192.715
143.842 176.958 66.991 192.715
144.834 175.966 66.991 192.715
144.834 176.958 66.991 192.715
144.834 175.966 66.991 192.715
144.834 175.966 66.991 192.715
143.100 172.842 68.474 196.979
141.073 172.842 68.474 196.979
141.073 173.856 68.474 196.979
141.073 173.856 68.474 196.979
143.100 172.842 68.474 196.979
146.142 173.856 68.474 196.979
149.913 176.970 67.013 192.778
144.211 171.861 68.496 197.043
138.384 168.667 70.011 201.403
132.424 164.365 71.560 205.859
130.306 170.718 71.560 205.859
136.926 164.205 73.144 210.413
137.199 157.548 74.762 215.069
143.019 150.737 76.416 219.827
150.094 146.043 78.107 224.691
160.798 142.400 79.835 229.662
147.792 142.400 79.835 229.662
178.533 141.218 79.835 229.662
187.109 135.130 81.601 234.744
192.246 130.118 83.407 239.937
205.834 126.412 83.407 239.937
216.606 124.029 81.628 234.820
220.229 125.237 81.628 234.820
226.268 125.237 81.628 234.820
230.762 122.909 79.887 229.813
235.492 125.274 79.887 229.813
239.039 127.639 79.887 229.813
242.586 127.639 79.887 229.813
245.802 131.271 78.184 224.912
246.959 132.428 78.184 224.912
248.116 133.585 78.184 224.912
135.900 157.879 78.184 224.912
135.577 161.434 76.516 220.116
136.393 162.648 74.885 215.422
137.191 166.055 73.288 210.828
137.973 168.303 71.725 206.332
137.973 166.177 71.725 206.332
137.973 166.177 71.725 206.332
137.973 167.240 71.725 206.332
137.973 167.240 71.725 206.332
137.973 167.240 71.725 206.332
137.973 167.240 71.725 206.332
137.973 167.240 71.725 206.332
137.973 167.240 71.725 206.332
137.973 167.240 71.725 206.332
137.973 167.240 71.725 206.332
137.973 167.240 71.725 206.332
137.973 167.240 71.725 206.332
137.973 167.240 71.725 206.332
137.973 167.240 71.725 206.332
137.973 166.177 71.725 206.332
137.973 166.177 71.725 206.332
139.800 170.503 70.195 201.932
139.800 168.424 70.195 201.932
138.761 169.464 70.195 201.932
138.761 168.424 70.195 201.932
138.761 169.464 70.195 201.932
138.761 169.464 70.195 201.932
138.761 169.464 70.195 201.932
138.761 169.464 70.195 201.932
138.761 169.464 70.195 201.932
138.761 169.464 70.195 201.932
138.761 168.424 70.195 201.932
138.761 169.464 70.195 201.932
138.761 169.464 70.195 201.932
138.761 169.464 70.195 201.932
138.761 169.464 70.195 201.932
139.800 169.464 70.195 201.932
140.840 168.424 70.195 201.932
143.667 172.656 68.698 197.625
143.381 176.798 67.233 193.411
142.385 173.810 67.233 193.411
141.389 173.810 67.233 193.411
140.393 173.810 67.233 193.411
139.397 174.806 67.233 193.411
137.405 174.806 67.233 193.411
137.126 178.861 65.800 189.286
135.878 181.853 64.396 185.250
137.784 181.853 64.396 185.250
137.784 178.995 64.396 185.250
138.737 179.948 64.396 185.250
138.737 179.948 64.396 185.250
140.643 178.042 64.396 185.250
144.188 177.158 63.023 181.299
268.994 165.091 61.679 177.433
258.943 166.005 61.679 177.433
258.943 166.005 61.679 177.433
259.600 167.897 60.364 173.649
257.812 167.897 60.364 173.649
255.130 167.897 60.364 173.649
252.674 163.294 61.699 177.491
249.250 162.244 63.064 181.418
241.783 165.044 63.064 181.418
244.819 159.304 64.460 185.432
256.278 156.439 64.460 185.432
256.278 158.349 64.460 185.432
256.278 157.394 64.460 185.432
256.278 158.349 64.460 185.432
256.278 159.304 64.460 185.432
255.323 159.304 64.460 185.432
255.323 159.304 64.460 185.432
255.323 159.304 64.460 185.432
255.323 159.304 64.460 185.432
255.323 159.304 64.460 185.432
254.368 159.304 64.460 185.432
254.368 159.304 64.460 185.432
254.368 159.304 64.460 185.432
254.368 159.304 64.460 185.432
254.368 159.304 64.460 185.432
254.368 159.304 64.460 185.432
254.368 159.304 64.460 185.432
254.368 159.304 64.460 185.432
254.368 159.304 64.460 185.432
254.368 159.304 64.460 185.432
254.368 159.304 64.460 185.432
254.368 159.304 64.460 185.432
254.368 159.304 64.460 185.432
254.368 159.304 64.460 185.432
254.368 159.304 64.460 185.432
254.368 159.304 64.460 185.432
254.368 159.304 64.460 185.432
254.368 159.304 64.460 185.432
254.368 159.304 64.460 185.432
254.368 159.304 64.460 185.432
254.368 160.258 64.460 185.432
254.368 159.304 64.460 185.432
254.368 159.304 64.460 185.432
254.368 159.304 64.460 185.432
254.368 159.304 64.460 185.432
254.368 160.258 64.460 185.432
254.368 159.304 64.460 185.432
254.368 159.304 64.460 185.432
254.368 159.304 64.460 185.432
254.368 159.304 64.460 185.432
254.368 159.304 64.460 185.432
254.368 159.304 64.460 185.432
254.368 159.304 64.460 185.432
254.368 159.304 64.460 185.432
254.368 159.304 64.460 185.432
254.368 159.304 64.460 185.432
254.368 159.304 64.460 185.432
254.368 159.304 64.460 185.432
254.368 159.304 64.460 185.432
254.368 159.304 64.460 185.432
254.368 159.304 64.460 185.432
254.368 159.304 64.460 185.432
254.368 159.304 64.460 185.432
254.368 159.304 64.460 185.432
254.368 159.304 64.460 185.432
254.368 159.304 64.460 185.432
254.368 160.258 64.460 185.432
254.368 160.258 64.460 185.432
254.368 159.304 64.460 185.432
254.368 159.304 64.460 185.432
254.368 159.304 64.460 185.432
254.368 159.304 64.460 185.432
254.368 159.304 64.460 185.432
254.368 159.304 64.460 185.432
254.368 159.304 64.460 185.432
254.368 159.304 64.460 185.432
254.368 159.304 64.460 185.432
254.368 159.304 64.460 185.432
254.368 159.304 64.460 185.432
254.368 159.304 64.460 185.432
254.368 159.304 64.460 185.432
254.368 159.304 64.460 185.432
254.368 159.304 64.460 185.432
254.368 159.304 64.460 185.432
254.368 159.304 64.460 185.432
254.368 159.304 64.460 185.432
254.368 159.304 64.460 185.432
254.368 159.304 64.460 185.432
254.368 159.304 64.460 185.432
254.368 159.304 64.460 185.432
254.368 159.304 64.460 185.432
254.368 159.304 64.460 185.432
254.368 159.304 64.460 185.432
254.368 159.304 64.460 185.432
254.368 160.258 64.460 185.432
254.368 160.258 64.460 185.432
254.368 160.258 64.460 185.432
254.368 160.258 64.460 185.432
254.368 160.258 64.460 185.432
254.368 160.258 64.460 185.432
254.368 160.258 64.460 185.432
254.368 160.258 64.460 185.432
254.368 160.258 64.460 185.432
254.368 160.258 64.460 185.432
254.368 159.304 64.460 185.432
254.368 160.258 64.460 185.432
254.368 160.258 64.460 185.432
253.413 161.213 64.460 185.432
254.368 162.168 64.460 185.432
254.368 165.033 64.460 185.432
257.233 164.078 64.460 185.432
256.278 162.168 64.460 185.432
255.323 159.304 64.460 185.432
255.323 159.304 64.460 185.432
255.323 160.258 64.460 185.432
255.323 161.213 64.460 185.432
254.610 159.162 65.886 189.535
255.586 160.138 65.886 189.535
255.586 160.138 65.886 189.535
256.289 161.183 64.481 185.493
256.289 161.183 64.481 185.493
255.334 160.228 64.481 185.493
255.334 160.228 64.481 185.493
255.334 159.273 64.481 185.493
255.334 159.273 64.481 185.493
255.334 159.273 64.481 185.493
255.334 159.273 64.481 185.493
255.334 158.318 64.481 185.493
255.334 158.318 64.481 185.493
255.334 158.318 64.481 185.493
255.334 159.273 64.481 185.493
255.334 159.273 64.481 185.493
255.334 159.273 64.481 185.493
255.334 159.273 64.481 185.493
255.334 159.273 64.481 185.493
255.334 159.273 64.481 185.493
255.334 159.273 64.481 185.493
255.334 159.273 64.481 185.493
255.334 159.273 64.481 185.493
255.334 159.273 64.481 185.493
254.379 159.273 64.481 185.493
254.379 159.273 64.481 185.493
254.379 159.273 64.481 185.493
254.379 159.273 64.481 185.493
254.379 159.273 64.481 185.493
254.379 159.273 64.481 185.493
254.379 159.273 64.481 185.493
254.379 159.273 64.481 185.493
254.379 159.273 64.481 185.493
254.379 159.273 64.481 185.493
254.379 159.273 64.481 185.493
254.379 159.273 64.481 185.493
254.379 159.273 64.481 185.493
254.379 159.273 64.481 185.493
254.379 159.273 64.481 185.493
254.379 159.273 64.481 185.493
254.379 159.273 64.481 185.493
254.379 159.273 64.481 185.493
254.379 159.273 64.481 185.493
254.379 159.273 64.481 185.493
254.379 159.273 64.481 185.493
254.379 159.273 64.481 185.493
254.379 159.273 64.481 185.493
254.379 159.273 64.481 185.493
254.379 159.273 64.481 185.493
254.379 159.273 64.481 185.493
254.379 159.273 64.481 185.493
254.379 159.273 64.481 185.493
254.379 159.273 64.481 185.493
254.379 159.273 64.481 185.493
254.379 159.273 64.481 185.493
254.379 159.273 64.481 185.493
254.379 159.273 64.481 185.493
254.379 159.273 64.481 185.493
254.379 159.273 64.481 185.493
254.379 159.273 64.481 185.493
254.379 159.273 64.481 185.493
254.379 159.273 64.481 185.493
254.379 159.273 64.481 185.493
254.379 159.273 64.481 185.493
254.379 159.273 64.481 185.493
254.379 159.273 64.481 185.493
254.379 159.273 64.481 185.493
254.379 159.273 64.481 185.493
254.379 158.318 64.481 185.493
254.379 159.273 64.481 185.493
254.379 159.273 64.481 185.493
254.379 159.273 64.481 185.493
254.379 159.273 64.481 185.493
254.379 159.273 64.481 185.493
254.379 159.273 64.481 185.493
254.379 159.273 64.481 185.493
254.379 159.273 64.481 185.493
254.379 159.273 64.481 185.493
254.379 159.273 64.481 185.493
254.379 159.273 64.481 185.493
254.379 159.273 64.481 185.493
254.379 159.273 64.481 185.493
254.379 159.273 64.481 185.493
254.379 159.273 64.481 185.493
254.379 159.273 64.481 185.493
254.379 159.273 64.481 185.493
254.379 159.273 64.481 185.493
254.379 159.273 64.481 185.493
254.379 159.273 64.481 185.493
254.379 159.273 64.481 185.493
254.379 159.273 64.481 185.493
254.379 159.273 64.481 185.493
254.379 159.273 64.481 185.493
254.379 159.273 64.481 185.493
254.379 159.273 64.481 185.493
254.379 159.273 64.481 185.493
254.379 159.273 64.481 185.493
254.379 159.273 64.481 185.493
254.379 159.273 64.481 185.493
254.379 159.273 64.481 185.493
254.379 159.273 64.481 185.493
254.379 159.273 64.481 185.493
255.334 159.273 64.481 185.493
255.334 159.273 64.481 185.493
255.334 159.273 64.481 185.493
256.289 159.273 64.481 185.493
256.289 159.273 64.481 185.493
255.334 159.273 64.481 185.493
254.379 159.273 64.481 185.493
255.334 158.318 64.481 185.493
254.379 158.318 64.481 185.493
252.469 159.273 64.481 185.493
250.292 162.206 63.106 181.537
374.686 160.335 63.106 181.537
367.204 159.400 63.106 181.537
367.204 157.529 63.106 181.537
367.204 157.529 63.106 181.537
366.269 157.529 63.106 181.537
366.269 157.529 63.106 181.537
366.269 157.529 63.106 181.537
368.812 164.142 61.760 177.666
366.985 161.400 61.760 177.666
261.906 165.055 61.760 177.666
259.165 165.969 61.760 177.666
256.654 164.004 63.126 181.597
256.654 162.133 63.126 181.597
256.654 163.068 63.126 181.597
256.654 162.133 63.126 181.597
255.956 159.189 64.523 185.615
255.956 160.144 64.523 185.615
255.956 160.144 64.523 185.615
255.956 160.144 64.523 185.615
255.956 160.144 64.523 185.615
255.956 160.144 64.523 185.615
255.956 160.144 64.523 185.615
255.956 160.144 64.523 185.615
255.956 160.144 64.523 185.615
255.956 160.144 64.523 185.615
255.956 160.144 64.523 185.615
255.956 160.144 64.523 185.615
255.956 160.144 64.523 185.615
255.956 160.144 64.523 185.615
255.956 160.144 64.523 185.615
255.956 160.144 64.523 185.615
255.956 160.144 64.523 185.615
255.956 160.144 64.523 185.615
255.956 160.144 64.523 185.615
255.956 160.144 64.523 185.615
255.956 160.144 64.523 185.615
255.956 161.099 64.523 185.615
255.001 162.053 64.523 185.615
255.956 162.053 64.523 185.615
255.956 161.099 64.523 185.615
255.956 162.053 64.523 185.615
255.956 162.053 64.523 185.615
255.956 162.053 64.523 185.615
258.554 161.168 63.147 181.656
263.230 158.362 63.147 181.656
262.532 159.158 64.544 185.675
360.173 151.375 65.972 189.784
365.055 150.398 65.972 189.784
364.782 156.328 64.565 185.736
365.739 154.414 64.565 185.736
366.427 159.265 63.189 181.775
367.363 160.201 63.189 181.775
370.842 165.880 61.841 177.899
248.140 163.133 61.841 177.899
256.381 163.133 61.841 177.899
255.466 164.049 61.841 177.899
256.381 164.049 61.841 177.899
256.613 161.165 63.209 181.835
256.613 161.165 63.209 181.835
256.613 160.230 63.209 181.835
256.613 161.165 63.209 181.835
256.613 160.230 63.209 181.835
256.613 161.165 63.209 181.835
256.613 160.230 63.209 181.835
256.613 161.165 63.209 181.835
256.613 161.165 63.209 181.835
256.613 160.230 63.209 181.835
256.613 162.100 63.209 181.835
255.914 159.153 64.608 185.858
254.957 159.153 64.608 185.858
254.957 159.153 64.608 185.858
254.957 159.153 64.608 185.858
254.957 159.153 64.608 185.858
254.957 159.153 64.608 185.858
254.957 159.153 64.608 185.858
254.957 160.110 64.608 185.858
254.957 160.110 64.608 185.858
254.957 160.110 64.608 185.858
254.957 160.110 64.608 185.858
254.957 160.110 64.608 185.858
254.957 159.153 64.608 185.858
254.957 159.153 64.608 185.858
254.957 159.153 64.608 185.858
254.957 159.153 64.608 185.858
254.957 158.196 64.608 185.858
254.957 159.153 64.608 185.858
254.957 159.153 64.608 185.858
254.957 159.153 64.608 185.858
254.957 159.153 64.608 185.858
254.957 159.153 64.608 185.858
254.957 159.153 64.608 185.858
254.957 159.153 64.608 185.858
254.957 159.153 64.608 185.858
254.957 159.153 64.608 185.858
254.957 159.153 64.608 185.858
254.957 159.153 64.608 185.858
254.957 158.196 64.608 185.858
254.957 160.110 64.608 185.858
254.957 160.110 64.608 185.858
254.957 159.153 64.608 185.858
254.957 158.196 64.608 185.858
254.957 159.153 64.608 185.858
254.957 159.153 64.608 185.858
254.957 159.153 64.608 185.858
254.957 159.153 64.608 185.858
254.957 160.110 64.608 185.858
254.957 160.110 64.608 185.858
254.957 160.110 64.608 185.858
254.957 159.153 64.608 185.858
254.957 159.153 64.608 185.858
254.957 159.153 64.608 185.858
254.957 159.153 64.608 185.858
254.957 159.153 64.608 185.858
254.957 159.153 64.608 185.858
254.957 158.196 64.608 185.858
254.957 159.153 64.608 185.858
254.957 158.196 64.608 185.858
254.957 160.110 64.608 185.858
254.957 160.110 64.608 185.858
254.957 159.153 64.608 185.858
254.957 159.153 64.608 185.858
254.957 159.153 64.608 185.858
254.957 159.153 64.608 185.858
254.957 160.110 64.608 185.858
254.957 160.110 64.608 185.858
254.957 160.110 64.608 185.858
254.957 160.110 64.608 185.858
254.957 160.110 64.608 185.858
254.957 160.110 64.608 185.858
254.957 161.067 64.608 185.858
254.957 161.067 64.608 185.858
254.957 161.067 64.608 185.858
254.957 161.067 64.608 185.858
254.957 162.024 64.608 185.858
254.957 162.024 64.608 185.858
254.957 162.981 64.608 185.858
257.827 164.894 64.608 185.858
260.698 165.851 64.608 185.858
268.353 166.808 64.608 185.858
276.250 167.623 66.037 189.970
288.239 169.435 67.498 194.173
300.492 170.287 68.992 198.469
320.161 170.134 70.518 202.861
337.147 159.529 72.078 207.349
352.080 146.729 72.078 207.349
364.880 147.796 72.078 207.349
371.280 141.396 72.078 207.349
361.680 142.463 72.078 207.349
364.582 146.807 70.541 202.927
364.847 141.427 72.102 207.417
363.778 139.290 72.102 207.417
360.573 139.290 72.102 207.417
360.273 144.707 70.564 202.994
359.980 148.962 69.060 198.665
358.956 147.938 69.060 198.665
359.980 147.938 69.060 198.665
360.716 152.104 67.587 194.428
360.716 151.104 67.587 194.428
360.716 151.104 67.587 194.428
358.969 146.953 69.082 198.730
358.969 146.953 69.082 198.730
359.992 145.929 69.082 198.730
359.992 145.929 69.082 198.730
359.992 145.929 69.082 198.730
359.992 145.929 69.082 198.730
359.992 144.906 69.082 198.730
359.992 144.906 69.082 198.730
359.992 144.906 69.082 198.730
359.992 144.906 69.082 198.730
359.992 145.929 69.082 198.730
359.992 145.929 69.082 198.730
359.992 146.953 69.082 198.730
359.992 146.953 69.082 198.730
361.016 146.953 69.082 198.730
361.016 146.953 69.082 198.730
361.016 146.953 69.082 198.730
360.729 151.119 67.609 194.492
360.729 148.113 67.609 194.492
360.729 147.111 67.609 194.492
359.981 144.959 69.105 198.795
359.981 147.006 69.105 198.795
359.981 148.030 69.105 198.795
359.981 148.030 69.105 198.795
359.981 149.053 69.105 198.795
359.981 150.077 69.105 198.795
361.741 153.220 67.631 194.556
360.993 149.064 69.128 198.860
360.993 148.040 69.128 198.860
362.017 149.064 69.128 198.860
361.252 145.841 70.657 203.260
359.158 146.888 70.657 203.260
353.922 150.029 70.657 203.260
348.393 152.196 69.150 198.925
342.252 149.126 69.150 198.925
345.581 146.925 70.680 203.327
350.817 149.019 70.680 203.327
352.911 151.113 70.680 203.327
357.099 156.348 70.680 203.327
358.411 156.193 72.244 207.825
362.694 160.476 72.244 207.825
364.835 165.829 72.244 207.825
369.117 171.181 72.244 207.825
365.905 170.111 72.244 207.825
372.329 176.534 72.244 207.825
366.177 171.024 73.842 212.423
367.271 179.777 73.842 212.423
362.078 171.956 75.476 217.123
360.125 165.084 77.146 221.927
358.982 161.654 77.146 221.927
358.982 162.797 77.146 221.927
360.125 163.940 77.146 221.927
361.268 161.654 77.146 221.927
361.268 159.368 77.146 221.927
361.268 166.227 77.146 221.927
363.234 169.736 75.501 217.194
360.999 168.618 75.501 217.194
360.999 168.618 75.501 217.194
362.116 169.736 75.501 217.194
360.999 166.383 75.501 217.194
360.999 170.854 75.501 217.194
360.999 170.854 75.501 217.194
360.999 169.736 75.501 217.194
360.999 168.618 75.501 217.194
359.881 169.736 75.501 217.194
359.881 168.618 75.501 217.194
359.881 167.501 75.501 217.194
355.693 161.745 77.171 222.000
351.410 158.146 78.879 226.912
357.253 165.158 78.879 226.912
347.904 167.495 78.879 226.912
358.421 171.001 78.879 226.912
350.241 167.495 78.879 226.912
344.694 167.322 80.624 231.932
338.723 155.381 80.624 231.932
343.500 158.963 80.624 231.932
353.053 161.352 80.624 231.932
343.500 156.575 80.624 231.932
354.247 160.158 80.624 231.932
341.112 160.158 80.624 231.932
353.053 163.740 80.624 231.932
342.306 152.993 80.624 231.932
354.247 160.158 80.624 231.932
344.694 162.546 80.624 231.932
283.794 144.634 80.624 231.932
281.406 143.440 80.624 231.932
280.212 142.246 80.624 231.932
280.212 142.246 80.624 231.932
280.212 142.246 80.624 231.932
280.212 141.052 80.624 231.932
280.212 141.052 80.624 231.932
280.212 141.052 80.624 231.932
280.212 139.858 80.624 231.932
280.212 139.858 80.624 231.932
280.212 139.858 80.624 231.932
281.406 139.858 80.624 231.932
281.406 139.858 80.624 231.932
282.600 139.858 80.624 231.932
284.988 141.052 80.624 231.932
286.182 141.052 80.624 231.932
286.182 141.052 80.624 231.932
284.988 141.052 80.624 231.932
284.988 142.246 80.624 231.932
284.988 144.634 80.624 231.932
282.600 145.828 80.624 231.932
282.600 145.828 80.624 231.932
282.600 144.634 80.624 231.932
282.600 143.440 80.624 231.932
282.600 142.246 80.624 231.932
283.794 141.052 80.624 231.932
283.794 141.052 80.624 231.932
282.600 141.052 80.624 231.932
283.459 145.913 78.905 226.986
283.459 145.913 78.905 226.986
282.291 144.744 78.905 226.986
282.291 144.744 78.905 226.986
282.587 142.233 80.650 232.008
283.781 143.427 80.650 232.008
282.587 143.427 80.650 232.008
283.447 147.095 78.931 227.060
283.447 147.095 78.931 227.060
283.447 147.095 78.931 227.060
283.447 145.927 78.931 227.060
283.447 147.095 78.931 227.060
284.615 147.095 78.931 227.060
283.447 145.927 78.931 227.060
282.573 141.078 80.677 232.084
283.767 142.272 80.677 232.084
282.573 142.272 80.677 232.084
282.573 142.272 80.677 232.084
282.573 142.272 80.677 232.084
282.573 142.272 80.677 232.084
282.573 141.078 80.677 232.084
282.573 142.272 80.677 232.084
282.573 142.272 80.677 232.084
283.434 147.135 78.956 227.135
283.434 147.135 78.956 227.135
283.434 147.135 78.956 227.135
284.602 147.135 78.956 227.135
285.771 145.966 78.956 227.135
285.771 147.135 78.956 227.135
285.771 147.135 78.956 227.135
285.771 147.135 78.956 227.135
285.771 147.135 78.956 227.135
285.771 147.135 78.956 227.135
285.771 147.135 78.956 227.135
284.602 145.966 78.956 227.135
284.602 145.966 78.956 227.135
284.602 145.966 78.956 227.135
285.771 145.966 78.956 227.135
285.771 145.966 78.956 227.135
285.771 145.966 78.956 227.135
285.771 147.135 78.956 227.135
285.771 147.135 78.956 227.135
285.771 145.966 78.956 227.135
284.602 145.966 78.956 227.135
284.602 145.966 78.956 227.135
284.602 145.966 78.956 227.135
284.602 145.966 78.956 227.135
285.771 145.966 78.956 227.135
285.771 145.966 78.956 227.135
285.771 147.135 78.956 227.135
285.771 147.135 78.956 227.135
285.771 147.135 78.956 227.135
285.771 148.303 78.956 227.135
285.771 149.472 78.956 227.135
285.771 149.472 78.956 227.135
286.939 149.472 78.956 227.135
285.771 148.303 78.956 227.135
285.771 148.303 78.956 227.135
286.939 149.472 78.956 227.135
288.108 149.472 78.956 227.135
290.445 150.640 78.956 227.135
330.474 159.814 80.703 232.160
337.650 168.187 80.703 232.160
345.687 170.662 78.982 227.209
357.393 169.491 78.982 227.209
349.199 162.468 78.982 227.209
359.734 167.150 78.982 227.209
357.393 158.956 78.982 227.209
362.076 161.297 78.982 227.209
363.246 162.468 78.982 227.209
366.758 162.468 78.982 227.209
367.928 162.468 78.982 227.209
369.099 164.809 78.982 227.209
370.270 167.150 78.982 227.209
370.270 167.150 78.982 227.209
370.270 165.980 78.982 227.209
371.440 165.980 78.982 227.209
372.611 165.980 78.982 227.209
372.611 163.638 78.982 227.209
373.781 165.980 78.982 227.209
374.952 167.150 78.982 227.209
374.952 165.980 78.982 227.209
373.781 165.980 78.982 227.209
373.781 167.150 78.982 227.209
373.781 167.150 78.982 227.209
373.781 167.150 78.982 227.209
371.440 167.150 78.982 227.209
372.611 170.662 78.982 227.209
374.952 175.344 78.982 227.209
377.590 176.343 80.730 232.236
382.374 182.323 80.730 232.236
443.374 212.225 80.730 232.236
440.982 218.205 80.730 232.236
424.540 213.244 82.516 237.375
403.432 213.332 80.756 232.312
373.530 218.116 80.756 232.312
355.589 154.724 80.756 232.312
349.608 159.508 80.756 232.312
318.813 167.703 82.543 237.452
283.387 161.595 82.543 237.452
263.501 150.690 80.783 232.389
260.774 145.991 79.060 227.433
257.262 136.627 79.060 227.433
254.921 129.603 79.060 227.433
255.764 134.369 77.374 222.583
254.619 137.805 77.374 222.583
252.329 140.095 77.374 222.583
250.038 141.240 77.374 222.583
248.893 140.095 77.374 222.583
248.893 136.660 77.374 222.583
250.038 138.950 77.374 222.583
248.893 132.079 77.374 222.583
246.603 132.079 77.374 222.583
245.458 130.934 77.374 222.583
244.313 128.644 77.374 222.583
243.168 132.079 77.374 222.583
248.573 127.582 75.724 217.836
247.452 130.947 75.724 217.836
248.573 130.947 75.724 217.836
246.330 133.190 75.724 217.836
245.209 132.068 75.724 217.836
246.330 130.947 75.724 217.836
246.330 130.947 75.724 217.836
245.209 130.947 75.724 217.836
245.209 130.947 75.724 217.836
245.209 127.582 75.724 217.836
245.209 130.947 75.724 217.836
245.209 128.703 75.724 217.836
245.209 128.703 75.724 217.836
245.209 129.825 75.724 217.836
246.330 129.825 75.724 217.836
248.573 126.460 75.724 217.836
249.381 131.026 74.109 213.191
249.381 125.536 74.109 213.191
249.073 132.201 72.529 208.644
250.921 136.575 70.982 204.195
251.678 137.701 69.468 199.840
252.418 140.862 67.987 195.579
253.424 140.862 67.987 195.579
253.143 139.929 66.537 191.408
254.129 142.888 66.537 191.408
255.825 144.929 65.118 187.326
255.825 143.964 65.118 187.326
254.861 143.964 65.118 187.326
252.931 145.894 65.118 187.326
252.931 146.858 65.118 187.326
253.896 143.964 65.118 187.326
255.555 148.856 63.729 183.331
255.291 151.754 62.370 179.422
255.033 153.667 61.040 175.596
254.129 151.859 61.040 175.596
253.876 154.635 59.739 171.851
253.876 153.751 59.739 171.851
252.991 154.635 59.739 171.851
252.991 153.751 59.739 171.851
253.876 154.635 59.739 171.851
252.991 153.751 59.739 171.851
253.876 153.751 59.739 171.851
252.991 155.520 59.739 171.851
252.991 153.751 59.739 171.851
253.876 154.635 59.739 171.851
252.991 154.635 59.739 171.851
252.991 153.751 59.739 171.851
252.991 154.635 59.739 171.851
252.991 153.751 59.739 171.851
252.991 154.635 59.739 171.851
252.991 153.751 59.739 171.851
253.876 154.635 59.739 171.851
253.876 153.751 59.739 171.851
253.876 154.635 59.739 171.851
253.876 153.751 59.739 171.851
253.876 154.635 59.739 171.851
252.991 154.635 59.739 171.851
252.991 154.635 59.739 171.851
252.107 154.635 59.739 171.851
253.628 158.236 58.465 168.186
254.252 159.163 57.218 164.600
253.405 159.163 57.218 164.600
252.558 159.163 57.218 164.600
252.558 159.163 57.218 164.600
252.558 159.163 57.218 164.600
252.558 158.316 57.218 164.600
252.558 157.469 57.218 164.600
254.252 156.622 57.218 164.600
255.099 157.469 57.218 164.600
255.099 162.551 57.218 164.600
254.252 165.092 57.218 164.600
248.322 168.481 57.218 164.600
244.087 175.257 57.218 164.600
253.405 155.775 57.218 164.600
250.864 158.316 57.218 164.600
249.384 155.648 58.484 168.241
254.584 155.648 58.484 168.241
255.450 155.648 58.484 168.241
256.074 158.309 57.237 164.654
256.921 157.461 57.237 164.654
257.768 157.461 57.237 164.654
258.378 160.064 56.016 161.142
258.378 158.405 56.016 161.142
258.378 158.405 56.016 161.142
258.378 158.405 56.016 161.142
258.378 158.405 56.016 161.142
258.975 161.782 54.822 157.706
258.164 160.971 54.822 157.706
258.975 160.971 54.822 157.706
258.164 160.971 54.822 157.706
258.164 160.159 54.822 157.706
258.164 160.159 54.822 157.706
258.975 159.347 54.822 157.706
258.164 160.971 54.822 157.706
258.164 160.159 54.822 157.706
258.975 159.347 54.822 157.706
258.164 160.971 54.822 157.706
258.164 160.159 54.822 157.706
258.164 159.347 54.822 157.706
257.557 158.414 56.034 161.195
258.155 161.792 54.840 157.758
258.155 160.980 54.840 157.758
258.155 159.357 54.840 157.758
258.155 160.168 54.840 157.758
258.155 159.357 54.840 157.758
258.155 160.980 54.840 157.758
258.155 160.168 54.840 157.758
258.155 159.357 54.840 157.758
258.155 160.168 54.840 157.758
258.155 159.357 54.840 157.758
258.155 160.168 54.840 157.758
258.155 159.357 54.840 157.758
258.155 160.168 54.840 157.758
258.155 159.357 54.840 157.758
258.155 160.168 54.840 157.758
258.155 159.357 54.840 157.758
258.155 160.980 54.840 157.758
258.155 160.980 54.840 157.758
258.155 160.980 54.840 157.758
258.967 160.168 54.840 157.758
258.155 158.545 54.840 157.758
255.925 158.423 56.053 161.248
255.095 157.594 56.053 161.248
262.769 153.322 57.293 164.816
174.471 167.755 57.293 164.816
172.773 167.755 57.293 164.816
172.773 167.755 57.293 164.816
172.773 166.906 57.293 164.816
171.924 167.755 57.293 164.816
171.290 165.083 58.561 168.462
170.642 164.086 59.856 172.189
170.642 163.199 59.856 172.189
170.642 163.199 59.856 172.189
170.642 164.086 59.856 172.189
170.642 163.199 59.856 172.189
170.642 163.199 59.856 172.189
170.642 164.086 59.856 172.189
170.642 163.199 59.856 172.189
170.642 164.086 59.856 172.189
170.642 162.313 59.856 172.189
170.642 163.199 59.856 172.189
170.642 164.086 59.856 172.189
170.642 164.086 59.856 172.189
170.642 163.199 59.856 172.189
170.642 163.199 59.856 172.189
170.642 163.199 59.856 172.189
170.642 164.086 59.856 172.189
170.642 163.199 59.856 172.189
170.642 164.086 59.856 172.189
170.642 163.199 59.856 172.189
170.642 164.086 59.856 172.189
170.642 163.199 59.856 172.189
170.642 164.086 59.856 172.189
170.642 164.086 59.856 172.189
170.642 164.086 59.856 172.189
170.642 164.086 59.856 172.189
170.642 164.086 59.856 172.189
170.642 163.199 59.856 172.189
170.642 164.086 59.856 172.189
170.642 163.199 59.856 172.189
170.642 163.199 59.856 172.189
170.642 164.086 59.856 172.189
170.642 163.199 59.856 172.189
170.642 164.086 59.856 172.189
170.642 163.199 59.856 172.189
170.642 164.086 59.856 172.189
170.642 164.086 59.856 172.189
170.642 163.199 59.856 172.189
170.642 164.086 59.856 172.189
170.642 163.199 59.856 172.189
170.642 164.086 59.856 172.189
170.642 163.199 59.856 172.189
169.756 163.199 59.856 172.189
170.642 163.199 59.856 172.189
170.642 163.199 59.856 172.189
172.415 159.654 59.856 172.189
201.662 141.043 59.856 172.189
254.590 152.628 58.580 168.517
254.590 153.494 58.580 168.517
254.590 154.361 58.580 168.517
255.457 152.628 58.580 168.517
255.457 153.494 58.580 168.517
256.082 156.158 57.331 164.924
256.082 155.309 57.331 164.924
256.931 156.158 57.331 164.924
256.931 154.460 57.331 164.924
256.931 156.158 57.331 164.924
256.931 154.460 57.331 164.924
256.931 156.158 57.331 164.924
256.931 155.309 57.331 164.924
256.931 156.158 57.331 164.924
256.931 155.309 57.331 164.924
256.931 156.158 57.331 164.924
256.931 155.309 57.331 164.924
256.931 155.309 57.331 164.924
256.931 155.309 57.331 164.924
256.931 155.309 57.331 164.924
256.931 155.309 57.331 164.924
257.780 155.309 57.331 164.924
258.629 156.158 57.331 164.924
258.629 155.309 57.331 164.924
258.629 155.309 57.331 164.924
258.629 156.158 57.331 164.924
257.780 156.158 57.331 164.924
256.082 156.158 57.331 164.924
253.535 155.309 57.331 164.924
245.045 175.685 57.331 164.924
255.233 168.893 57.331 164.924
255.233 159.554 57.331 164.924
254.384 157.856 57.331 164.924
254.384 157.856 57.331 164.924
254.384 157.856 57.331 164.924
254.384 158.705 57.331 164.924
254.599 154.333 58.599 168.573
254.599 156.071 58.599 168.573
254.599 156.071 58.599 168.573
254.599 156.071 58.599 168.573
253.950 154.206 59.896 172.302
253.950 153.319 59.896 172.302
253.950 154.206 59.896 172.302
253.950 153.319 59.896 172.302
253.950 154.206 59.896 172.302
253.950 154.206 59.896 172.302
253.950 154.206 59.896 172.302
253.950 153.319 59.896 172.302
253.950 154.206 59.896 172.302
253.950 153.319 59.896 172.302
253.950 154.206 59.896 172.302
253.064 153.319 59.896 172.302
253.064 154.206 59.896 172.302
253.064 153.319 59.896 172.302
253.064 154.206 59.896 172.302
253.064 153.319 59.896 172.302
253.064 154.206 59.896 172.302
253.064 153.319 59.896 172.302
253.064 154.206 59.896 172.302
253.064 153.319 59.896 172.302
253.950 153.319 59.896 172.302
254.837 153.319 59.896 172.302
253.950 152.433 59.896 172.302
252.178 153.319 59.896 172.302
255.723 157.751 59.896 172.302
251.291 158.637 59.896 172.302
248.856 155.845 61.221 176.114
260.633 150.409 61.221 176.114
259.727 148.598 61.221 176.114
257.009 149.504 61.221 176.114
257.009 150.409 61.221 176.114
257.009 150.409 61.221 176.114
257.009 150.409 61.221 176.114
257.009 150.409 61.221 176.114
257.009 150.409 61.221 176.114
257.009 150.409 61.221 176.114
257.009 149.504 61.221 176.114
257.009 149.504 61.221 176.114
257.009 149.504 61.221 176.114
257.009 149.504 61.221 176.114
257.009 149.504 61.221 176.114
257.009 149.504 61.221 176.114
257.009 149.504 61.221 176.114
257.009 150.409 61.221 176.114
257.662 154.099 59.915 172.359
257.662 153.211 59.915 172.359
257.662 154.099 59.915 172.359
257.662 154.099 59.915 172.359
257.662 154.987 59.915 172.359
257.662 155.876 59.915 172.359
256.774 154.987 59.915 172.359
256.774 155.876 59.915 172.359
257.413 157.713 58.637 168.683
258.281 156.845 58.637 168.683
259.150 156.845 58.637 168.683
260.019 157.713 58.637 168.683
260.887 157.713 58.637 168.683
262.624 157.713 58.637 168.683
264.362 155.976 58.637 168.683
266.968 153.370 58.637 168.683
269.793 146.292 59.935 172.415
273.346 144.516 59.935 172.415
277.787 144.516 59.935 172.415
281.091 144.578 58.657 168.738
283.697 145.446 58.657 168.738
285.434 145.446 58.657 168.738
289.534 148.114 57.406 165.140
290.385 148.114 57.406 165.140
289.534 149.816 57.406 165.140
282.726 151.518 57.406 165.140
285.279 153.220 57.406 165.140
286.981 155.773 57.406 165.140
286.130 157.475 57.406 165.140
283.577 158.326 57.406 165.140
278.233 164.342 56.182 161.618
284.052 161.016 56.182 161.618
395.224 161.908 54.984 158.172
388.714 160.281 54.984 158.172
390.342 160.281 54.984 158.172
389.528 160.281 54.984 158.172
389.528 160.281 54.984 158.172
390.342 160.281 54.984 158.172
390.342 160.281 54.984 158.172
389.528 159.467 54.984 158.172
389.528 159.467 54.984 158.172
389.528 159.467 54.984 158.172
389.528 159.467 54.984 158.172
390.342 159.467 54.984 158.172
388.714 159.467 54.984 158.172
390.342 159.467 54.984 158.172
390.342 159.467 54.984 158.172
389.528 159.467 54.984 158.172
389.528 159.467 54.984 158.172
389.528 159.467 54.984 158.172
389.528 159.467 54.984 158.172
389.528 159.467 54.984 158.172
389.528 159.467 54.984 158.172
389.528 159.467 54.984 158.172
389.528 159.467 54.984 158.172
389.528 160.281 54.984 158.172
391.155 161.094 54.984 158.172
388.714 160.281 54.984 158.172
391.155 160.281 54.984 158.172
388.714 160.281 54.984 158.172
390.342 161.094 54.984 158.172
390.342 160.281 54.984 158.172
389.528 160.281 54.984 158.172
390.342 160.281 54.984 158.172
389.528 160.281 54.984 158.172
390.342 161.094 54.984 158.172
389.528 160.281 54.984 158.172
390.342 160.281 54.984 158.172
388.714 160.281 54.984 158.172
390.342 160.281 54.984 158.172
387.900 160.281 54.984 158.172
389.528 161.094 54.984 158.172
389.528 160.281 54.984 158.172
389.528 160.281 54.984 158.172
390.342 160.281 54.984 158.172
390.342 160.281 54.984 158.172
390.342 160.281 54.984 158.172
389.528 160.281 54.984 158.172
390.342 161.094 54.984 158.172
390.342 161.094 54.984 158.172
389.528 161.094 54.984 158.172
390.342 160.281 54.984 158.172
390.342 160.281 54.984 158.172
390.342 160.281 54.984 158.172
389.528 160.281 54.984 158.172
390.342 160.281 54.984 158.172
388.714 160.281 54.984 158.172
389.528 160.281 54.984 158.172
389.528 160.281 54.984 158.172
389.528 160.281 54.984 158.172
389.528 160.281 54.984 158.172
390.342 160.281 54.984 158.172
388.714 160.281 54.984 158.172
390.342 161.094 54.984 158.172
389.528 159.467 54.984 158.172
390.342 159.467 54.984 158.172
389.528 159.467 54.984 158.172
389.733 157.717 56.200 161.671
389.112 155.929 57.443 165.248
389.112 155.078 57.443 165.248
389.112 155.929 57.443 165.248
389.963 155.929 57.443 165.248
389.724 158.542 56.218 161.724
389.724 157.708 56.218 161.724
388.891 156.042 56.218 161.724
293.891 159.375 56.218 161.724
292.224 161.042 56.218 161.724
292.224 160.208 56.218 161.724
292.224 160.208 56.218 161.724
291.391 159.375 56.218 161.724
290.557 160.208 56.218 161.724
290.557 159.375 56.218 161.724
290.557 159.375 56.218 161.724
290.557 159.375 56.218 161.724
290.557 159.375 56.218 161.724
290.557 159.375 56.218 161.724
290.557 159.375 56.218 161.724
290.557 159.375 56.218 161.724
290.557 159.375 56.218 161.724
290.557 159.375 56.218 161.724
290.557 159.375 56.218 161.724
290.557 159.375 56.218 161.724
290.557 159.375 56.218 161.724
290.557 159.375 56.218 161.724
290.557 159.375 56.218 161.724
290.557 159.375 56.218 161.724
289.724 159.375 56.218 161.724
289.724 158.542 56.218 161.724
292.224 156.875 56.218 161.724
387.224 157.708 56.218 161.724
388.891 157.708 56.218 161.724
389.724 157.708 56.218 161.724
393.657 158.599 55.020 158.276
284.355 161.862 55.020 158.276
292.512 161.047 55.020 158.276
291.696 161.862 55.020 158.276
291.696 161.047 55.020 158.276
291.696 161.047 55.020 158.276
291.696 161.047 55.020 158.276
291.696 161.047 55.020 158.276
292.512 161.047 55.020 158.276
290.065 160.231 55.020 158.276
399.138 163.550 53.846 154.900
390.359 161.954 53.846 154.900
388.763 161.954 53.846 154.900
391.157 162.752 53.846 154.900
390.359 162.752 53.846 154.900
391.360 161.038 55.038 158.327
392.762 164.358 53.864 154.951
388.772 161.964 53.864 154.951
390.570 159.451 55.056 158.379
392.789 161.956 53.882 155.002
388.798 161.956 53.882 155.002
390.596 159.443 55.074 158.431
391.184 161.948 53.899 155.053
389.588 161.948 53.899 155.053
392.556 164.399 52.750 151.746
390.996 164.399 52.750 151.746
394.117 164.399 52.750 151.746
391.776 164.399 52.750 151.746
392.556 164.399 52.750 151.746
390.215 163.619 52.750 151.746
392.556 164.399 52.750 151.746
390.996 163.619 52.750 151.746
393.337 164.399 52.750 151.746
390.215 164.399 52.750 151.746
392.556 164.399 52.750 151.746
390.996 163.619 52.750 151.746
393.337 164.399 52.750 151.746
390.215 164.399 52.750 151.746
392.556 163.619 52.750 151.746
390.996 164.399 52.750 151.746
394.117 164.399 52.750 151.746
392.339 168.359 51.625 148.510
395.397 166.065 51.625 148.510
392.124 169.942 50.524 145.343
396.618 169.193 50.524 145.343
394.371 169.193 50.524 145.343
396.618 169.193 50.524 145.343
395.869 169.942 50.524 145.343
396.618 169.193 50.524 145.343
395.869 169.942 50.524 145.343
392.873 169.942 50.524 145.343
393.622 169.193 50.524 145.343
392.124 169.942 50.524 145.343
391.375 169.193 50.524 145.343
392.124 169.193 50.524 145.343
389.318 166.087 51.642 148.559
392.377 166.087 51.642 148.559
391.612 166.852 51.642 148.559
392.377 166.087 51.642 148.559
391.612 166.852 51.642 148.559
392.377 166.852 51.642 148.559
390.083 166.852 51.642 148.559
392.377 166.852 51.642 148.559
390.083 166.852 51.642 148.559
391.612 166.087 51.642 148.559
392.377 166.852 51.642 148.559
390.848 166.087 51.642 148.559
390.848 166.852 51.642 148.559
390.083 166.087 51.642 148.559
392.377 166.852 51.642 148.559
390.083 166.852 51.642 148.559
392.377 166.087 51.642 148.559
391.612 166.852 51.642 148.559
392.377 166.852 51.642 148.559
390.083 166.852 51.642 148.559
391.612 166.087 51.642 148.559
393.142 166.852 51.642 148.559
390.083 166.852 51.642 148.559
392.377 166.087 51.642 148.559
390.848 166.852 51.642 148.559
391.612 166.087 51.642 148.559
392.377 166.852 51.642 148.559
389.318 166.087 51.642 148.559
392.377 166.087 51.642 148.559
390.848 166.852 51.642 148.559
390.848 166.087 51.642 148.559
392.377 166.852 51.642 148.559
390.848 166.852 51.642 148.559
390.848 166.852 51.642 148.559
388.747 164.444 52.784 151.846
389.529 163.661 52.784 151.846
391.094 163.661 52.784 151.846
388.747 163.661 52.784 151.846
390.312 163.661 52.784 151.846
390.312 163.661 52.784 151.846
389.529 163.661 52.784 151.846
391.094 163.661 52.784 151.846
388.747 163.661 52.784 151.846
389.529 163.661 52.784 151.846
390.312 163.661 52.784 151.846
388.747 163.661 52.784 151.846
389.529 163.661 52.784 151.846
388.747 163.661 52.784 151.846
388.747 163.661 52.784 151.846
389.529 163.661 52.784 151.846
391.876 164.444 52.784 151.846
391.094 163.661 52.784 151.846
393.441 164.444 52.784 151.846
394.223 164.444 52.784 151.846
394.786 166.845 51.659 148.608
394.022 167.610 51.659 148.608
393.808 169.959 50.557 145.438
396.804 169.959 50.557 145.438
393.808 169.210 50.557 145.438
396.055 169.210 50.557 145.438
392.310 169.959 50.557 145.438
396.055 168.461 50.557 145.438
391.561 169.210 50.557 145.438
396.055 169.210 50.557 145.438
392.310 169.959 50.557 145.438
396.055 168.461 50.557 145.438
392.310 168.461 50.557 145.438
397.343 170.761 49.479 142.337
393.676 171.494 49.479 142.337
395.329 169.186 50.574 145.486
392.333 170.684 50.574 145.486
396.827 169.186 50.574 145.486
393.082 169.186 50.574 145.486
396.078 168.437 50.574 145.486
391.584 168.437 50.574 145.486
396.827 168.437 50.574 145.486
393.082 168.437 50.574 145.486
396.827 168.437 50.574 145.486
393.831 168.437 50.574 145.486
393.271 165.330 51.693 148.705
397.095 165.330 51.693 148.705
394.587 168.445 50.590 145.534
398.123 169.997 49.511 142.430
395.923 169.997 49.511 142.430
395.189 169.997 49.511 142.430
397.389 169.997 49.511 142.430
395.189 169.997 49.511 142.430
397.389 169.263 49.511 142.430
396.451 173.715 48.456 139.393
397.886 172.998 48.456 139.393
396.967 175.919 47.422 136.420
396.967 173.813 47.422 136.420
396.265 174.515 47.422 136.420
399.073 173.813 47.422 136.420
397.669 173.813 47.422 136.420
398.371 174.515 47.422 136.420
397.669 175.217 47.422 136.420
399.073 173.813 47.422 136.420
397.669 173.813 47.422 136.420
398.877 176.672 46.411 133.511
397.500 176.672 46.411 133.511
400.253 177.360 46.411 133.511
399.565 176.672 46.411 133.511
398.189 177.360 46.411 133.511
400.942 175.295 46.411 133.511
398.877 176.672 46.411 133.511
398.877 177.360 46.411 133.511
399.565 175.295 46.411 133.511
398.877 176.672 46.411 133.511
398.189 176.672 46.411 133.511
400.253 177.360 46.411 133.511
399.565 176.672 46.411 133.511
398.877 177.360 46.411 133.511
399.565 176.672 46.411 133.511
398.877 177.360 46.411 133.511
400.253 175.295 46.411 133.511
398.189 176.672 46.411 133.511
399.565 175.984 46.411 133.511
398.189 177.360 46.411 133.511
400.253 175.295 46.411 133.511
398.877 176.672 46.411 133.511
398.877 177.360 46.411 133.511
400.253 175.984 46.411 133.511
398.877 177.360 46.411 133.511
399.565 175.984 46.411 133.511
398.877 178.048 46.411 133.511
400.253 176.672 46.411 133.511
399.565 177.360 46.411 133.511
400.942 176.672 46.411 133.511
398.363 173.818 47.438 136.465
398.363 174.520 47.438 136.465
398.363 175.222 47.438 136.465
398.363 175.222 47.438 136.465
397.661 175.222 47.438 136.465
399.065 175.222 47.438 136.465
397.661 175.222 47.438 136.465
398.363 173.818 47.438 136.465
397.661 174.520 47.438 136.465
399.767 175.222 47.438 136.465
398.363 174.520 47.438 136.465
397.661 175.222 47.438 136.465
399.065 175.222 47.438 136.465
397.661 175.222 47.438 136.465
399.065 175.222 47.438 136.465
399.065 175.222 47.438 136.465
398.363 175.222 47.438 136.465
398.363 175.222 47.438 136.465
398.363 175.222 47.438 136.465
397.661 175.222 47.438 136.465
400.469 174.520 47.438 136.465
398.363 175.222 47.438 136.465
397.661 174.520 47.438 136.465
399.767 174.520 47.438 136.465
398.363 175.222 47.438 136.465
396.960 175.222 47.438 136.465
399.767 174.520 47.438 136.465
397.661 175.924 47.438 136.465
398.363 173.818 47.438 136.465
397.661 174.520 47.438 136.465
400.469 175.222 47.438 136.465
398.363 174.520 47.438 136.465
397.661 175.222 47.438 136.465
399.065 174.520 47.438 136.465
398.363 175.222 47.438 136.465
397.661 175.222 47.438 136.465
399.767 175.222 47.438 136.465
397.661 175.222 47.438 136.465
400.469 174.520 47.438 136.465
398.363 175.222 47.438 136.465
397.661 175.222 47.438 136.465
399.065 174.520 47.438 136.465
397.661 175.222 47.438 136.465
400.469 174.520 47.438 136.465
398.363 175.222 47.438 136.465
396.960 175.222 47.438 136.465
399.767 174.520 47.438 136.465
398.363 175.924 47.438 136.465
396.960 175.222 47.438 136.465
399.767 173.818 47.438 136.465
398.363 175.222 47.438 136.465
396.960 176.626 47.438 136.465
