69.000 48.000 26.000 39.000
69.255 48.765 26.000 39.000
70.529 48.510 26.000 39.000
70.020 48.255 26.000 39.000
70.275 48.510 26.000 39.000
70.529 48.765 26.000 39.000
70.020 49.020 26.000 39.000
71.294 48.000 26.000 39.000
71.549 49.020 26.000 39.000
70.529 48.510 26.000 39.000
71.294 49.275 26.000 39.000
72.059 49.020 26.000 39.000
71.804 48.510 26.000 39.000
72.314 49.275 26.000 39.000
73.843 48.765 26.000 39.000
74.863 49.275 26.000 39.000
76.669 49.181 25.446 38.168
76.669 49.679 25.446 38.168
78.662 50.177 25.446 38.168
80.654 49.928 25.446 38.168
82.895 50.426 25.446 38.168
85.883 51.671 25.446 38.168
90.116 52.667 25.446 38.168
90.365 52.418 25.446 38.168
93.354 53.414 25.446 38.168
97.836 54.410 25.446 38.168
102.816 55.406 25.446 38.168
107.797 56.153 25.446 38.168
113.773 56.900 25.446 38.168
114.271 57.647 25.446 38.168
119.252 57.647 25.446 38.168
123.734 57.149 25.446 38.168
125.975 55.655 25.446 38.168
128.465 54.410 25.446 38.168
130.707 54.161 25.446 38.168
131.205 53.912 25.446 38.168
133.695 54.410 25.446 38.168
135.189 53.663 25.446 38.168
137.181 53.912 25.446 38.168
138.924 54.410 25.446 38.168
139.422 53.414 25.446 38.168
139.422 54.161 25.446 38.168
139.671 53.912 25.446 38.168
140.667 55.157 25.446 38.168
140.667 53.912 25.446 38.168
140.667 55.157 25.446 38.168
140.169 53.912 25.446 38.168
140.667 54.659 25.446 38.168
139.671 53.912 25.446 38.168
139.920 54.659 25.446 38.168
140.169 54.410 25.446 38.168
140.667 54.161 25.446 38.168
140.418 54.410 25.446 38.168
140.169 54.659 25.446 38.168
140.916 55.157 25.446 38.168
141.165 54.161 25.446 38.168
141.414 55.157 25.446 38.168
140.418 53.912 25.446 38.168
141.165 55.655 25.446 38.168
141.664 54.659 25.446 38.168
141.165 54.908 25.446 38.168
142.162 55.655 25.446 38.168
142.162 54.659 25.446 38.168
142.162 55.406 25.446 38.168
141.913 54.908 25.446 38.168
141.913 56.153 25.446 38.168
141.913 55.157 25.446 38.168
142.162 54.659 25.446 38.168
142.909 55.904 25.446 38.168
142.411 55.904 25.446 38.168
142.162 55.655 25.446 38.168
142.909 55.406 25.446 38.168
142.909 55.406 25.446 38.168
142.660 55.406 25.446 38.168
142.909 56.153 25.446 38.168
143.158 55.406 25.446 38.168
143.905 56.402 25.446 38.168
142.909 55.904 25.446 38.168
143.905 56.651 25.446 38.168
143.407 55.904 25.446 38.168
142.909 56.402 25.446 38.168
143.407 55.655 25.446 38.168
142.411 56.402 25.446 38.168
142.411 55.655 25.446 38.168
142.162 55.655 25.446 38.168
141.664 54.659 25.446 38.168
139.671 55.157 25.446 38.168
139.173 53.912 25.446 38.168
137.181 55.406 25.446 38.168
136.932 54.161 25.446 38.168
135.189 54.659 25.446 38.168
132.948 55.157 25.446 38.168
130.707 54.410 25.446 38.168
127.469 53.663 25.446 38.168
125.228 52.916 25.446 38.168
125.228 52.418 25.446 38.168
122.738 54.161 25.446 38.168
120.497 56.402 25.446 38.168
118.754 52.916 25.446 38.168
108.295 53.663 25.446 38.168
103.835 55.066 24.903 37.354
104.587 54.249 24.372 36.558
100.042 54.727 24.372 36.558
94.540 52.813 24.372 36.558
90.234 52.574 24.372 36.558
86.406 53.052 24.372 36.558
83.057 52.096 24.372 36.558
82.100 51.856 24.372 36.558
78.991 51.856 24.372 36.558
75.881 51.617 24.372 36.558
73.728 52.335 24.372 36.558
72.532 51.139 24.372 36.558
71.336 51.139 24.372 36.558
70.857 50.660 24.372 36.558
69.661 52.096 24.372 36.558
69.661 51.139 24.372 36.558
68.943 51.617 24.372 36.558
68.226 51.856 24.372 36.558
69.422 50.900 24.372 36.558
69.422 50.900 24.372 36.558
69.900 50.660 24.372 36.558
70.140 51.617 24.372 36.558
70.618 51.378 24.372 36.558
71.575 51.139 24.372 36.558
71.575 51.378 24.372 36.558
71.575 51.617 24.372 36.558
71.575 51.617 24.372 36.558
72.053 51.856 24.372 36.558
71.814 50.900 24.372 36.558
72.532 51.617 24.372 36.558
73.010 52.574 24.372 36.558
72.053 51.617 24.372 36.558
72.532 52.574 24.372 36.558
73.249 52.096 24.372 36.558
