331.000 39.000 38.000 42.000
332.263 31.739 38.000 42.000
330.580 26.855 38.841 42.929
330.901 19.780 38.841 42.929
331.436 16.090 39.700 43.879
336.048 14.113 39.700 43.879
338.683 19.055 39.700 43.879
348.236 27.290 39.700 43.879
355.248 32.040 38.853 42.943
367.146 43.617 38.853 42.943
342.598 49.251 39.713 43.893
343.916 52.545 39.713 43.893
348.528 49.910 39.713 43.893
354.881 60.261 38.866 42.957
347.163 48.362 38.866 42.957
335.800 44.028 39.726 43.908
332.176 36.123 39.726 43.908
325.148 29.378 40.605 44.879
320.652 26.183 41.503 45.872
316.291 20.153 40.618 44.894
315.712 17.596 39.752 43.937
315.477 18.724 38.904 43.000
316.442 24.190 38.904 43.000
322.552 29.657 38.904 43.000
324.896 32.688 38.075 42.083
328.459 33.137 37.263 41.185
331.537 34.984 37.263 41.185
336.771 30.982 37.263 41.185
334.511 27.756 38.087 42.096
336.090 23.967 38.087 42.096
342.613 23.186 38.930 43.028
352.411 26.233 38.100 42.110
363.670 31.450 38.943 43.042
372.820 44.850 38.112 42.124
366.913 36.144 37.300 41.226
384.350 48.356 36.504 40.347
374.989 46.846 36.504 40.347
394.704 52.410 35.726 39.486
426.384 79.945 35.726 39.486
431.121 75.504 35.726 39.486
439.200 65.858 34.964 38.644
440.734 60.176 34.218 37.820
433.422 55.178 33.488 37.014
433.052 56.996 34.229 37.832
438.075 58.283 34.987 38.670
431.014 53.792 35.761 39.525
439.600 33.363 35.761 39.525
438.205 21.349 34.998 38.682
445.943 40.364 35.773 39.538
433.804 58.129 35.773 39.538
426.006 42.296 36.564 40.413
419.102 30.874 35.784 39.551
419.484 28.334 35.021 38.708
427.029 66.931 35.021 38.708
395.978 79.699 35.021 38.708
407.488 58.667 35.796 39.564
414.002 63.996 35.796 39.564
423.477 69.030 35.796 39.564
437.984 85.610 35.796 39.564
440.945 105.447 35.796 39.564
430.286 101.894 35.796 39.564
409.561 112.257 35.796 39.564
407.784 127.357 35.796 39.564
440.945 101.006 35.796 39.564
443.214 69.776 36.588 40.439
425.890 67.953 36.588 40.439
422.446 61.123 37.397 41.334
428.333 77.853 37.397 41.334
392.395 86.837 37.397 41.334
395.493 79.402 37.397 41.334
364.513 105.735 37.397 41.334
334.152 119.986 37.397 41.334
357.284 78.325 38.225 42.249
358.449 74.681 39.071 43.183
357.046 77.115 39.935 44.139
320.027 121.658 39.083 43.197
322.292 120.688 39.083 43.197
309.350 77.335 39.083 43.197
329.826 83.942 38.250 42.276
329.508 84.895 38.250 42.276
338.615 102.851 39.096 43.212
294.829 74.549 39.961 44.168
286.213 77.200 39.961 44.168
274.379 50.499 39.109 43.226
265.320 79.293 39.109 43.226
251.946 89.491 39.974 44.182
253.934 117.327 39.974 44.182
237.366 111.362 39.974 44.182
224.442 88.829 39.974 44.182
216.378 64.812 40.859 45.160
196.365 45.816 40.859 45.160
177.369 15.965 40.859 45.160
169.567 6.467 40.859 45.160
165.496 -1.335 40.859 45.160
151.588 -4.048 40.859 45.160
147.857 7.146 40.859 45.160
136.889 44.299 41.763 46.159
141.721 52.236 41.763 46.159
149.313 50.166 41.763 46.159
158.630 50.856 41.763 46.159
