84.000 53.000 62.000 70.000
86.078 52.480 62.000 70.000
88.676 53.520 62.000 70.000
89.716 53.000 62.000 70.000
90.755 54.039 62.000 70.000
91.275 54.039 62.000 70.000
91.794 54.039 62.000 70.000
91.275 53.520 62.000 70.000
90.755 52.480 62.000 70.000
89.196 52.480 62.000 70.000
88.676 51.961 62.000 70.000
87.118 51.441 62.000 70.000
85.559 52.480 62.000 70.000
84.000 52.480 62.000 70.000
82.961 52.480 62.000 70.000
81.402 53.000 62.000 70.000
80.363 53.000 62.000 70.000
79.324 54.039 62.000 70.000
77.765 55.078 62.000 70.000
76.206 56.637 62.000 70.000
76.206 56.637 62.000 70.000
75.686 56.637 62.000 70.000
75.686 56.637 62.000 70.000
76.206 56.118 62.000 70.000
77.245 56.637 62.000 70.000
77.765 56.118 62.000 70.000
78.284 56.637 62.000 70.000
79.843 55.598 62.000 70.000
80.363 54.559 62.000 70.000
81.922 53.520 62.000 70.000
82.961 53.000 62.000 70.000
84.000 53.520 62.000 70.000
85.039 53.000 62.000 70.000
86.598 53.520 62.000 70.000
87.118 52.480 62.000 70.000
88.676 53.520 62.000 70.000
89.196 52.480 62.000 70.000
90.755 53.520 62.000 70.000
91.275 52.480 62.000 70.000
92.833 53.520 62.000 70.000
94.014 53.227 60.678 68.507
95.030 54.750 60.678 68.507
96.045 53.735 60.678 68.507
96.553 53.735 60.678 68.507
96.553 54.242 60.678 68.507
97.061 55.258 60.678 68.507
98.077 54.242 60.678 68.507
98.077 56.274 60.678 68.507
98.585 55.258 60.678 68.507
97.569 54.750 60.678 68.507
98.077 55.258 60.678 68.507
98.077 55.258 60.678 68.507
98.077 55.258 60.678 68.507
97.569 55.258 60.678 68.507
96.553 55.258 60.678 68.507
96.553 54.750 60.678 68.507
96.045 55.258 60.678 68.507
96.045 54.242 60.678 68.507
95.538 55.258 60.678 68.507
94.014 53.735 60.678 68.507
94.014 54.750 60.678 68.507
93.506 54.242 60.678 68.507
91.983 55.258 60.678 68.507
91.983 54.242 60.678 68.507
91.475 55.258 60.678 68.507
89.951 53.735 60.678 68.507
89.951 54.750 60.678 68.507
88.428 54.750 60.678 68.507
87.412 54.750 60.678 68.507
86.904 54.750 60.678 68.507
86.904 54.750 60.678 68.507
85.889 54.750 60.678 68.507
85.381 54.750 60.678 68.507
84.365 54.750 60.678 68.507
84.365 54.750 60.678 68.507
83.349 54.750 60.678 68.507
83.349 54.750 60.678 68.507
82.841 54.750 60.678 68.507
83.349 54.750 60.678 68.507
82.334 54.750 60.678 68.507
81.826 54.750 60.678 68.507
82.334 54.750 60.678 68.507
81.826 54.750 60.678 68.507
81.826 54.750 60.678 68.507
81.826 54.750 60.678 68.507
81.826 54.750 60.678 68.507
81.826 54.750 60.678 68.507
81.318 54.750 60.678 68.507
80.810 54.242 60.678 68.507
81.318 55.258 60.678 68.507
80.302 53.735 60.678 68.507
80.302 54.750 60.678 68.507
80.302 54.242 60.678 68.507
79.794 55.258 60.678 68.507
80.810 53.735 60.678 68.507
80.302 54.750 60.678 68.507
79.794 54.242 60.678 68.507
80.302 55.258 60.678 68.507
79.794 53.735 60.678 68.507
80.302 54.750 60.678 68.507
79.794 54.242 60.678 68.507
80.810 55.258 60.678 68.507
80.810 53.735 60.678 68.507
80.810 54.750 60.678 68.507
81.318 54.242 60.678 68.507
80.810 55.258 60.678 68.507
81.826 54.242 60.678 68.507
81.826 55.258 60.678 68.507
82.334 54.242 60.678 68.507
81.826 55.766 60.678 68.507
82.841 54.750 60.678 68.507
83.349 55.258 60.678 68.507
83.349 54.242 60.678 68.507
83.349 55.766 60.678 68.507
83.857 55.258 60.678 68.507
84.873 54.750 60.678 68.507
85.381 55.258 60.678 68.507
84.873 54.750 60.678 68.507
85.889 55.258 60.678 68.507
85.889 54.750 60.678 68.507
85.889 55.258 60.678 68.507
86.396 54.750 60.678 68.507
86.396 55.766 60.678 68.507
86.396 55.258 60.678 68.507
86.396 54.750 60.678 68.507
86.904 55.766 60.678 68.507
87.412 55.766 60.678 68.507
86.904 55.766 60.678 68.507
87.412 55.766 60.678 68.507
86.904 55.258 60.678 68.507
86.904 54.750 60.678 68.507
86.396 55.258 60.678 68.507
85.381 54.242 60.678 68.507
84.873 55.258 60.678 68.507
84.873 54.242 60.678 68.507
84.365 55.766 60.678 68.507
83.349 54.750 60.678 68.507
83.857 54.750 60.678 68.507
83.857 54.242 60.678 68.507
83.349 55.258 60.678 68.507
82.841 54.242 60.678 68.507
83.857 55.258 60.678 68.507
83.349 54.242 60.678 68.507
83.349 55.258 60.678 68.507
83.857 54.242 60.678 68.507
84.365 55.258 60.678 68.507
84.365 54.242 60.678 68.507
85.381 55.766 60.678 68.507
85.381 55.258 60.678 68.507
85.889 54.750 60.678 68.507
86.396 55.258 60.678 68.507
85.889 54.750 60.678 68.507
86.396 55.258 60.678 68.507
85.889 54.750 60.678 68.507
86.396 54.750 60.678 68.507
85.889 55.258 60.678 68.507
85.889 54.750 60.678 68.507
85.381 55.258 60.678 68.507
84.873 54.750 60.678 68.507
84.365 55.258 60.678 68.507
83.857 54.750 60.678 68.507
83.349 54.750 60.678 68.507
82.334 55.258 60.678 68.507
81.826 54.242 60.678 68.507
81.318 55.258 60.678 68.507
80.302 54.242 60.678 68.507
79.287 55.258 60.678 68.507
78.779 53.735 60.678 68.507
78.779 54.242 60.678 68.507
78.271 54.242 60.678 68.507
77.255 54.242 60.678 68.507
77.255 54.242 60.678 68.507
76.747 54.242 60.678 68.507
77.255 54.242 60.678 68.507
76.240 54.242 60.678 68.507
76.747 54.242 60.678 68.507
76.747 54.242 60.678 68.507
77.255 54.242 60.678 68.507
76.747 54.750 60.678 68.507
77.763 54.242 60.678 68.507
77.763 54.750 60.678 68.507
78.779 54.750 60.678 68.507
79.287 54.242 60.678 68.507
79.794 54.750 60.678 68.507
80.810 54.750 60.678 68.507
82.334 54.750 60.678 68.507
82.841 54.750 60.678 68.507
84.873 54.750 60.678 68.507
86.396 55.258 60.678 68.507
87.412 54.750 60.678 68.507
88.936 55.766 60.678 68.507
90.967 55.766 60.678 68.507
92.490 56.274 60.678 68.507
92.998 55.258 60.678 68.507
94.522 55.258 60.678 68.507
94.522 54.750 60.678 68.507
95.030 54.750 60.678 68.507
96.045 54.242 60.678 68.507
96.553 54.750 60.678 68.507
96.045 54.242 60.678 68.507
95.538 55.258 60.678 68.507
94.522 53.735 60.678 68.507
93.506 53.735 60.678 68.507
92.490 52.719 60.678 68.507
90.967 52.211 60.678 68.507
89.951 52.719 60.678 68.507
88.428 52.211 60.678 68.507
86.396 52.211 60.678 68.507
84.873 51.703 60.678 68.507
83.857 51.195 60.678 68.507
81.826 51.703 60.678 68.507
80.810 51.703 60.678 68.507
79.287 52.211 60.678 68.507
77.092 52.469 62.020 70.023
76.572 52.469 62.020 70.023
75.533 51.949 62.020 70.023
75.013 50.910 62.020 70.023
75.013 50.910 62.020 70.023
74.494 50.390 62.020 70.023
73.974 50.910 62.020 70.023
74.494 50.390 62.020 70.023
74.494 50.390 62.020 70.023
75.013 49.871 62.020 70.023
76.572 48.312 62.020 70.023
77.092 48.312 62.020 70.023
78.651 48.312 62.020 70.023
79.690 48.312 62.020 70.023
81.249 47.792 62.020 70.023
83.847 47.273 62.020 70.023
85.406 47.792 62.020 70.023
89.043 47.792 62.020 70.023
91.641 48.312 62.020 70.023
95.278 48.832 62.020 70.023
100.474 48.312 62.020 70.023
105.151 49.351 62.020 70.023
109.827 49.351 62.020 70.023
115.543 49.871 62.020 70.023
120.739 49.351 62.020 70.023
127.494 49.351 62.020 70.023
132.690 49.351 62.020 70.023
138.925 48.832 62.020 70.023
144.641 48.312 62.020 70.023
149.837 48.832 62.020 70.023
155.553 47.792 62.020 70.023
159.190 47.273 62.020 70.023
164.906 47.273 62.020 70.023
168.543 46.753 62.020 70.023
171.660 46.234 62.020 70.023
175.298 47.273 62.020 70.023
178.935 47.273 62.020 70.023
181.013 47.273 62.020 70.023
183.611 47.273 62.020 70.023
185.170 47.273 62.020 70.023
187.249 47.273 62.020 70.023
188.807 47.273 62.020 70.023
188.641 47.018 63.393 71.572
189.704 46.486 63.393 71.572
190.235 47.018 63.393 71.572
190.235 46.486 63.393 71.572
189.704 47.018 63.393 71.572
189.704 46.486 63.393 71.572
189.172 47.018 63.393 71.572
187.047 46.486 63.393 71.572
185.453 47.018 63.393 71.572
184.390 46.486 63.393 71.572
182.265 47.018 63.393 71.572
179.608 47.018 63.393 71.572
177.482 46.486 63.393 71.572
174.294 48.081 63.393 71.572
171.106 47.549 63.393 71.572
167.386 48.612 63.393 71.572
164.198 48.081 63.393 71.572
159.416 48.081 63.393 71.572
155.165 48.612 63.393 71.572
150.382 49.675 63.393 71.572
145.600 49.675 63.393 71.572
140.817 50.206 63.393 71.572
135.504 49.675 63.393 71.572
131.784 50.206 63.393 71.572
126.470 49.675 63.393 71.572
121.157 50.206 63.393 71.572
115.843 50.206 63.393 71.572
111.061 50.737 63.393 71.572
107.341 50.737 63.393 71.572
103.621 50.737 63.393 71.572
100.433 51.269 63.393 71.572
96.714 51.800 63.393 71.572
94.588 51.800 63.393 71.572
91.931 51.800 63.393 71.572
88.743 51.800 63.393 71.572
87.680 51.800 63.393 71.572
86.086 52.332 63.393 71.572
83.961 52.332 63.393 71.572
82.366 52.863 63.393 71.572
81.304 52.332 63.393 71.572
80.241 52.863 63.393 71.572
79.710 52.332 63.393 71.572
79.178 52.863 63.393 71.572
78.647 52.332 63.393 71.572
78.647 52.863 63.393 71.572
79.178 51.800 63.393 71.572
79.178 52.332 63.393 71.572
79.710 52.332 63.393 71.572
81.304 52.332 63.393 71.572
81.835 52.332 63.393 71.572
82.898 52.332 63.393 71.572
85.023 52.863 63.393 71.572
87.149 52.332 63.393 71.572
89.274 52.863 63.393 71.572
92.463 53.394 63.393 71.572
95.651 53.926 63.393 71.572
99.370 53.926 63.393 71.572
102.027 53.926 63.393 71.572
105.747 53.926 63.393 71.572
110.529 53.394 63.393 71.572
114.780 53.926 63.393 71.572
119.563 53.926 63.393 71.572
124.345 54.457 63.393 71.572
129.127 54.988 63.393 71.572
133.378 54.457 63.393 71.572
138.161 54.457 63.393 71.572
142.412 54.988 63.393 71.572
147.194 54.457 63.393 71.572
151.445 54.988 63.393 71.572
156.759 54.457 63.393 71.572
162.748 55.752 62.041 70.046
165.866 55.752 62.041 70.046
170.023 55.752 62.041 70.046
174.180 55.752 62.041 70.046
177.817 55.752 62.041 70.046
180.935 56.271 62.041 70.046
184.052 56.791 62.041 70.046
187.689 56.271 62.041 70.046
189.768 56.791 62.041 70.046
192.366 56.271 62.041 70.046
195.484 56.791 62.041 70.046
197.704 57.538 60.718 68.552
199.227 57.030 60.718 68.552
200.243 58.045 60.718 68.552
201.767 57.538 60.718 68.552
203.290 57.538 60.718 68.552
203.290 57.030 60.718 68.552
203.290 57.538 60.718 68.552
203.290 57.030 60.718 68.552
203.290 57.030 60.718 68.552
203.290 57.538 60.718 68.552
202.782 57.030 60.718 68.552
202.275 57.030 60.718 68.552
200.751 57.030 60.718 68.552
200.243 57.030 60.718 68.552
198.212 56.522 60.718 68.552
197.196 56.522 60.718 68.552
195.673 55.506 60.718 68.552
194.149 54.998 60.718 68.552
191.610 55.506 60.718 68.552
190.086 54.998 60.718 68.552
188.563 56.014 60.718 68.552
185.516 54.998 60.718 68.552
182.976 54.998 60.718 68.552
181.453 54.491 60.718 68.552
177.898 54.491 60.718 68.552
175.867 53.983 60.718 68.552
173.327 54.998 60.718 68.552
170.280 55.506 60.718 68.552
167.741 53.983 60.718 68.552
165.710 54.998 60.718 68.552
163.171 54.998 60.718 68.552
159.108 54.998 60.718 68.552
157.584 53.983 60.718 68.552
155.045 54.491 60.718 68.552
152.506 54.491 60.718 68.552
149.459 53.475 60.718 68.552
146.920 53.983 60.718 68.552
146.551 55.222 59.423 67.090
142.906 52.487 60.738 68.575
141.886 53.507 60.738 68.575
140.357 54.017 60.738 68.575
137.808 54.017 60.738 68.575
137.298 52.997 60.738 68.575
135.259 52.997 60.738 68.575
135.397 54.748 59.442 67.112
134.400 53.254 59.442 67.112
133.404 53.752 59.442 67.112
132.906 52.756 59.442 67.112
133.404 53.254 59.442 67.112
132.906 54.748 59.442 67.112
132.906 52.756 59.442 67.112
133.404 53.752 59.442 67.112
133.404 53.752 59.442 67.112
133.404 53.752 59.442 67.112
133.902 52.756 59.442 67.112
135.397 53.254 59.442 67.112
136.393 53.752 59.442 67.112
137.887 52.756 59.442 67.112
139.879 52.258 59.442 67.112
141.871 53.254 59.442 67.112
143.365 52.258 59.442 67.112
145.357 52.756 59.442 67.112
148.346 51.262 59.442 67.112
151.334 51.262 59.442 67.112
154.322 51.262 59.442 67.112
157.310 50.763 59.442 67.112
161.295 50.265 59.442 67.112
164.781 51.262 59.442 67.112
169.761 49.767 59.442 67.112
172.749 48.771 59.442 67.112
176.734 49.269 59.442 67.112
180.220 50.265 59.442 67.112
183.049 47.531 60.757 68.597
187.637 48.041 60.757 68.597
190.696 48.041 60.757 68.597
195.284 48.041 60.757 68.597
197.833 48.550 60.757 68.597
200.730 45.752 62.102 70.115
203.847 46.792 62.102 70.115
207.484 45.752 62.102 70.115
208.876 45.496 63.476 71.666
210.831 44.704 64.880 73.252
214.632 43.617 64.880 73.252
216.805 44.704 64.880 73.252
217.717 43.350 66.316 74.872
221.601 45.015 66.316 74.872
223.821 43.905 66.316 74.872
225.485 44.460 66.316 74.872
226.595 45.015 66.316 74.872
227.705 44.460 66.316 74.872
228.815 45.015 66.316 74.872
229.370 44.460 66.316 74.872
229.370 45.015 66.316 74.872
228.815 43.905 66.316 74.872
228.815 43.905 66.316 74.872
227.705 43.350 66.316 74.872
226.595 44.460 66.316 74.872
224.930 43.350 66.316 74.872
222.156 43.905 66.316 74.872
221.046 42.795 66.316 74.872
216.983 40.857 67.783 76.529
216.414 41.426 67.783 76.529
211.865 41.426 67.783 76.529
210.160 41.426 67.783 76.529
205.042 40.857 67.783 76.529
203.336 40.288 67.783 76.529
198.218 40.288 67.783 76.529
194.238 39.720 67.783 76.529
189.689 40.288 67.783 76.529
186.277 39.151 67.783 76.529
181.728 38.583 67.783 76.529
178.316 39.720 67.783 76.529
173.767 39.151 67.783 76.529
170.356 38.583 67.783 76.529
165.807 39.151 67.783 76.529
162.395 39.151 67.783 76.529
158.414 39.151 67.783 76.529
154.434 39.720 67.783 76.529
151.022 40.288 67.783 76.529
147.611 39.720 67.783 76.529
144.199 40.288 67.783 76.529
140.787 39.720 67.783 76.529
139.650 40.857 67.783 76.529
136.807 39.720 67.783 76.529
135.101 40.857 67.783 76.529
133.395 39.720 67.783 76.529
131.120 41.426 67.783 76.529
129.983 40.857 67.783 76.529
129.983 40.288 67.783 76.529
129.414 41.426 67.783 76.529
128.277 41.994 67.783 76.529
128.277 41.426 67.783 76.529
128.277 41.994 67.783 76.529
128.846 41.994 67.783 76.529
129.983 43.132 67.783 76.529
131.120 43.700 67.783 76.529
131.689 44.269 67.783 76.529
133.395 44.837 67.783 76.529
135.101 44.269 67.783 76.529
137.375 44.837 67.783 76.529
138.513 44.837 67.783 76.529
140.218 45.406 67.783 76.529
141.356 46.543 67.783 76.529
143.062 47.112 67.783 76.529
144.767 47.112 67.783 76.529
145.905 47.681 67.783 76.529
147.611 48.818 67.783 76.529
148.179 48.818 67.783 76.529
148.748 48.818 67.783 76.529
149.885 49.386 67.783 76.529
151.176 50.771 66.337 74.897
151.176 50.771 66.337 74.897
151.731 50.771 66.337 74.897
152.286 50.771 66.337 74.897
152.286 50.771 66.337 74.897
152.286 50.771 66.337 74.897
151.731 50.771 66.337 74.897
151.884 51.015 64.923 73.300
150.797 51.558 64.923 73.300
149.711 51.015 64.923 73.300
148.625 51.558 64.923 73.300
147.539 51.558 64.923 73.300
145.909 51.558 64.923 73.300
145.515 52.340 63.538 71.737
143.390 52.340 63.538 71.737
141.264 52.871 63.538 71.737
139.139 53.402 63.538 71.737
138.076 53.402 63.538 71.737
137.159 54.699 62.183 70.207
133.508 55.220 62.183 70.207
131.422 54.699 62.183 70.207
128.293 55.742 62.183 70.207
125.305 57.012 60.857 68.710
122.756 56.502 60.857 68.710
118.677 57.522 60.857 68.710
115.618 57.522 60.857 68.710
112.560 58.541 60.857 68.710
110.520 59.051 60.857 68.710
107.462 59.561 60.857 68.710
104.403 60.071 60.857 68.710
101.854 60.071 60.857 68.710
98.795 60.580 60.857 68.710
96.756 61.090 60.857 68.710
94.717 61.090 60.857 68.710
92.677 61.090 60.857 68.710
91.148 61.090 60.857 68.710
91.287 62.843 59.559 67.244
89.793 62.344 59.559 67.244
88.797 63.341 59.559 67.244
87.801 63.341 59.559 67.244
86.805 63.341 59.559 67.244
85.809 63.341 59.559 67.244
85.311 63.341 59.559 67.244
84.314 63.341 59.559 67.244
84.314 63.341 59.559 67.244
84.314 62.843 59.559 67.244
84.314 62.344 59.559 67.244
84.314 62.843 59.559 67.244
84.812 62.344 59.559 67.244
85.809 62.843 59.559 67.244
86.444 62.065 58.289 65.810
87.908 63.042 58.289 65.810
87.908 63.042 58.289 65.810
88.885 62.554 58.289 65.810
90.350 62.065 58.289 65.810
91.814 62.065 58.289 65.810
94.255 62.554 58.289 65.810
95.853 62.279 57.046 64.407
97.289 62.757 57.046 64.407
99.332 62.487 55.830 63.033
102.144 62.956 55.830 63.033
104.019 63.893 55.830 63.033
105.893 63.424 55.830 63.033
108.236 62.487 55.830 63.033
110.579 62.956 55.830 63.033
112.922 63.424 55.830 63.033
114.797 62.487 55.830 63.033
117.140 62.956 55.830 63.033
119.952 63.424 55.830 63.033
122.295 62.956 55.830 63.033
125.107 63.424 55.830 63.033
127.450 62.956 55.830 63.033
130.262 63.893 55.830 63.033
132.605 63.893 55.830 63.033
134.011 63.893 55.830 63.033
136.822 64.362 55.830 63.033
138.697 63.893 55.830 63.033
140.571 64.830 55.830 63.033
143.383 65.299 55.830 63.033
145.258 64.830 55.830 63.033
146.664 64.830 55.830 63.033
147.601 64.830 55.830 63.033
148.538 64.830 55.830 63.033
150.881 64.830 55.830 63.033
150.881 64.362 55.830 63.033
151.819 64.362 55.830 63.033
152.287 63.893 55.830 63.033
153.224 64.362 55.830 63.033
153.693 63.893 55.830 63.033
153.224 64.830 55.830 63.033
153.693 64.362 55.830 63.033
152.756 63.893 55.830 63.033
152.287 64.362 55.830 63.033
152.287 63.424 55.830 63.033
151.819 63.424 55.830 63.033
150.413 62.956 55.830 63.033
149.944 63.424 55.830 63.033
149.007 62.487 55.830 63.033
148.069 62.019 55.830 63.033
146.664 61.081 55.830 63.033
145.258 61.081 55.830 63.033
144.320 60.144 55.830 63.033
142.915 59.675 55.830 63.033
140.571 59.675 55.830 63.033
140.103 59.675 55.830 63.033
138.228 59.207 55.830 63.033
136.822 58.270 55.830 63.033
134.948 58.738 55.830 63.033
134.011 58.738 55.830 63.033
132.605 58.738 55.830 63.033
131.199 58.270 55.830 63.033
130.262 57.801 55.830 63.033
129.793 58.270 55.830 63.033
128.387 57.332 55.830 63.033
128.387 57.332 55.830 63.033
127.919 57.332 55.830 63.033
126.981 56.864 55.830 63.033
126.513 57.801 55.830 63.033
127.450 57.801 55.830 63.033
126.981 57.332 55.830 63.033
125.895 56.166 57.065 64.428
125.742 55.932 58.327 65.854
125.742 55.444 58.327 65.854
126.073 55.692 59.618 67.311
127.573 55.192 59.618 67.311
128.573 55.692 59.618 67.311
129.573 55.192 59.618 67.311
131.073 55.192 59.618 67.311
133.573 55.192 59.618 67.311
135.073 55.192 59.618 67.311
137.573 54.692 59.618 67.311
139.073 54.192 59.618 67.311
142.573 54.192 59.618 67.311
144.573 53.692 59.618 67.311
147.573 52.692 59.618 67.311
150.573 52.192 59.618 67.311
154.073 52.692 59.618 67.311
157.573 51.692 59.618 67.311
160.573 51.192 59.618 67.311
164.073 51.192 59.618 67.311
168.073 50.692 59.618 67.311
171.073 50.192 59.618 67.311
173.414 49.447 60.937 68.800
176.473 49.447 60.937 68.800
180.041 49.447 60.937 68.800
182.590 48.937 60.937 68.800
185.139 48.428 60.937 68.800
189.218 48.937 60.937 68.800
191.767 48.428 60.937 68.800
193.132 47.666 62.285 70.322
196.261 48.188 62.285 70.322
198.869 47.666 62.285 70.322
200.955 48.188 62.285 70.322
203.042 48.188 62.285 70.322
205.650 48.188 62.285 70.322
208.257 48.188 62.285 70.322
209.301 48.188 62.285 70.322
210.865 48.188 62.285 70.322
211.387 48.188 62.285 70.322
212.952 48.188 62.285 70.322
213.473 47.666 62.285 70.322
214.516 48.188 62.285 70.322
215.038 47.666 62.285 70.322
215.038 48.188 62.285 70.322
215.038 47.666 62.285 70.322
215.038 48.188 62.285 70.322
215.038 47.666 62.285 70.322
213.827 46.889 63.663 71.878
214.361 47.422 63.663 71.878
213.294 46.355 63.663 71.878
212.227 46.889 63.663 71.878
211.161 46.889 63.663 71.878
210.627 46.889 63.663 71.878
209.027 47.422 63.663 71.878
206.190 45.027 65.072 73.468
204.554 46.117 65.072 73.468
201.284 45.572 65.072 73.468
199.648 44.482 65.072 73.468
196.378 44.482 65.072 73.468
194.197 43.936 65.072 73.468
190.927 43.936 65.072 73.468
187.656 43.391 65.072 73.468
183.841 42.846 65.072 73.468
181.115 42.846 65.072 73.468
177.844 42.301 65.072 73.468
174.029 41.756 65.072 73.468
170.758 41.756 65.072 73.468
166.397 42.301 65.072 73.468
164.217 41.756 65.072 73.468
159.311 42.301 65.072 73.468
156.586 41.211 65.072 73.468
151.680 41.756 65.072 73.468
148.409 41.211 65.072 73.468
145.139 41.211 65.072 73.468
141.868 41.211 65.072 73.468
139.143 41.211 65.072 73.468
136.417 41.756 65.072 73.468
133.692 41.211 65.072 73.468
130.421 41.756 65.072 73.468
128.241 41.756 65.072 73.468
125.515 41.756 65.072 73.468
122.790 41.756 65.072 73.468
120.609 41.211 65.072 73.468
118.429 41.756 65.072 73.468
117.884 41.756 65.072 73.468
115.158 41.756 65.072 73.468
114.613 41.756 65.072 73.468
112.433 41.756 65.072 73.468
112.433 41.756 65.072 73.468
111.888 41.211 65.072 73.468
110.797 42.301 65.072 73.468
110.252 41.211 65.072 73.468
110.797 42.846 65.072 73.468
110.797 42.301 65.072 73.468
110.797 41.211 65.072 73.468
110.797 42.301 65.072 73.468
111.343 41.211 65.072 73.468
112.978 42.301 65.072 73.468
113.523 40.666 65.072 73.468
114.068 40.666 65.072 73.468
115.703 40.666 65.072 73.468
116.794 40.121 65.072 73.468
117.884 40.666 65.072 73.468
119.519 40.666 65.072 73.468
120.609 40.666 65.072 73.468
121.699 41.756 65.072 73.468
123.335 41.211 65.072 73.468
125.515 42.301 65.072 73.468
126.605 41.211 65.072 73.468
127.695 42.846 65.072 73.468
128.786 42.301 65.072 73.468
130.421 42.301 65.072 73.468
132.056 42.846 65.072 73.468
132.601 44.482 65.072 73.468
134.385 45.810 63.684 71.901
134.919 45.810 63.684 71.901
135.985 45.810 63.684 71.901
136.519 46.343 63.684 71.901
135.985 45.810 63.684 71.901
136.519 45.810 63.684 71.901
135.985 46.343 63.684 71.901
135.985 45.810 63.684 71.901
135.452 46.877 63.684 71.901
132.252 45.810 63.684 71.901
132.252 45.810 63.684 71.901
131.185 45.810 63.684 71.901
128.519 45.277 63.684 71.901
128.664 47.643 62.326 70.368
124.846 45.822 63.705 71.925
122.179 45.822 63.705 71.925
116.674 45.559 65.114 73.516
116.129 45.014 65.114 73.516
111.223 44.469 65.114 73.516
107.953 46.105 65.114 73.516
103.592 45.014 65.114 73.516
99.776 45.559 65.114 73.516
96.110 48.524 63.726 71.949
91.310 47.990 63.726 71.949
87.043 47.457 63.726 71.949
82.776 48.524 63.726 71.949
78.510 47.990 63.726 71.949
75.456 49.824 62.367 70.414
70.762 48.260 62.367 70.414
67.632 50.346 62.367 70.414
63.981 49.303 62.367 70.414
60.330 50.867 62.367 70.414
59.431 51.618 61.037 68.913
56.360 51.618 61.037 68.913
54.313 52.130 61.037 68.913
52.778 51.106 61.037 68.913
52.778 52.130 61.037 68.913
50.731 51.106 61.037 68.913
50.731 52.642 61.037 68.913
50.219 52.642 61.037 68.913
49.195 52.642 61.037 68.913
49.195 53.153 61.037 68.913
49.707 52.642 61.037 68.913
50.219 52.642 61.037 68.913
50.731 53.153 61.037 68.913
52.917 54.400 59.735 67.443
54.554 55.119 58.461 66.005
56.024 56.100 58.461 66.005
57.985 56.100 58.461 66.005
59.456 56.100 58.461 66.005
61.416 55.609 58.461 66.005
63.867 56.100 58.461 66.005
66.808 56.590 58.461 66.005
69.259 56.100 58.461 66.005
72.691 56.590 58.461 66.005
74.652 56.590 58.461 66.005
78.083 57.080 58.461 66.005
82.005 57.570 58.461 66.005
85.436 57.080 58.461 66.005
87.887 58.060 58.461 66.005
92.299 58.060 58.461 66.005
94.750 58.551 58.461 66.005
99.161 58.551 58.461 66.005
102.593 59.041 58.461 66.005
105.044 60.021 58.461 66.005
108.475 60.511 58.461 66.005
110.436 60.021 58.461 66.005
112.397 61.492 58.461 66.005
114.358 62.472 58.461 66.005
116.808 62.962 58.461 66.005
118.769 62.472 58.461 66.005
120.240 63.452 58.461 66.005
122.201 63.452 58.461 66.005
123.181 63.943 58.461 66.005
124.785 64.156 57.215 64.597
125.873 65.323 55.995 63.220
126.342 65.323 55.995 63.220
126.342 65.792 55.995 63.220
126.342 65.323 55.995 63.220
126.342 66.261 55.995 63.220
126.342 66.261 55.995 63.220
125.873 66.261 55.995 63.220
125.873 66.261 55.995 63.220
125.405 66.261 55.995 63.220
124.467 66.261 55.995 63.220
123.999 66.261 55.995 63.220
123.530 66.261 55.995 63.220
122.593 66.729 55.995 63.220
122.124 66.729 55.995 63.220
121.187 67.198 55.995 63.220
120.718 68.135 55.995 63.220
120.718 68.135 55.995 63.220
120.718 68.135 55.995 63.220
120.718 68.604 55.995 63.220
121.187 68.135 55.995 63.220
122.253 69.747 54.801 61.872
122.253 68.829 54.801 61.872
123.170 68.370 54.801 61.872
123.629 68.829 54.801 61.872
125.464 68.370 54.801 61.872
126.382 68.829 54.801 61.872
127.759 68.370 54.801 61.872
129.594 68.829 54.801 61.872
131.429 67.911 54.801 61.872
133.264 68.370 54.801 61.872
135.100 68.370 54.801 61.872
137.394 68.370 54.801 61.872
140.147 68.370 54.801 61.872
142.900 67.911 54.801 61.872
146.570 67.452 54.801 61.872
149.782 67.911 54.801 61.872
153.453 66.994 54.801 61.872
156.664 67.452 54.801 61.872
160.794 67.911 54.801 61.872
164.923 66.994 54.801 61.872
168.594 66.994 54.801 61.872
171.347 66.535 54.801 61.872
175.017 67.452 54.801 61.872
179.147 67.452 54.801 61.872
181.441 67.452 54.801 61.872
184.653 67.452 54.801 61.872
187.406 67.452 54.801 61.872
189.700 67.452 54.801 61.872
192.912 67.452 54.801 61.872
195.206 66.994 54.801 61.872
196.582 66.535 54.801 61.872
198.876 67.452 54.801 61.872
201.170 66.994 54.801 61.872
201.629 66.535 54.801 61.872
203.464 66.994 54.801 61.872
204.382 66.535 54.801 61.872
204.841 66.994 54.801 61.872
206.217 66.535 54.801 61.872
206.676 66.994 54.801 61.872
207.135 66.535 54.801 61.872
206.676 66.994 54.801 61.872
207.135 66.535 54.801 61.872
206.217 66.994 54.801 61.872
205.759 66.535 54.801 61.872
205.300 66.535 54.801 61.872
203.464 66.535 54.801 61.872
202.547 66.076 54.801 61.872
201.170 65.617 54.801 61.872
198.876 64.700 54.801 61.872
197.959 64.241 54.801 61.872
195.664 64.700 54.801 61.872
193.370 63.782 54.801 61.872
190.617 63.323 54.801 61.872
188.323 62.864 54.801 61.872
184.505 61.262 56.013 63.240
182.162 61.262 56.013 63.240
178.882 60.325 56.013 63.240
177.007 59.856 56.013 63.240
172.790 58.450 56.013 63.240
171.384 57.513 56.013 63.240
168.103 57.513 56.013 63.240
165.292 57.513 56.013 63.240
162.329 56.814 57.252 64.640
161.368 56.814 57.252 64.640
158.966 56.814 57.252 64.640
156.564 56.333 57.252 64.640
153.048 55.618 58.519 66.070
152.068 55.128 58.519 66.070
151.088 55.128 58.519 66.070
148.479 54.397 59.814 67.532
147.476 54.397 59.814 67.532
146.472 54.397 59.814 67.532
145.468 54.397 59.814 67.532
144.966 54.397 59.814 67.532
143.962 54.397 59.814 67.532
143.300 53.650 61.137 69.026
143.300 53.650 61.137 69.026
143.300 53.650 61.137 69.026
143.812 53.650 61.137 69.026
144.835 53.650 61.137 69.026
145.347 53.650 61.137 69.026
145.859 53.650 61.137 69.026
146.206 52.886 62.490 70.553
147.777 52.363 62.490 70.553
148.300 51.316 62.490 70.553
149.347 50.792 62.490 70.553
150.918 50.792 62.490 70.553
153.012 50.269 62.490 70.553
154.583 49.222 62.490 70.553
154.938 48.965 63.872 72.114
157.080 47.894 63.872 72.114
157.979 46.026 65.285 73.709
159.620 44.932 65.285 73.709
162.355 43.837 65.285 73.709
162.727 42.475 66.730 75.340
164.962 41.357 66.730 75.340
167.198 40.240 66.730 75.340
169.433 40.799 66.730 75.340
171.110 40.240 66.730 75.340
172.786 40.240 66.730 75.340
173.904 40.240 66.730 75.340
174.842 39.406 68.206 77.007
177.124 38.836 68.206 77.007
176.940 37.413 69.715 78.711
178.109 36.829 69.715 78.711
179.278 36.829 69.715 78.711
179.675 35.958 71.258 80.452
180.271 34.766 71.258 80.452
180.867 35.362 71.258 80.452
180.079 33.876 72.834 82.232
181.298 34.486 72.834 82.232
180.689 33.266 72.834 82.232
180.689 33.876 72.834 82.232
180.079 32.656 72.834 82.232
179.469 32.656 72.834 82.232
177.640 32.656 72.834 82.232
175.810 32.047 72.834 82.232
174.591 33.266 72.834 82.232
172.151 33.876 72.834 82.232
167.077 31.747 74.446 84.052
164.583 31.123 74.446 84.052
161.465 30.500 74.446 84.052
157.724 29.876 74.446 84.052
154.606 29.876 74.446 84.052
150.242 29.253 74.446 84.052
145.254 28.629 74.446 84.052
142.136 29.253 74.446 84.052
136.948 28.323 76.093 85.911
133.124 28.960 76.093 85.911
129.938 28.323 76.093 85.911
126.114 28.960 76.093 85.911
123.565 28.323 76.093 85.911
118.900 28.010 77.777 87.812
116.947 26.708 77.777 87.812
114.343 26.708 77.777 87.812
113.041 26.708 77.777 87.812
110.437 26.708 77.777 87.812
109.786 27.359 77.777 87.812
107.833 28.661 77.777 87.812
106.531 28.661 77.777 87.812
106.531 29.312 77.777 87.812
106.531 30.613 77.777 87.812
106.531 31.264 77.777 87.812
106.531 32.566 77.777 87.812
107.182 33.868 77.777 87.812
107.833 34.519 77.777 87.812
108.484 36.472 77.777 87.812
109.786 37.123 77.777 87.812
110.437 37.774 77.777 87.812
111.739 38.425 77.777 87.812
111.739 39.727 77.777 87.812
112.390 39.727 77.777 87.812
113.041 39.727 77.777 87.812
114.521 40.013 76.118 85.940
115.333 41.566 74.495 84.107
115.333 41.566 74.495 84.107
115.333 40.943 74.495 84.107
114.710 41.566 74.495 84.107
116.127 42.463 72.906 82.313
114.292 41.239 72.906 82.313
113.680 42.463 72.906 82.313
113.234 42.117 71.351 80.558
113.995 44.172 69.830 78.840
112.242 43.588 69.830 78.840
109.905 43.588 69.830 78.840
108.736 44.172 69.830 78.840
106.399 45.341 69.830 78.840
104.062 45.925 69.830 78.840
102.309 45.925 69.830 78.840
99.387 46.509 69.830 78.840
97.050 47.678 69.830 78.840
95.297 47.094 69.830 78.840
91.791 47.678 69.830 78.840
89.454 47.678 69.830 78.840
88.445 49.103 68.341 77.159
85.010 49.103 68.341 77.159
83.292 50.248 68.341 77.159
81.002 50.248 68.341 77.159
78.139 51.393 68.341 77.159
76.422 51.966 68.341 77.159
72.987 51.966 68.341 77.159
72.570 52.788 66.883 75.513
70.888 54.471 66.883 75.513
70.479 54.715 65.457 73.903
68.283 54.715 65.457 73.903
68.432 56.052 64.061 72.327
68.578 55.749 62.695 70.785
67.527 55.749 62.695 70.785
67.002 55.223 62.695 70.785
65.951 56.274 62.695 70.785
65.425 55.749 62.695 70.785
65.951 55.223 62.695 70.785
65.951 55.749 62.695 70.785
65.951 55.223 62.695 70.785
66.476 55.749 62.695 70.785
67.527 55.223 62.695 70.785
68.578 55.749 62.695 70.785
70.155 54.698 62.695 70.785
71.205 55.223 62.695 70.785
73.307 55.749 62.695 70.785
75.935 55.223 62.695 70.785
78.037 56.274 62.695 70.785
81.190 56.274 62.695 70.785
84.343 56.274 62.695 70.785
88.021 56.800 62.695 70.785
91.843 57.029 61.358 69.275
95.952 58.057 61.358 69.275
100.062 58.570 61.358 69.275
104.172 57.543 61.358 69.275
108.282 58.057 61.358 69.275
112.905 58.570 61.358 69.275
116.501 57.543 61.358 69.275
120.098 58.057 61.358 69.275
126.916 59.823 60.049 67.798
129.940 59.319 60.049 67.798
133.467 59.319 60.049 67.798
135.987 59.823 60.049 67.798
139.011 60.327 60.049 67.798
142.034 60.327 60.049 67.798
145.058 60.327 60.049 67.798
148.081 60.831 60.049 67.798
150.601 61.334 60.049 67.798
154.769 61.050 58.769 66.352
156.737 62.526 58.769 66.352
159.198 61.542 58.769 66.352
160.674 61.542 58.769 66.352
163.135 62.034 58.769 66.352
164.612 62.526 58.769 66.352
166.088 62.034 58.769 66.352
168.549 62.526 58.769 66.352
169.041 61.542 58.769 66.352
171.010 62.034 58.769 66.352
171.994 62.034 58.769 66.352
172.978 62.034 58.769 66.352
173.963 62.526 58.769 66.352
174.947 62.034 58.769 66.352
175.439 62.526 58.769 66.352
175.931 62.034 58.769 66.352
176.423 62.526 58.769 66.352
176.423 62.526 58.769 66.352
176.916 62.526 58.769 66.352
177.408 62.034 58.769 66.352
177.408 63.018 58.769 66.352
177.900 62.526 58.769 66.352
178.392 62.034 58.769 66.352
177.408 62.526 58.769 66.352
177.408 61.542 58.769 66.352
177.408 61.542 58.769 66.352
176.423 61.050 58.769 66.352
175.931 61.050 58.769 66.352
175.931 60.557 58.769 66.352
174.947 59.573 58.769 66.352
173.470 59.081 58.769 66.352
171.994 59.081 58.769 66.352
171.502 58.589 58.769 66.352
170.025 57.604 58.769 66.352
169.041 57.112 58.769 66.352
168.057 58.097 58.769 66.352
166.580 57.604 58.769 66.352
164.612 56.620 58.769 66.352
163.627 56.620 58.769 66.352
162.643 56.620 58.769 66.352
161.659 56.620 58.769 66.352
160.674 56.128 58.769 66.352
159.690 56.620 58.769 66.352
158.056 54.410 60.069 67.820
157.048 54.410 60.069 67.820
156.040 53.906 60.069 67.820
155.536 54.410 60.069 67.820
156.040 52.898 60.069 67.820
155.536 53.906 60.069 67.820
156.040 53.402 60.069 67.820
156.040 52.898 60.069 67.820
156.040 53.906 60.069 67.820
156.544 53.402 60.069 67.820
157.552 52.898 60.069 67.820
158.560 53.402 60.069 67.820
159.567 52.394 60.069 67.820
160.575 52.898 60.069 67.820
162.591 53.402 60.069 67.820
163.599 51.890 60.069 67.820
165.614 52.394 60.069 67.820
167.630 51.386 60.069 67.820
169.646 50.882 60.069 67.820
171.662 51.386 60.069 67.820
173.677 49.874 60.069 67.820
176.197 49.874 60.069 67.820
178.212 48.866 60.069 67.820
180.732 48.866 60.069 67.820
184.260 47.859 60.069 67.820
185.771 47.859 60.069 67.820
188.130 46.101 61.398 69.321
189.506 44.820 62.757 70.854
193.184 43.769 62.757 70.854
194.067 42.460 64.145 72.422
196.753 42.997 64.145 72.422
198.730 40.584 65.564 74.024
199.651 39.216 67.015 75.662
202.455 39.777 67.015 75.662
204.698 38.655 67.015 75.662
206.942 39.777 67.015 75.662
208.624 38.094 67.015 75.662
209.004 37.257 68.498 77.336
210.728 37.257 68.498 77.336
211.877 37.257 68.498 77.336
211.119 35.827 70.013 79.047
212.291 36.414 70.013 79.047
211.705 36.414 70.013 79.047
211.705 36.414 70.013 79.047
210.533 36.414 70.013 79.047
208.774 35.827 70.013 79.047
207.601 34.655 70.013 79.047
204.670 35.241 70.013 79.047
203.497 36.414 70.013 79.047
199.980 35.827 70.013 79.047
198.807 36.414 70.013 79.047
194.703 36.414 70.013 79.047
191.772 35.827 70.013 79.047
188.840 36.414 70.013 79.047
185.909 38.173 70.013 79.047
182.391 37.000 70.013 79.047
178.288 36.414 70.013 79.047
174.184 37.586 70.013 79.047
170.080 37.000 70.013 79.047
165.976 37.586 70.013 79.047
163.044 36.414 70.013 79.047
157.182 35.827 70.013 79.047
153.078 35.827 70.013 79.047
148.388 35.241 70.013 79.047
143.111 36.414 70.013 79.047
139.007 35.827 70.013 79.047
134.317 36.414 70.013 79.047
130.213 37.000 70.013 79.047
125.523 37.000 70.013 79.047
122.005 37.000 70.013 79.047
116.729 36.414 70.013 79.047
113.797 38.759 70.013 79.047
110.866 38.759 70.013 79.047
107.509 40.188 68.520 77.361
102.913 40.762 68.520 77.361
98.891 40.762 68.520 77.361
94.111 38.758 70.036 79.073
91.180 39.930 70.036 79.073
90.594 41.689 70.036 79.073
87.662 39.344 70.036 79.073
86.490 42.275 70.036 79.073
83.370 39.055 71.586 80.822
83.370 40.855 71.586 80.822
81.570 39.055 71.586 80.822
82.170 41.455 71.586 80.822
80.970 39.655 71.586 80.822
81.570 40.855 71.586 80.822
82.170 40.855 71.586 80.822
80.778 38.761 73.169 82.611
81.392 40.602 73.169 82.611
83.399 43.325 71.609 80.849
85.363 43.587 70.082 79.125
86.535 45.345 70.082 79.125
89.042 47.362 68.587 77.437
91.496 48.762 67.125 75.786
92.059 49.887 67.125 75.786
93.185 49.325 67.125 75.786
96.151 51.821 65.693 74.170
97.253 53.474 65.693 74.170
97.804 52.372 65.693 74.170
98.906 53.474 65.693 74.170
98.906 51.821 65.693 74.170
99.457 52.923 65.693 74.170
100.008 52.372 65.693 74.170
98.355 52.923 65.693 74.170
99.457 51.270 65.693 74.170
99.457 52.372 65.693 74.170
97.804 52.372 65.693 74.170
96.527 50.449 67.147 75.811
94.838 49.887 67.147 75.811
96.117 51.821 65.715 74.194
94.614 53.163 64.314 72.612
93.143 54.476 62.942 71.064
92.231 54.706 61.600 69.548
88.622 54.706 61.600 69.548
89.794 55.964 60.286 68.065
85.884 56.689 59.001 66.613
82.919 58.172 59.001 66.613
79.461 56.689 59.001 66.613
77.125 58.388 57.742 65.193
74.835 61.989 56.511 63.803
70.582 61.044 56.511 63.803
67.274 60.571 56.511 63.803
63.151 64.087 55.306 62.442
61.300 63.161 55.306 62.442
58.524 63.624 55.306 62.442
57.135 63.161 55.306 62.442
54.486 66.604 54.126 61.110
52.674 65.245 54.126 61.110
51.315 65.698 54.126 61.110
49.956 65.245 54.126 61.110
49.051 65.245 54.126 61.110
47.692 64.792 54.126 61.110
48.145 64.339 54.126 61.110
48.145 65.245 54.126 61.110
47.692 64.339 54.126 61.110
48.598 64.792 54.126 61.110
49.503 63.886 54.126 61.110
49.956 64.339 54.126 61.110
50.409 64.339 54.126 61.110
52.221 65.245 54.126 61.110
53.580 64.792 54.126 61.110
56.298 64.339 54.126 61.110
58.562 64.792 54.126 61.110
61.733 63.886 54.126 61.110
65.356 64.792 54.126 61.110
68.074 64.339 54.126 61.110
72.151 65.245 54.126 61.110
76.680 64.792 54.126 61.110
81.662 64.792 54.126 61.110
85.739 65.245 54.126 61.110
90.721 65.698 54.126 61.110
95.703 64.792 54.126 61.110
100.233 65.698 54.126 61.110
104.309 65.245 54.126 61.110
109.292 66.604 54.126 61.110
113.368 66.151 54.126 61.110
118.928 68.614 52.972 59.807
122.916 67.285 52.972 59.807
126.018 68.614 52.972 59.807
127.790 67.285 52.972 59.807
131.779 68.614 52.972 59.807
133.551 67.285 52.972 59.807
135.324 68.614 52.972 59.807
136.653 67.728 52.972 59.807
138.869 68.171 52.972 59.807
140.198 68.614 52.972 59.807
141.649 68.809 51.843 58.532
142.520 69.244 51.843 58.532
142.955 69.679 51.843 58.532
143.391 70.114 51.843 58.532
142.955 69.679 51.843 58.532
142.955 70.114 51.843 58.532
141.649 69.244 51.843 58.532
140.343 69.244 51.843 58.532
138.167 69.244 51.843 58.532
136.426 69.244 51.843 58.532
134.249 68.809 51.843 58.532
131.202 67.938 51.843 58.532
128.591 67.938 51.843 58.532
125.979 67.503 51.843 58.532
122.496 67.938 51.843 58.532
118.579 67.067 51.843 58.532
114.661 66.632 51.843 58.532
110.743 66.632 51.843 58.532
106.826 65.326 51.843 58.532
102.908 64.456 51.843 58.532
98.555 63.150 51.843 58.532
94.202 62.279 51.843 58.532
89.414 61.844 51.843 58.532
85.496 60.973 51.843 58.532
81.579 60.973 51.843 58.532
76.217 59.455 52.990 59.827
71.643 59.236 54.162 61.151
67.873 59.013 55.360 62.504
63.078 56.927 56.585 63.886
61.180 56.453 56.585 63.886
58.333 56.927 56.585 63.886
55.011 55.978 56.585 63.886
52.639 55.029 56.585 63.886
50.266 54.555 56.585 63.886
48.368 55.504 56.585 63.886
47.894 55.504 56.585 63.886
47.894 55.504 56.585 63.886
46.945 55.504 56.585 63.886
46.945 55.978 56.585 63.886
46.945 55.504 56.585 63.886
46.945 55.978 56.585 63.886
46.945 55.029 56.585 63.886
47.894 56.453 56.585 63.886
48.843 56.927 56.585 63.886
49.792 55.978 56.585 63.886
51.215 55.978 56.585 63.886
52.639 56.453 56.585 63.886
54.062 56.453 56.585 63.886
55.960 55.504 56.585 63.886
57.858 55.029 56.585 63.886
59.756 53.606 56.585 63.886
62.604 52.182 56.585 63.886
65.451 51.233 56.585 63.886
68.298 50.284 56.585 63.886
71.145 49.335 56.585 63.886
74.941 48.386 56.585 63.886
78.262 48.386 56.585 63.886
81.109 47.912 56.585 63.886
85.229 46.256 57.837 65.300
88.134 48.678 57.837 65.300
91.525 47.709 57.837 65.300
95.399 47.709 57.837 65.300
99.274 48.193 57.837 65.300
102.664 48.678 57.837 65.300
106.538 47.709 57.837 65.300
109.929 48.678 57.837 65.300
113.319 48.678 57.837 65.300
114.616 47.471 59.117 66.745
115.947 47.725 60.425 68.221
117.302 46.970 61.762 69.731
118.171 46.716 63.128 71.274
120.289 46.716 63.128 71.274
121.877 46.716 63.128 71.274
123.465 46.716 63.128 71.274
124.524 46.187 63.128 71.274
125.054 46.187 63.128 71.274
126.112 46.716 63.128 71.274
127.171 46.187 63.128 71.274
128.230 46.716 63.128 71.274
128.760 45.128 63.128 71.274
126.473 44.339 64.525 72.850
127.014 44.339 64.525 72.850
125.932 43.798 64.525 72.850
123.767 41.634 64.525 72.850
123.226 40.551 64.525 72.850
124.308 41.634 64.525 72.850
119.265 38.663 65.952 74.462
122.583 39.769 65.952 74.462
117.430 38.945 67.412 76.110
121.382 39.510 67.412 76.110
115.735 36.686 67.412 76.110
120.253 38.380 67.412 76.110
114.041 37.816 67.412 76.110
118.559 38.945 67.412 76.110
113.477 36.686 67.412 76.110
117.813 38.103 68.903 77.794
111.472 35.797 68.903 77.794
106.098 34.937 70.427 79.515
107.090 35.237 71.986 81.274
110.109 34.634 71.986 81.274
105.278 33.426 71.986 81.274
108.901 34.030 71.986 81.274
112.525 32.822 71.986 81.274
113.733 34.030 71.986 81.274
119.168 32.822 71.986 81.274
122.791 34.030 71.986 81.274
128.227 34.030 71.986 81.274
131.850 34.030 71.986 81.274
130.039 33.426 71.986 81.274
134.870 33.426 71.986 81.274
138.493 33.426 71.986 81.274
142.117 34.030 71.986 81.274
145.740 34.030 71.986 81.274
149.968 35.237 71.986 81.274
154.799 35.237 71.986 81.274
158.423 34.634 71.986 81.274
163.254 34.634 71.986 81.274
167.482 34.030 71.986 81.274
171.709 32.822 71.986 81.274
174.125 34.030 71.986 81.274
177.144 32.218 71.986 81.274
180.768 32.218 71.986 81.274
183.184 32.822 71.986 81.274
186.807 32.218 71.986 81.274
188.619 31.614 71.986 81.274
191.446 31.923 73.578 83.072
193.909 30.691 73.578 83.072
193.293 32.538 73.578 83.072
197.603 30.691 73.578 83.072
195.756 33.154 73.578 83.072
200.066 33.154 73.578 83.072
198.219 33.770 73.578 83.072
196.987 34.385 73.578 83.072
200.066 35.617 73.578 83.072
197.603 35.001 73.578 83.072
196.372 38.080 73.578 83.072
195.140 36.848 73.578 83.072
192.479 38.392 75.206 84.910
198.144 39.651 75.206 84.910
195.626 41.539 75.206 84.910
194.997 40.280 75.206 84.910
193.109 41.539 75.206 84.910
195.626 44.686 75.206 84.910
192.479 44.057 75.206 84.910
194.367 45.945 75.206 84.910
190.591 47.204 75.206 84.910
193.109 48.462 75.206 84.910
189.962 47.204 75.206 84.910
195.169 49.368 73.603 83.100
192.091 48.752 73.603 83.100
196.401 48.136 73.603 83.100
192.707 48.136 73.603 83.100
197.016 48.136 73.603 83.100
199.479 49.984 73.603 83.100
200.095 49.368 73.603 83.100
201.942 51.215 73.603 83.100
203.789 51.215 73.603 83.100
205.020 52.446 73.603 83.100
206.867 51.831 73.603 83.100
208.099 52.446 73.603 83.100
210.561 54.909 73.603 83.100
212.409 53.062 73.603 83.100
215.487 54.909 73.603 83.100
219.350 55.179 72.033 81.327
221.162 55.783 72.033 81.327
222.974 57.595 72.033 81.327
223.578 57.595 72.033 81.327
221.162 58.199 72.033 81.327
225.389 58.803 72.033 81.327
224.182 60.011 72.033 81.327
227.365 59.066 70.497 79.593
224.414 59.656 70.497 79.593
223.234 59.656 70.497 79.593
222.805 59.325 68.993 77.896
221.070 60.482 68.993 77.896
218.756 59.325 68.993 77.896
217.021 61.060 68.993 77.896
214.129 59.903 68.993 77.896
210.658 61.638 68.993 77.896
206.609 61.060 68.993 77.896
201.982 60.482 68.993 77.896
197.933 61.060 68.993 77.896
193.305 61.060 68.993 77.896
188.678 61.060 68.993 77.896
183.472 61.638 68.993 77.896
178.844 62.217 68.993 77.896
172.482 61.638 68.993 77.896
168.433 62.217 68.993 77.896
164.541 61.312 67.522 76.235
159.441 61.312 67.522 76.235
153.208 59.612 67.522 76.235
146.974 57.345 67.522 76.235
141.874 57.345 67.522 76.235
137.341 56.212 67.522 76.235
133.941 56.212 67.522 76.235
132.394 55.892 66.082 74.609
130.887 55.028 64.673 73.018
128.871 54.725 63.294 71.461
126.224 56.842 63.294 71.461
123.047 55.254 63.294 71.461
119.871 56.842 63.294 71.461
116.165 54.725 63.294 71.461
112.988 57.372 63.294 71.461
109.283 55.783 63.294 71.461
107.165 55.783 63.294 71.461
105.577 55.254 63.294 71.461
103.988 54.725 63.294 71.461
101.341 54.725 63.294 71.461
100.283 52.607 63.294 71.461
97.635 51.548 63.294 71.461
96.577 50.489 63.294 71.461
94.459 49.960 63.294 71.461
91.812 49.430 63.294 71.461
92.871 48.901 63.294 71.461
88.635 49.430 63.294 71.461
86.518 49.960 63.294 71.461
84.400 48.372 63.294 71.461
82.812 46.783 63.294 71.461
81.224 45.195 63.294 71.461
79.106 46.254 63.294 71.461
76.988 45.725 63.294 71.461
74.871 47.313 63.294 71.461
72.753 47.313 63.294 71.461
71.165 46.783 63.294 71.461
67.988 46.783 63.294 71.461
65.700 45.463 64.694 73.042
62.278 45.738 66.126 74.658
60.614 45.183 66.126 74.658
58.949 44.628 66.126 74.658
56.729 46.293 66.126 74.658
54.510 45.738 66.126 74.658
52.290 47.957 66.126 74.658
49.516 49.067 66.126 74.658
46.741 50.177 66.126 74.658
43.412 49.067 66.126 74.658
40.082 52.397 66.126 74.658
37.308 51.287 66.126 74.658
34.533 53.506 66.126 74.658
31.759 52.951 66.126 74.658
28.984 55.726 66.126 74.658
26.765 53.506 66.126 74.658
23.990 55.726 66.126 74.658
21.771 54.616 66.126 74.658
