117.000 68.000 122.000 125.000
111.165 62.165 122.000 125.000
107.275 55.357 122.000 125.000
105.329 47.576 122.000 125.000
104.357 40.769 122.000 125.000
106.302 44.659 122.000 125.000
103.384 36.878 122.000 125.000
121.486 43.276 124.699 127.766
128.059 39.874 127.458 130.592
135.169 35.812 127.458 130.592
140.869 23.194 130.278 133.482
147.741 17.561 133.161 136.435
154.754 19.234 136.107 139.454
161.923 19.860 139.118 142.539
167.472 22.079 139.118 142.539
169.692 27.628 139.118 142.539
173.021 34.287 139.118 142.539
173.702 39.369 142.196 145.693
178.235 47.303 142.196 145.693
181.635 50.703 142.196 145.693
185.035 55.236 142.196 145.693
180.885 59.056 139.164 142.586
184.214 59.056 139.164 142.586
185.324 59.056 139.164 142.586
182.369 59.467 136.196 139.545
179.110 59.467 136.196 139.545
181.648 58.782 133.292 136.569
173.146 52.406 133.292 136.569
166.358 55.146 136.241 139.591
162.013 44.283 136.241 139.591
157.668 36.679 136.241 139.591
160.927 23.644 136.241 139.591
167.444 9.522 136.241 139.591
175.048 -1.341 136.241 139.591
188.084 51.887 136.241 139.591
180.480 76.871 136.241 139.591
207.216 94.880 139.255 142.679
208.325 95.990 139.255 142.679
200.932 113.048 136.285 139.637
192.242 113.048 136.285 139.637
198.040 115.623 133.379 136.659
190.601 109.247 133.379 136.659
199.103 107.122 133.379 136.659
203.354 107.122 133.379 136.659
200.165 106.059 133.379 136.659
202.291 112.435 133.379 136.659
199.103 122.000 133.379 136.659
195.914 131.565 133.379 136.659
199.103 139.004 133.379 136.659
195.914 143.255 133.379 136.659
199.103 150.694 133.379 136.659
172.534 117.749 133.379 136.659
164.032 119.874 133.379 136.659
172.534 129.439 133.379 136.659
181.036 136.878 133.379 136.659
186.350 157.071 133.379 136.659
226.031 193.598 130.535 133.745
234.711 202.313 127.751 130.892
246.249 210.832 125.027 128.101
250.234 214.816 125.027 128.101
256.210 215.812 125.027 128.101
267.167 215.812 125.027 128.101
278.124 213.820 125.027 128.101
289.081 206.847 125.027 128.101
295.057 198.879 125.027 128.101
297.049 188.918 125.027 128.101
293.065 184.934 125.027 128.101
286.093 180.949 125.027 128.101
290.077 159.036 125.027 128.101
297.049 142.102 125.027 128.101
297.049 132.142 125.027 128.101
309.002 126.165 125.027 128.101
344.861 81.342 125.027 128.101
337.502 52.034 127.793 130.935
334.794 38.166 125.068 128.143
327.162 42.520 122.401 125.410
331.068 40.567 122.401 125.410
331.068 27.873 122.401 125.410
335.951 2.485 122.401 125.410
340.185 -1.060 119.790 122.736
342.417 2.158 117.236 120.119
378.273 6.245 114.736 117.557
396.857 6.585 112.289 115.050
389.705 3.008 112.289 115.050
381.657 3.008 112.289 115.050
373.610 3.008 112.289 115.050
361.396 5.129 109.894 112.597
350.297 9.836 107.551 110.196
338.301 13.263 107.551 110.196
326.305 17.547 107.551 110.196
314.309 23.545 107.551 110.196
301.456 30.400 107.551 110.196
285.465 38.430 105.257 107.846
272.038 46.822 105.257 107.846
260.572 56.364 103.013 105.546
250.713 61.294 103.013 105.546
244.141 53.900 103.013 105.546
247.427 44.041 103.013 105.546
251.535 39.111 103.013 105.546
241.358 41.230 105.292 107.881
231.801 40.876 107.621 110.268
225.803 37.448 107.621 110.268
219.805 38.305 107.621 110.268
213.807 38.305 107.621 110.268
206.095 39.162 107.621 110.268
198.383 40.876 107.621 110.268
190.672 42.590 107.621 110.268
182.103 43.447 107.621 110.268
173.825 49.763 105.326 107.916
165.433 50.603 105.326 107.916
159.003 56.789 103.080 105.615
151.609 64.183 103.080 105.615
145.036 68.291 103.080 105.615
137.642 72.398 103.080 105.615
130.526 77.632 100.882 103.363
123.562 81.146 98.731 101.158
109.409 89.795 98.731 101.158
88.966 95.299 98.731 101.158
76.866 105.188 100.915 103.397
71.511 114.330 98.763 101.192
78.587 123.765 98.763 101.192
92.434 133.653 100.948 103.430
96.726 146.011 98.795 101.225
91.996 150.741 98.795 101.225
89.632 159.411 98.795 101.225
75.443 155.470 98.795 101.225
68.349 141.282 98.795 101.225
69.926 127.882 98.795 101.225
84.114 121.576 98.795 101.225
88.055 107.388 98.795 101.225
95.149 101.082 98.795 101.225
105.396 87.682 98.795 101.225
116.432 83.741 98.795 101.225
128.255 67.188 98.795 101.225
138.986 61.338 100.981 103.464
145.908 55.370 103.215 105.754
151.673 62.782 103.215 105.754
158.766 55.847 105.499 108.093
164.654 65.100 105.499 108.093
184.843 84.447 105.499 108.093
185.684 90.336 105.499 108.093
176.105 86.616 107.833 110.485
178.681 93.487 107.833 110.485
179.206 98.276 110.219 112.929
177.987 102.298 112.658 115.428
178.537 105.511 115.150 117.982
180.016 111.547 117.698 120.592
201.890 126.892 115.188 118.020
207.396 134.233 115.188 118.020
215.048 137.327 112.732 115.504
218.046 145.743 110.328 113.040
220.681 151.013 110.328 113.040
224.731 151.519 112.769 115.542
219.343 155.112 112.769 115.542
221.444 158.140 110.364 113.078
225.262 161.987 108.010 110.666
225.262 164.569 108.010 110.666
230.426 168.012 108.010 110.666
233.869 167.151 108.010 110.666
233.300 169.192 105.707 108.306
230.770 168.349 105.707 108.306
229.084 163.290 105.707 108.306
232.740 164.445 103.453 105.996
208.801 158.666 103.453 105.996
