319.000 185.000 67.000 56.000
318.031 184.031 67.000 56.000
316.094 183.547 67.000 56.000
314.157 183.063 67.000 56.000
312.220 181.610 67.000 56.000
310.767 181.125 67.000 56.000
308.345 179.188 67.000 56.000
308.345 178.220 67.000 56.000
305.924 177.251 67.000 56.000
303.502 175.798 67.000 56.000
302.049 174.829 67.000 56.000
299.627 173.861 67.000 56.000
297.690 172.892 67.000 56.000
297.206 171.439 67.000 56.000
296.237 169.502 67.000 56.000
294.300 168.049 67.000 56.000
293.816 166.112 67.000 56.000
291.394 164.659 67.000 56.000
291.878 164.175 67.000 56.000
288.973 162.722 67.000 56.000
287.520 162.237 67.000 56.000
285.582 160.300 67.000 56.000
283.161 159.816 67.000 56.000
283.645 157.394 67.000 56.000
280.739 156.425 67.000 56.000
281.708 153.520 67.000 56.000
278.802 153.035 67.000 56.000
280.739 149.161 67.000 56.000
278.802 148.676 67.000 56.000
280.255 146.255 67.000 56.000
277.349 143.833 67.000 56.000
279.771 139.959 67.000 56.000
277.349 136.569 67.000 56.000
279.286 137.053 67.000 56.000
279.286 131.725 67.000 56.000
277.349 129.788 67.000 56.000
278.318 127.367 67.000 56.000
276.380 124.461 67.000 56.000
277.833 123.008 67.000 56.000
276.380 119.618 67.000 56.000
277.833 121.555 67.000 56.000
277.833 118.165 67.000 56.000
277.833 116.227 67.000 56.000
278.318 114.290 67.000 56.000
280.001 112.950 65.571 54.806
278.583 114.840 65.571 54.806
280.473 111.532 65.571 54.806
280.946 108.225 65.571 54.806
279.528 110.587 65.571 54.806
281.418 108.697 65.571 54.806
282.363 106.334 65.571 54.806
280.001 105.389 65.571 54.806
276.220 104.917 65.571 54.806
275.022 104.310 67.022 56.018
277.928 103.342 67.022 56.018
279.381 102.857 67.022 56.018
282.771 102.857 67.022 56.018
281.318 103.342 67.022 56.018
282.030 101.753 68.505 57.258
284.501 100.765 68.505 57.258
282.030 101.259 68.505 57.258
284.501 102.248 68.505 57.258
286.971 101.259 68.505 57.258
289.442 101.753 68.505 57.258
287.465 99.283 68.505 57.258
286.213 98.155 70.020 58.525
287.225 95.626 70.020 58.525
287.731 94.614 70.020 58.525
289.249 95.120 70.020 58.525
289.249 93.602 70.020 58.525
291.272 94.108 70.020 58.525
290.766 92.591 70.020 58.525
293.802 92.085 70.020 58.525
294.813 90.567 70.020 58.525
296.331 89.555 70.020 58.525
294.813 89.049 70.020 58.525
296.837 87.026 70.020 58.525
297.849 85.508 70.020 58.525
296.331 87.026 70.020 58.525
298.595 85.626 68.527 57.277
296.125 86.615 68.527 57.277
298.595 86.121 68.527 57.277
300.572 87.603 68.527 57.277
300.078 86.121 68.527 57.277
298.595 91.062 68.527 57.277
300.572 89.085 68.527 57.277
302.548 86.615 68.527 57.277
304.525 84.144 68.527 57.277
305.019 80.685 68.527 57.277
307.489 76.732 68.527 57.277
308.478 78.709 68.527 57.277
308.478 81.179 68.527 57.277
306.501 84.144 68.527 57.277
305.019 81.673 68.527 57.277
305.513 78.709 68.527 57.277
306.501 77.721 68.527 57.277
307.489 78.215 68.527 57.277
307.489 77.721 68.527 57.277
306.995 76.238 68.527 57.277
307.983 73.273 68.527 57.277
307.726 75.367 67.066 56.055
309.894 73.058 65.636 54.860
310.368 75.431 65.636 54.860
312.017 71.745 64.236 53.690
312.947 74.534 64.236 53.690
313.167 76.965 62.866 52.545
311.808 73.341 62.866 52.545
309.543 75.606 62.866 52.545
310.449 76.965 62.866 52.545
312.478 75.713 61.526 51.424
310.698 78.384 61.526 51.424
312.689 76.262 60.213 50.328
313.331 77.669 58.929 49.254
314.182 78.520 58.929 49.254
312.480 79.371 58.929 49.254
314.182 77.243 58.929 49.254
312.906 79.371 58.929 49.254
313.530 80.953 60.233 50.344
314.836 86.177 60.233 50.344
315.707 88.353 60.233 50.344
313.966 89.659 60.233 50.344
311.354 90.530 60.233 50.344
310.483 89.224 60.233 50.344
308.307 90.095 60.233 50.344
309.178 87.918 60.233 50.344
309.613 90.530 60.233 50.344
308.742 92.271 60.233 50.344
310.048 90.965 60.233 50.344
309.178 92.706 60.233 50.344
309.613 90.095 60.233 50.344
310.483 93.577 60.233 50.344
309.613 90.965 60.233 50.344
310.483 94.448 60.233 50.344
308.076 96.502 61.566 51.458
308.076 92.496 61.566 51.458
306.741 95.612 61.566 51.458
305.405 92.496 61.566 51.458
307.186 94.277 61.566 51.458
304.515 90.271 61.566 51.458
306.295 92.942 61.566 51.458
302.735 89.826 61.566 51.458
302.735 91.161 61.566 51.458
302.290 92.051 61.566 51.458
300.064 90.271 61.566 51.458
298.729 91.161 61.566 51.458
296.503 89.826 61.566 51.458
298.284 90.271 61.566 51.458
298.729 90.271 61.566 51.458
299.619 90.271 61.566 51.458
300.509 91.161 61.566 51.458
297.394 92.051 61.566 51.458
297.839 92.942 61.566 51.458
296.503 93.832 61.566 51.458
294.278 94.722 61.566 51.458
292.497 96.502 61.566 51.458
292.497 97.838 61.566 51.458
293.388 98.728 61.566 51.458
293.388 100.508 61.566 51.458
293.597 102.610 62.928 52.597
291.991 104.757 64.320 53.760
291.991 102.434 64.320 53.760
289.885 103.233 65.743 54.950
287.513 105.131 65.743 54.950
287.513 107.504 65.743 54.950
286.089 108.927 65.743 54.950
285.140 111.300 65.743 54.950
284.887 110.217 67.198 56.165
285.372 111.186 67.198 56.165
283.919 113.607 67.198 56.165
283.660 113.955 68.685 57.408
281.675 115.443 68.685 57.408
282.171 116.435 68.685 57.408
281.675 118.419 68.685 57.408
282.171 120.404 68.685 57.408
283.164 118.916 68.685 57.408
282.667 121.396 68.685 57.408
281.412 117.784 70.204 58.678
281.919 119.308 70.204 58.678
280.904 119.816 70.204 58.678
281.412 120.324 70.204 58.678
281.919 121.847 70.204 58.678
279.380 122.355 70.204 58.678
278.364 124.386 70.204 58.678
277.857 124.386 70.204 58.678
277.857 125.402 70.204 58.678
275.825 127.433 70.204 58.678
277.857 126.926 70.204 58.678
278.872 125.910 70.204 58.678
277.857 125.402 70.204 58.678
278.872 127.433 70.204 58.678
277.857 127.433 70.204 58.678
275.317 127.941 70.204 58.678
276.841 132.512 70.204 58.678
274.302 133.528 70.204 58.678
272.270 137.082 70.204 58.678
270.747 136.575 70.204 58.678
269.462 136.433 71.758 59.977
266.356 136.433 71.758 59.977
267.909 143.163 71.758 59.977
264.804 144.198 71.758 59.977
262.733 146.269 71.758 59.977
264.286 148.339 71.758 59.977
264.804 151.963 71.758 59.977
266.874 157.139 71.758 59.977
267.116 159.064 73.345 61.304
266.057 161.711 73.345 61.304
265.775 160.503 74.968 62.660
264.151 162.127 74.968 62.660
266.316 163.209 74.968 62.660
264.692 164.833 74.968 62.660
265.234 164.833 74.968 62.660
264.692 165.915 74.968 62.660
263.069 166.998 74.968 62.660
263.610 168.080 74.968 62.660
260.363 168.080 74.968 62.660
259.822 168.621 74.968 62.660
257.116 169.162 74.968 62.660
257.657 168.621 74.968 62.660
256.034 168.621 74.968 62.660
257.116 169.703 74.968 62.660
256.034 168.621 74.968 62.660
256.034 170.245 74.968 62.660
256.034 169.162 74.968 62.660
254.951 170.786 74.968 62.660
255.492 170.245 74.968 62.660
254.951 171.868 74.968 62.660
253.328 172.409 74.968 62.660
254.410 173.492 74.968 62.660
