58.000 100.000 28.000 23.000
59.000 100.400 28.000 23.000
60.200 101.000 28.000 23.000
61.800 100.800 28.000 23.000
62.400 100.600 28.000 23.000
63.600 101.000 28.000 23.000
65.400 101.800 28.000 23.000
67.200 102.200 28.000 23.000
69.000 103.200 28.000 23.000
69.600 103.400 28.000 23.000
70.200 104.000 28.000 23.000
70.600 104.200 28.000 23.000
70.200 104.600 28.000 23.000
69.200 104.200 28.000 23.000
68.400 105.200 28.000 23.000
68.200 105.200 28.000 23.000
67.200 105.400 28.000 23.000
66.400 106.200 28.000 23.000
65.490 106.546 28.620 23.509
65.902 106.134 28.620 23.509
64.968 107.109 29.253 24.029
64.338 107.529 29.253 24.029
64.338 107.319 29.253 24.029
66.436 108.368 29.253 24.029
68.744 108.578 29.253 24.029
68.954 107.738 29.253 24.029
70.842 107.738 29.253 24.029
75.458 107.948 29.253 24.029
79.234 107.948 29.253 24.029
83.850 107.738 29.253 24.029
88.046 108.158 29.253 24.029
89.305 108.997 29.253 24.029
90.774 109.627 29.253 24.029
91.403 108.997 29.253 24.029
92.242 109.627 29.253 24.029
93.603 109.673 28.629 23.517
94.838 110.497 28.629 23.517
93.809 110.291 28.629 23.517
95.250 110.085 28.629 23.517
96.897 111.114 28.629 23.517
98.133 111.114 28.629 23.517
97.721 111.114 28.629 23.517
99.780 111.320 28.629 23.517
101.938 110.953 28.018 23.015
104.538 111.953 28.018 23.015
105.138 111.553 28.018 23.015
104.738 111.153 28.018 23.015
107.138 110.153 28.018 23.015
108.738 107.953 28.018 23.015
109.338 107.553 28.018 23.015
110.138 104.953 28.018 23.015
111.338 103.153 28.018 23.015
112.938 101.153 28.018 23.015
114.938 98.953 28.018 23.015
116.738 97.553 28.018 23.015
116.138 96.753 28.018 23.015
117.738 95.953 28.018 23.015
119.938 97.153 28.018 23.015
121.738 98.153 28.018 23.015
122.938 97.953 28.018 23.015
123.138 97.753 28.018 23.015
123.138 97.553 28.018 23.015
124.338 97.153 28.018 23.015
126.138 98.553 28.018 23.015
126.738 97.553 28.018 23.015
127.738 97.553 28.018 23.015
129.138 97.953 28.018 23.015
129.738 98.553 28.018 23.015
131.938 98.553 28.018 23.015
133.338 98.953 28.018 23.015
134.338 99.553 28.018 23.015
134.138 98.953 28.018 23.015
135.538 99.553 28.018 23.015
137.338 98.953 28.018 23.015
139.037 99.799 27.421 22.524
140.801 99.014 27.421 22.524
142.370 99.799 27.421 22.524
141.978 99.406 27.421 22.524
144.331 100.387 27.421 22.524
143.546 100.583 27.421 22.524
145.311 101.171 27.421 22.524
146.772 101.314 28.028 23.023
148.262 101.459 28.648 23.532
146.710 100.787 29.281 24.053
149.228 100.578 29.281 24.053
150.906 101.207 29.281 24.053
152.165 102.046 29.281 24.053
154.263 101.417 29.281 24.053
156.991 102.676 29.281 24.053
158.249 101.836 29.281 24.053
158.669 102.046 29.281 24.053
160.138 102.256 29.281 24.053
161.187 102.676 29.281 24.053
162.446 102.676 29.281 24.053
163.704 102.885 29.281 24.053
163.914 103.095 29.281 24.053
164.334 103.515 29.281 24.053
165.593 102.885 29.281 24.053
167.481 103.515 29.281 24.053
168.740 103.305 29.281 24.053
169.159 104.144 29.281 24.053
170.208 103.725 29.281 24.053
172.097 103.515 29.281 24.053
174.087 104.401 28.657 23.540
174.499 105.018 28.657 23.540
175.117 105.842 28.657 23.540
177.175 106.254 28.657 23.540
176.558 107.283 28.657 23.540
177.793 107.489 28.657 23.540
178.411 107.695 28.657 23.540
178.411 107.901 28.657 23.540
178.617 107.695 28.657 23.540
179.234 108.930 28.657 23.540
179.440 108.518 28.657 23.540
180.264 109.548 28.657 23.540
180.881 110.371 28.657 23.540
181.499 109.960 28.657 23.540
181.705 110.165 28.657 23.540
182.528 111.195 28.657 23.540
183.146 111.607 28.657 23.540
183.764 112.430 28.657 23.540
183.764 112.018 28.657 23.540
184.481 112.269 28.046 23.038
183.281 113.669 28.046 23.038
184.281 112.669 28.046 23.038
184.881 112.869 28.046 23.038
185.281 114.269 28.046 23.038
183.481 114.669 28.046 23.038
185.380 115.115 27.448 22.546
186.556 115.311 27.448 22.546
185.184 116.488 27.448 22.546
187.045 117.512 26.863 22.066
186.277 118.089 26.863 22.066
185.508 118.089 26.863 22.066
186.084 118.281 26.863 22.066
184.931 118.665 26.863 22.066
185.124 119.242 26.863 22.066
184.250 118.805 27.457 22.554
184.642 119.394 27.457 22.554
183.858 119.982 27.457 22.554
183.074 120.374 27.457 22.554
182.485 121.551 27.457 22.554
181.113 122.727 27.457 22.554
181.701 121.747 27.457 22.554
179.829 123.066 28.064 23.053
178.710 124.022 28.685 23.563
177.475 124.434 28.685 23.563
176.651 125.052 28.685 23.563
175.622 125.052 28.685 23.563
175.004 125.258 28.685 23.563
174.593 125.052 28.685 23.563
173.151 125.258 28.685 23.563
171.393 125.821 29.320 24.084
169.295 126.030 29.320 24.084
168.341 125.554 29.969 24.617
166.845 126.195 29.969 24.617
164.280 125.768 29.969 24.617
160.861 125.554 29.969 24.617
158.937 125.127 29.969 24.617
157.014 123.203 29.969 24.617
158.510 122.562 29.969 24.617
157.441 120.639 29.969 24.617
156.373 118.288 29.969 24.617
154.235 114.654 29.969 24.617
149.961 113.372 29.969 24.617
148.678 110.807 29.969 24.617
148.678 109.952 29.969 24.617
147.288 108.719 29.330 24.092
144.351 106.201 29.330 24.092
141.833 105.362 29.330 24.092
142.253 105.781 29.330 24.092
139.945 103.474 29.330 24.092
137.530 102.052 28.704 23.578
136.601 101.068 28.092 23.076
136.601 101.270 28.092 23.076
135.995 100.462 28.092 23.076
133.774 99.452 28.092 23.076
133.370 99.654 28.092 23.076
130.946 98.847 28.092 23.076
131.552 98.847 28.092 23.076
129.226 98.689 27.493 22.583
128.442 98.885 27.493 22.583
125.893 97.708 27.493 22.583
125.893 97.316 27.493 22.583
124.520 98.100 27.493 22.583
122.363 97.512 27.493 22.583
122.363 97.904 27.493 22.583
120.991 96.532 27.493 22.583
120.010 96.532 27.493 22.583
118.246 95.944 27.493 22.583
117.461 94.767 27.493 22.583
115.009 94.420 26.907 22.102
115.202 95.380 26.907 22.102
113.280 94.996 26.907 22.102
110.877 94.271 26.333 21.631
110.124 94.271 26.333 21.631
108.241 93.895 26.333 21.631
106.359 94.647 26.333 21.631
105.606 93.895 26.333 21.631
104.100 94.083 26.333 21.631
102.687 93.749 25.771 21.169
102.871 92.459 25.771 21.169
103.056 92.090 25.771 21.169
101.119 91.947 25.222 20.718
99.403 91.266 24.684 20.276
99.580 91.619 24.684 20.276
97.991 91.619 24.684 20.276
97.725 91.835 24.157 19.844
97.035 90.800 24.157 19.844
96.172 90.800 24.157 19.844
95.482 89.419 24.157 19.844
95.482 89.247 24.157 19.844
94.964 88.384 24.157 19.844
93.239 87.521 24.157 19.844
92.204 86.659 24.157 19.844
91.341 86.659 24.157 19.844
92.031 86.659 24.157 19.844
89.788 85.796 24.157 19.844
88.925 85.623 24.157 19.844
87.285 84.800 23.642 19.420
92.419 87.789 24.165 19.850
93.015 88.087 24.700 20.289
91.683 86.803 25.246 20.738
90.781 86.262 25.246 20.738
89.338 85.721 25.246 20.738
88.436 84.458 25.246 20.738
87.534 85.360 25.246 20.738
86.632 83.917 25.246 20.738
86.271 83.376 25.246 20.738
85.811 83.507 25.805 21.197
85.258 82.217 25.805 21.197
84.152 82.770 25.805 21.197
82.862 81.296 25.805 21.197
81.756 80.558 25.805 21.197
80.466 79.084 25.805 21.197
80.835 80.190 25.805 21.197
79.545 78.900 25.805 21.197
78.623 77.794 25.805 21.197
79.360 78.347 25.805 21.197
78.254 78.531 25.805 21.197
77.333 77.241 25.805 21.197
76.679 77.743 26.376 21.666
77.620 77.367 26.376 21.666
76.679 76.238 26.376 21.666
75.549 75.296 26.376 21.666
74.608 74.543 26.376 21.666
73.102 74.732 26.376 21.666
72.161 74.543 26.376 21.666
72.537 73.414 26.376 21.666
72.066 72.516 25.814 21.204
72.803 73.069 25.814 21.204
70.591 72.331 25.814 21.204
70.038 72.884 25.814 21.204
70.591 71.225 25.814 21.204
70.038 71.410 25.814 21.204
70.776 69.935 25.814 21.204
69.854 70.120 25.814 21.204
69.485 69.014 25.814 21.204
69.854 69.198 25.814 21.204
68.564 67.908 25.814 21.204
69.117 67.171 25.814 21.204
68.380 67.908 25.814 21.204
67.458 66.802 25.814 21.204
67.827 66.802 25.814 21.204
68.380 65.880 25.814 21.204
68.011 66.065 25.814 21.204
68.932 65.696 25.814 21.204
68.011 64.774 25.814 21.204
66.905 63.853 25.814 21.204
66.536 63.669 25.814 21.204
65.799 62.931 25.814 21.204
65.062 61.825 25.814 21.204
65.983 62.563 25.814 21.204
65.983 61.825 25.814 21.204
65.615 62.010 25.814 21.204
64.693 61.088 25.814 21.204
63.587 60.167 25.814 21.204
65.246 59.798 25.814 21.204
64.693 60.167 25.814 21.204
65.799 59.429 25.814 21.204
65.521 58.365 25.263 20.752
64.980 57.824 25.263 20.752
65.161 57.283 25.263 20.752
65.791 58.226 24.724 20.309
65.085 56.990 24.724 20.309
65.438 56.461 24.724 20.309
64.908 56.814 24.724 20.309
63.850 55.755 24.724 20.309
63.320 55.226 24.724 20.309
63.673 54.696 24.724 20.309
62.967 55.049 24.724 20.309
64.113 53.678 24.197 19.876
63.251 52.987 24.197 19.876
64.286 53.505 24.197 19.876
65.321 52.815 24.197 19.876
64.803 52.815 24.197 19.876
66.097 53.372 23.681 19.452
65.926 51.666 23.681 19.452
66.861 52.556 23.176 19.037
66.194 52.222 23.176 19.037
67.028 52.056 23.176 19.037
65.694 50.889 23.176 19.037
66.108 50.092 22.682 18.631
65.945 49.767 22.682 18.631
65.783 49.441 22.682 18.631
66.922 50.092 22.682 18.631
65.048 48.989 22.198 18.234
64.730 47.877 22.198 18.234
65.761 49.183 21.725 17.845
65.142 48.254 21.725 17.845
63.593 47.324 21.725 17.845
64.367 47.015 21.725 17.845
63.359 47.824 21.261 17.465
61.830 46.295 21.261 17.465
62.974 46.175 20.808 17.092
61.633 45.728 20.808 17.092
60.888 46.473 20.808 17.092
61.484 45.728 20.808 17.092
60.441 45.430 20.808 17.092
59.398 44.834 20.808 17.092
59.994 45.728 20.808 17.092
60.292 44.983 20.808 17.092
58.802 44.089 20.808 17.092
57.759 43.195 20.808 17.092
58.057 43.344 20.808 17.092
56.567 42.599 20.808 17.092
56.716 43.046 20.808 17.092
57.610 42.152 20.808 17.092
56.716 41.854 20.808 17.092
55.971 42.152 20.808 17.092
55.076 41.109 20.808 17.092
55.523 41.407 20.808 17.092
54.778 41.705 20.808 17.092
53.735 41.556 20.808 17.092
51.798 40.811 20.808 17.092
50.904 40.811 20.808 17.092
50.010 40.513 20.808 17.092
49.861 40.066 20.808 17.092
47.991 39.131 21.268 17.470
46.615 39.437 21.268 17.470
45.850 39.437 21.268 17.470
45.238 39.590 21.268 17.470
44.474 39.590 21.268 17.470
43.709 39.437 21.268 17.470
42.791 39.131 21.268 17.470
42.027 38.978 21.268 17.470
39.803 38.785 21.739 17.857
38.014 39.517 22.220 18.252
37.219 39.517 22.220 18.252
37.061 39.676 22.220 18.252
36.425 39.994 22.220 18.252
36.902 39.041 22.220 18.252
35.314 39.517 22.220 18.252
35.472 40.470 22.220 18.252
35.472 40.788 22.220 18.252
33.956 41.380 22.712 18.656
32.654 41.705 22.712 18.656
31.752 41.662 23.214 19.069
30.828 42.117 23.728 19.491
31.511 42.970 23.728 19.491
30.487 43.823 23.728 19.491
29.464 44.165 23.728 19.491
30.146 45.017 23.728 19.491
29.293 44.506 23.728 19.491
29.634 44.847 23.728 19.491
28.781 44.676 23.728 19.491
29.634 44.506 23.728 19.491
28.611 44.676 23.728 19.491
27.246 45.188 23.728 19.491
26.734 45.700 23.728 19.491
27.075 45.017 23.728 19.491
25.881 46.041 23.728 19.491
24.517 46.212 23.728 19.491
23.322 47.065 23.728 19.491
23.322 46.382 23.728 19.491
22.470 47.235 23.728 19.491
21.446 47.917 23.728 19.491
22.470 48.429 23.728 19.491
22.640 47.747 23.728 19.491
22.811 47.917 23.728 19.491
21.617 48.941 23.728 19.491
22.299 50.817 23.728 19.491
21.446 50.988 23.728 19.491
21.787 52.523 23.728 19.491
21.787 52.523 23.728 19.491
21.617 51.841 23.728 19.491
21.958 52.182 23.728 19.491
21.958 52.694 23.728 19.491
21.446 52.694 23.728 19.491
20.422 53.547 23.728 19.491
20.934 54.059 23.728 19.491
21.446 54.570 23.728 19.491
20.164 54.949 23.222 19.075
20.164 55.449 23.222 19.075
18.997 56.949 23.222 19.075
19.911 57.319 22.726 18.668
18.609 57.970 22.726 18.668
17.958 58.458 22.726 18.668
18.852 59.308 22.242 18.270
18.058 58.514 22.242 18.270
17.105 59.149 22.242 18.270
18.058 58.514 22.242 18.270
18.852 60.102 22.242 18.270
20.201 60.932 21.767 17.880
19.887 61.717 21.767 17.880
20.514 61.246 21.767 17.880
20.985 60.932 21.767 17.880
21.612 62.344 21.767 17.880
22.397 61.403 21.767 17.880
22.397 62.030 21.767 17.880
22.710 62.972 21.767 17.880
23.495 63.442 21.767 17.880
23.652 63.442 21.767 17.880
24.436 64.226 21.767 17.880
23.965 63.756 21.767 17.880
24.593 64.854 21.767 17.880
25.063 65.638 21.767 17.880
26.004 66.423 21.767 17.880
26.789 67.050 21.767 17.880
27.887 68.462 21.767 17.880
28.201 67.677 21.767 17.880
27.103 68.619 21.767 17.880
27.887 68.305 21.767 17.880
28.671 68.619 21.767 17.880
29.769 69.403 21.767 17.880
30.710 69.874 21.767 17.880
30.240 70.344 21.767 17.880
31.181 70.030 21.767 17.880
31.495 71.285 21.767 17.880
32.279 71.599 21.767 17.880
32.906 72.226 21.767 17.880
33.534 71.442 21.767 17.880
35.103 72.383 21.767 17.880
36.514 73.324 21.767 17.880
35.730 73.481 21.767 17.880
36.985 73.795 21.767 17.880
38.240 74.579 21.767 17.880
38.083 75.050 21.767 17.880
39.495 75.834 21.767 17.880
39.338 75.834 21.767 17.880
40.122 76.148 21.767 17.880
40.436 76.305 21.767 17.880
41.377 77.246 21.767 17.880
42.004 77.874 21.767 17.880
42.632 78.501 21.767 17.880
42.632 77.403 21.767 17.880
43.103 78.187 21.767 17.880
44.201 78.344 21.767 17.880
44.357 78.972 21.767 17.880
44.514 79.599 21.767 17.880
45.455 79.442 21.767 17.880
46.083 79.442 21.767 17.880
47.808 80.383 21.767 17.880
47.965 80.070 21.767 17.880
49.377 80.540 21.767 17.880
50.161 81.324 21.767 17.880
51.259 81.638 21.767 17.880
52.514 82.109 21.767 17.880
52.828 81.481 21.767 17.880
53.926 82.423 21.767 17.880
55.024 83.364 21.767 17.880
56.279 83.834 21.767 17.880
55.965 84.462 21.767 17.880
56.823 83.636 22.249 18.276
57.775 84.589 22.249 18.276
58.411 85.384 22.249 18.276
58.411 85.225 22.249 18.276
59.118 85.817 22.741 18.680
59.680 86.098 23.244 19.094
59.923 86.554 23.759 19.516
60.946 86.895 23.759 19.516
60.683 87.020 24.284 19.948
61.730 87.718 24.284 19.948
62.428 87.195 24.284 19.948
63.475 87.544 24.284 19.948
64.428 88.370 24.822 20.389
64.964 88.548 24.822 20.389
65.403 89.037 25.371 20.840
66.034 88.806 25.932 21.301
67.897 89.551 25.932 21.301
69.387 89.179 25.932 21.301
70.877 89.924 25.932 21.301
72.740 90.669 25.932 21.301
72.553 90.110 25.932 21.301
73.671 91.414 25.932 21.301
74.975 91.228 25.932 21.301
76.838 92.532 25.932 21.301
76.838 91.414 25.932 21.301
78.514 92.345 25.932 21.301
79.159 93.600 26.506 21.773
80.007 93.739 27.092 22.255
81.171 94.128 27.092 22.255
82.425 94.852 27.692 22.747
83.217 94.852 27.692 22.747
84.603 95.842 27.692 22.747
85.881 95.591 28.305 23.250
85.972 95.333 28.931 23.765
85.236 94.655 29.571 24.290
86.507 95.502 29.571 24.290
88.624 95.502 29.571 24.290
90.530 96.137 29.571 24.290
90.530 95.714 29.571 24.290
92.648 96.561 29.571 24.290
94.015 96.716 30.225 24.828
95.956 96.931 30.225 24.828
95.956 97.147 30.225 24.828
97.682 96.716 30.225 24.828
98.976 97.147 30.225 24.828
100.917 96.931 30.225 24.828
102.858 98.010 30.225 24.828
104.584 98.225 30.225 24.828
104.152 97.363 30.225 24.828
106.956 97.794 30.225 24.828
108.897 99.088 30.225 24.828
109.857 98.598 30.894 25.377
111.509 99.868 31.577 25.939
111.735 99.642 31.577 25.939
112.738 99.807 32.276 26.512
115.052 99.575 32.276 26.512
116.672 100.269 32.276 26.512
118.986 99.807 32.276 26.512
118.291 99.344 32.276 26.512
119.911 99.575 32.276 26.512
121.762 100.038 32.276 26.512
124.538 99.112 32.276 26.512
124.770 99.344 32.276 26.512
127.084 99.807 32.276 26.512
128.703 99.344 32.276 26.512
131.017 100.038 32.276 26.512
130.323 99.807 32.276 26.512
132.636 99.344 32.276 26.512
134.130 99.513 32.990 27.099
135.554 99.513 32.990 27.099
137.452 99.513 32.990 27.099
137.215 99.750 32.990 27.099
139.350 99.513 32.990 27.099
139.113 99.750 32.990 27.099
139.934 99.451 33.720 27.699
142.938 98.421 34.466 28.311
142.690 98.421 34.466 28.311
145.161 97.927 34.466 28.311
147.138 98.668 34.466 28.311
148.867 97.185 34.466 28.311
150.102 97.433 34.466 28.311
150.349 96.691 34.466 28.311
150.843 97.185 34.466 28.311
152.079 96.444 34.466 28.311
152.573 95.703 34.466 28.311
154.055 96.197 34.466 28.311
156.279 95.209 34.466 28.311
156.773 95.950 34.466 28.311
158.502 94.962 34.466 28.311
160.726 94.468 34.466 28.311
162.455 93.727 34.466 28.311
162.949 93.727 34.466 28.311
163.443 93.727 34.466 28.311
161.961 92.738 34.466 28.311
163.196 92.244 34.466 28.311
164.926 92.985 34.466 28.311
166.655 91.997 34.466 28.311
166.902 92.244 34.466 28.311
168.138 91.997 34.466 28.311
169.867 91.503 34.466 28.311
170.855 90.515 34.466 28.311
171.596 89.280 34.466 28.311
172.705 91.558 33.731 27.708
173.187 90.593 33.731 27.708
173.670 89.629 33.731 27.708
175.718 88.477 33.012 27.117
177.730 88.054 32.308 26.539
179.232 89.263 31.619 25.973
178.330 88.135 31.619 25.973
179.457 89.263 31.619 25.973
177.879 87.459 31.619 25.973
179.232 88.586 31.619 25.973
179.232 87.008 31.619 25.973
180.471 88.863 30.945 25.419
181.687 87.583 30.285 24.877
181.905 87.801 30.285 24.877
182.122 86.930 30.285 24.877
181.034 86.277 30.285 24.877
179.728 84.971 30.285 24.877
179.075 85.842 30.285 24.877
180.164 85.624 30.285 24.877
182.010 84.801 29.639 24.346
180.104 83.954 29.639 24.346
177.563 82.472 29.639 24.346
179.045 82.472 29.639 24.346
180.528 82.472 29.639 24.346
179.150 82.096 29.007 23.827
177.279 81.057 29.007 23.827
178.318 82.096 29.007 23.827
172.386 78.923 29.649 24.354
170.056 77.441 29.649 24.354
170.575 78.230 30.305 24.893
169.487 78.230 30.305 24.893
171.010 78.230 30.305 24.893
169.922 77.795 30.305 24.893
168.834 78.230 30.305 24.893
167.310 77.142 30.305 24.893
167.746 76.706 30.305 24.893
166.875 77.142 30.305 24.893
165.352 76.271 30.305 24.893
164.481 76.924 30.305 24.893
163.393 77.577 30.305 24.893
157.399 74.908 30.975 25.444
153.511 73.297 31.660 26.007
152.024 72.099 32.361 26.582
150.404 73.950 32.361 26.582
147.859 73.256 32.361 26.582
148.784 72.099 32.361 26.582
149.247 71.636 32.361 26.582
149.710 71.174 32.361 26.582
146.807 71.805 33.077 27.170
147.993 71.093 33.077 27.170
146.569 69.433 33.077 27.170
145.383 69.907 33.077 27.170
144.197 70.619 33.077 27.170
143.356 68.183 33.809 27.771
144.430 68.840 34.557 28.386
143.441 69.582 34.557 28.386
142.947 70.076 34.557 28.386
142.947 71.311 34.557 28.386
142.565 69.268 35.321 29.014
141.806 71.038 35.321 29.014
137.377 68.312 34.568 28.395
136.636 67.077 34.568 28.395
128.110 67.874 33.831 27.790
126.039 68.413 33.109 27.197
126.277 67.702 33.109 27.197
125.443 68.466 32.403 26.617
122.667 67.772 32.403 26.617
121.279 67.541 32.403 26.617
119.763 66.089 33.120 27.206
120.712 66.801 33.120 27.206
122.136 65.852 33.120 27.206
123.085 66.326 33.120 27.206
122.136 67.275 33.120 27.206
117.270 65.668 32.414 26.626
114.376 65.026 31.723 26.058
116.196 65.026 31.723 26.058
114.603 63.206 31.723 26.058
113.466 63.889 31.723 26.058
111.530 64.394 31.046 25.502
110.422 63.286 31.046 25.502
111.751 63.508 31.046 25.502
109.757 62.843 31.046 25.502
107.208 62.450 30.384 24.958
107.426 62.015 30.384 24.958
106.337 63.103 30.384 24.958
105.684 61.580 30.384 24.958
104.814 62.668 30.384 24.958
103.290 62.015 30.384 24.958
104.050 63.369 29.736 24.426
101.161 61.920 29.102 23.905
100.016 61.967 28.481 23.395
98.793 61.151 28.481 23.395
98.385 61.355 28.481 23.395
98.181 59.724 28.481 23.395
98.181 59.928 28.481 23.395
96.957 60.132 28.481 23.395
96.346 59.724 28.481 23.395
95.938 59.316 28.481 23.395
94.510 58.092 28.481 23.395
94.102 58.908 28.481 23.395
93.183 58.750 27.874 22.897
91.480 57.994 27.280 22.408
90.499 57.602 27.280 22.408
88.931 57.014 27.280 22.408
87.754 57.798 27.280 22.408
89.715 57.994 27.280 22.408
87.754 56.621 27.280 22.408
88.146 56.621 27.280 22.408
85.990 55.641 27.280 22.408
84.225 55.641 27.280 22.408
82.460 55.053 27.280 22.408
83.339 56.076 26.698 21.930
81.610 55.115 26.698 21.930
80.841 54.539 26.698 21.930
81.033 53.770 26.698 21.930
81.610 53.962 26.698 21.930
80.841 54.154 26.698 21.930
81.802 54.539 26.698 21.930
80.265 53.578 26.698 21.930
79.688 53.001 26.698 21.930
80.265 53.578 26.698 21.930
78.343 52.617 26.698 21.930
77.190 52.617 26.698 21.930
76.806 52.617 26.698 21.930
77.859 52.275 26.129 21.463
76.183 51.902 26.129 21.463
77.114 51.902 26.129 21.463
76.648 51.758 25.571 21.005
75.918 51.758 25.571 21.005
75.189 51.758 25.571 21.005
75.554 51.576 25.571 21.005
75.279 51.070 25.026 20.557
74.387 51.249 25.026 20.557
75.279 50.535 25.026 20.557
73.852 49.821 25.026 20.557
74.744 49.821 25.026 20.557
74.030 49.108 25.026 20.557
72.960 49.286 25.026 20.557
72.067 48.037 25.026 20.557
68.142 48.216 25.026 20.557
66.981 47.721 24.492 20.119
67.854 46.848 24.492 20.119
67.156 46.674 24.492 20.119
66.109 46.325 24.492 20.119
65.585 46.848 24.492 20.119
64.189 45.801 24.492 20.119
63.927 45.667 23.970 19.690
62.719 44.977 23.970 19.690
63.147 45.532 23.459 19.270
63.653 45.869 23.459 19.270
62.135 44.520 23.459 19.270
60.868 44.894 22.959 18.859
61.362 44.565 22.959 18.859
60.703 44.071 22.959 18.859
59.056 44.071 22.959 18.859
57.903 44.071 22.959 18.859
56.585 42.918 22.959 18.859
55.762 42.424 22.959 18.859
56.666 41.966 22.469 18.457
55.862 42.448 22.469 18.457
56.905 41.841 21.990 18.063
55.964 41.841 21.990 18.063
55.493 41.998 21.990 18.063
55.023 41.684 21.990 18.063
54.552 41.370 21.990 18.063
53.768 41.841 21.990 18.063
52.513 41.057 21.990 18.063
51.172 41.014 22.476 18.463
50.368 40.531 22.476 18.463
49.564 40.049 22.476 18.463
48.438 40.210 22.476 18.463
47.474 40.210 22.476 18.463
46.670 40.049 22.476 18.463
46.187 39.888 22.476 18.463
45.866 39.567 22.476 18.463
44.419 39.084 22.476 18.463
43.132 39.567 22.476 18.463
43.936 38.763 22.476 18.463
42.650 39.084 22.476 18.463
38.952 39.084 22.476 18.463
38.148 38.441 22.476 18.463
38.309 37.637 22.476 18.463
36.862 37.798 22.476 18.463
37.183 37.959 22.476 18.463
38.148 37.637 22.476 18.463
37.344 37.155 22.476 18.463
38.148 37.637 22.476 18.463
37.505 36.833 22.476 18.463
36.862 37.155 22.476 18.463
35.897 37.798 22.476 18.463
34.450 37.476 22.476 18.463
33.164 36.994 22.476 18.463
32.681 37.637 22.476 18.463
31.878 37.316 22.476 18.463
31.074 36.994 22.476 18.463
30.430 37.476 22.476 18.463
26.250 37.476 22.476 18.463
26.250 37.637 22.476 18.463
25.446 38.120 22.476 18.463
24.481 38.280 22.476 18.463
24.803 37.476 22.476 18.463
25.768 37.316 22.476 18.463
25.285 36.994 22.476 18.463
24.642 37.798 22.476 18.463
25.125 36.994 22.476 18.463
25.607 37.316 22.476 18.463
24.642 37.316 22.476 18.463
24.481 37.959 22.476 18.463
25.203 38.960 21.997 18.069
25.909 38.682 21.528 17.684
25.134 39.456 21.528 17.684
26.218 40.541 21.528 17.684
25.599 41.935 21.528 17.684
24.205 42.709 21.528 17.684
24.824 42.399 21.528 17.684
24.205 42.399 21.528 17.684
23.740 43.019 21.528 17.684
24.279 44.602 21.069 17.307
24.806 45.239 20.620 16.937
24.512 46.121 20.620 16.937
25.100 45.974 20.620 16.937
24.659 46.710 20.620 16.937
24.806 47.445 20.620 16.937
23.777 48.327 20.620 16.937
23.702 49.390 20.180 16.576
24.788 50.002 19.749 16.223
23.800 51.132 19.749 16.223
23.517 51.979 19.749 16.223
25.070 51.838 19.749 16.223
24.788 51.838 19.749 16.223
24.506 51.838 19.749 16.223
25.212 52.261 19.749 16.223
24.506 53.532 19.749 16.223
25.070 53.391 19.749 16.223
24.647 53.249 19.749 16.223
23.659 54.944 19.749 16.223
23.800 55.932 19.749 16.223
24.082 56.214 19.749 16.223
24.364 56.496 19.749 16.223
24.788 56.214 19.749 16.223
23.800 57.626 19.749 16.223
23.941 57.908 19.749 16.223
24.082 58.191 19.749 16.223
23.517 59.320 19.749 16.223
24.506 59.461 19.749 16.223
24.647 58.896 19.749 16.223
23.941 60.308 19.749 16.223
24.647 60.873 19.749 16.223
25.212 60.591 19.749 16.223
25.635 60.873 19.749 16.223
25.070 61.720 19.749 16.223
25.917 62.426 19.749 16.223
25.635 62.002 19.749 16.223
25.776 62.991 19.749 16.223
26.341 63.273 19.749 16.223
26.764 64.261 19.749 16.223
27.047 64.685 19.749 16.223
27.470 65.249 19.749 16.223
28.600 66.520 19.749 16.223
28.882 66.379 19.749 16.223
27.963 67.116 19.328 15.877
28.381 68.091 19.328 15.877
29.422 69.792 18.916 15.538
29.828 70.739 18.916 15.538
29.422 71.550 18.916 15.538
30.099 71.009 18.916 15.538
29.828 71.686 18.916 15.538
29.963 71.280 18.916 15.538
30.775 71.686 18.916 15.538
31.858 72.362 18.916 15.538
31.452 73.445 18.916 15.538
33.075 74.256 18.916 15.538
32.805 73.986 18.916 15.538
32.534 75.068 18.916 15.538
33.887 75.609 18.916 15.538
33.752 76.015 18.916 15.538
33.616 77.368 18.916 15.538
33.346 78.045 18.916 15.538
34.428 78.315 18.916 15.538
34.969 79.939 18.916 15.538
33.887 80.750 18.916 15.538
34.293 80.209 18.916 15.538
34.563 81.698 18.916 15.538
33.137 83.014 19.335 15.882
32.997 83.849 19.335 15.882
33.554 84.684 19.335 15.882
34.111 85.520 19.335 15.882
33.554 86.216 19.335 15.882
34.529 88.165 19.335 15.882
35.086 87.886 19.335 15.882
35.782 88.304 19.335 15.882
36.199 89.139 19.335 15.882
35.642 88.443 19.335 15.882
36.617 88.583 19.335 15.882
36.060 89.139 19.335 15.882
36.542 90.356 19.762 16.233
37.171 91.023 20.200 16.593
37.316 90.443 20.200 16.593
37.461 89.863 20.200 16.593
38.041 90.298 20.200 16.593
36.947 90.840 20.647 16.960
37.536 92.604 20.647 16.960
38.271 93.193 20.647 16.960
37.683 93.928 20.647 16.960
37.094 94.075 20.647 16.960
36.212 93.487 20.647 16.960
39.594 99.222 20.647 16.960
40.395 99.917 21.103 17.335
40.766 101.084 21.570 17.718
40.456 102.633 21.570 17.718
39.682 101.549 21.570 17.718
40.921 102.168 21.570 17.718
42.160 102.633 21.570 17.718
41.612 102.747 22.048 18.111
42.088 103.064 22.048 18.111
41.453 102.588 22.048 18.111
42.406 101.476 22.048 18.111
41.929 101.635 22.048 18.111
42.564 101.794 22.048 18.111
43.517 102.747 22.048 18.111
43.994 103.064 22.048 18.111
44.629 103.541 22.048 18.111
45.338 106.517 22.535 18.511
45.660 107.642 22.535 18.511
45.981 108.125 22.535 18.511
46.303 109.572 22.535 18.511
45.499 109.893 22.535 18.511
46.464 111.180 22.535 18.511
46.624 112.627 22.535 18.511
45.821 111.984 22.535 18.511
46.303 112.948 22.535 18.511
46.785 113.270 22.535 18.511
47.340 113.387 23.034 18.921
47.834 113.881 23.034 18.921
48.163 115.528 23.034 18.921
47.340 115.528 23.034 18.921
47.999 116.022 23.034 18.921
50.469 116.351 23.034 18.921
51.952 116.516 23.034 18.921
53.185 116.718 22.543 18.517
53.989 118.004 22.543 18.517
55.276 118.969 22.543 18.517
56.401 120.416 22.543 18.517
57.116 121.337 23.042 18.927
56.038 121.786 23.551 19.346
58.230 122.460 23.551 19.346
60.085 125.159 23.551 19.346
59.411 124.990 23.551 19.346
59.656 124.776 24.072 19.774
58.448 125.294 24.072 19.774
60.001 128.054 24.072 19.774
58.448 129.090 24.072 19.774
60.174 130.643 24.072 19.774
60.864 130.643 24.072 19.774
60.174 131.160 24.072 19.774
61.554 131.850 24.072 19.774
61.727 132.368 24.072 19.774
62.501 133.614 23.559 19.352
62.921 133.652 23.057 18.939
64.238 134.970 23.057 18.939
64.732 135.793 23.057 18.939
66.380 137.275 23.057 18.939
69.344 138.099 23.057 18.939
70.077 139.701 23.567 19.358
70.415 141.219 23.567 19.358
72.101 141.050 23.567 19.358
72.346 141.848 24.088 19.787
73.554 142.711 24.088 19.787
74.417 143.918 24.088 19.787
75.452 144.264 24.088 19.787
75.452 145.471 24.088 19.787
75.970 146.852 24.088 19.787
76.487 148.060 24.088 19.787
77.005 149.095 24.088 19.787
77.523 149.095 24.088 19.787
76.832 150.820 24.088 19.787
77.695 152.373 24.088 19.787
78.291 153.535 24.621 20.224
79.350 153.711 24.621 20.224
80.762 154.594 24.621 20.224
81.468 153.888 24.621 20.224
82.174 156.535 24.621 20.224
84.025 157.986 24.096 19.793
86.095 158.503 24.096 19.793
86.440 159.366 24.096 19.793
89.546 161.092 24.096 19.793
91.444 161.437 24.096 19.793
94.634 163.718 23.582 19.371
94.803 164.393 23.582 19.371
95.054 164.599 23.079 18.958
96.372 165.423 23.079 18.958
97.854 167.564 23.079 18.958
99.666 169.376 23.079 18.958
99.740 169.825 23.590 19.377
101.089 171.005 23.590 19.377
103.450 172.692 23.590 19.377
105.474 174.884 23.590 19.377
107.666 176.233 23.590 19.377
107.834 176.739 23.590 19.377
108.255 178.294 23.087 18.964
109.902 179.283 23.087 18.964
128.184 192.130 23.087 18.964
129.008 193.447 23.087 18.964
131.313 194.765 23.087 18.964
134.023 196.038 23.598 19.384
134.529 196.038 23.598 19.384
137.564 198.230 23.598 19.384
141.442 199.747 23.598 19.384
142.285 201.096 23.598 19.384
143.803 203.794 23.598 19.384
145.321 204.638 23.598 19.384
146.838 205.143 23.598 19.384
149.950 205.266 24.120 19.813
152.538 206.819 24.120 19.813
151.581 207.118 24.653 20.251
152.640 208.176 24.653 20.251
156.432 208.745 24.128 19.819
160.746 212.541 24.128 19.819
160.228 213.059 24.128 19.819
162.722 213.530 24.662 20.258
163.685 212.776 25.207 20.706
163.324 213.137 25.207 20.706
172.885 214.039 25.207 20.706
174.236 214.080 24.670 20.264
178.205 214.119 24.144 19.832
180.793 214.637 24.144 19.832
182.776 214.503 23.629 19.409
183.619 215.009 23.629 19.409
186.148 215.684 23.629 19.409
188.248 214.626 24.151 19.839
193.252 215.143 24.151 19.839
196.875 215.143 24.151 19.839
201.707 216.006 24.151 19.839
201.879 216.524 24.151 19.839
203.165 214.061 24.686 20.278
