197.000 87.000 38.000 18.000
197.000 87.435 38.000 18.000
196.782 87.871 38.000 18.000
196.347 87.218 38.000 18.000
197.435 87.435 38.000 18.000
197.871 87.435 38.000 18.000
197.435 86.782 38.000 18.000
198.524 86.129 38.000 18.000
197.871 87.000 38.000 18.000
197.871 87.218 38.000 18.000
197.435 87.653 38.000 18.000
197.435 87.218 38.000 18.000
197.218 87.435 38.000 18.000
196.782 87.653 38.000 18.000
196.129 86.565 38.000 18.000
196.565 86.129 38.000 18.000
195.694 86.782 38.000 18.000
195.041 86.565 38.000 18.000
194.606 86.565 38.000 18.000
193.735 86.347 38.000 18.000
192.865 87.000 38.000 18.000
192.429 86.347 38.000 18.000
193.953 86.782 38.000 18.000
193.300 86.782 38.000 18.000
193.300 87.218 38.000 18.000
192.865 87.871 38.000 18.000
191.776 87.871 38.000 18.000
191.559 87.871 38.000 18.000
191.124 87.871 38.000 18.000
191.124 87.435 38.000 18.000
191.994 87.653 38.000 18.000
192.212 86.782 38.000 18.000
192.647 87.000 38.000 18.000
191.776 87.218 38.000 18.000
192.212 87.218 38.000 18.000
192.647 86.782 38.000 18.000
191.994 86.347 38.000 18.000
191.994 87.435 38.000 18.000
191.994 87.218 38.000 18.000
191.994 87.000 38.000 18.000
191.559 86.782 38.000 18.000
190.906 86.782 38.000 18.000
190.906 86.782 38.000 18.000
190.906 86.347 38.000 18.000
190.253 86.565 38.000 18.000
190.471 85.694 38.000 18.000
190.688 85.912 38.000 18.000
189.818 86.782 38.000 18.000
189.600 86.782 38.000 18.000
188.294 87.218 38.000 18.000
188.294 87.871 38.000 18.000
187.424 88.088 38.000 18.000
187.206 88.088 38.000 18.000
186.771 88.306 38.000 18.000
186.118 88.741 38.000 18.000
185.900 88.741 38.000 18.000
185.465 88.741 38.000 18.000
185.465 88.959 38.000 18.000
185.682 88.959 38.000 18.000
184.812 88.959 38.000 18.000
184.376 88.959 38.000 18.000
184.376 88.959 38.000 18.000
184.159 88.959 38.000 18.000
183.941 88.959 38.000 18.000
183.506 88.959 38.000 18.000
182.418 89.394 38.000 18.000
183.071 90.047 38.000 18.000
182.853 90.047 38.000 18.000
182.418 90.047 38.000 18.000
183.724 90.265 38.000 18.000
183.071 90.700 38.000 18.000
182.635 90.482 38.000 18.000
182.635 90.918 38.000 18.000
182.200 90.265 38.000 18.000
183.071 90.482 38.000 18.000
182.418 90.482 38.000 18.000
183.071 90.482 38.000 18.000
183.071 90.700 38.000 18.000
184.594 89.829 38.000 18.000
183.724 90.918 38.000 18.000
183.724 91.788 38.000 18.000
183.086 91.154 38.841 18.398
183.307 92.262 38.841 18.398
183.086 92.926 38.841 18.398
181.756 93.591 38.841 18.398
183.086 93.813 38.841 18.398
182.199 94.256 38.841 18.398
181.756 94.920 38.841 18.398
182.864 94.920 38.841 18.398
182.864 94.477 38.841 18.398
183.972 93.813 38.841 18.398
183.750 93.813 38.841 18.398
185.080 93.591 38.841 18.398
185.744 93.148 38.841 18.398
185.523 93.370 38.841 18.398
185.080 92.705 38.841 18.398
185.966 93.148 38.841 18.398
185.744 94.256 38.841 18.398
185.523 94.699 38.841 18.398
185.301 94.477 38.841 18.398
185.523 94.256 38.841 18.398
185.744 94.699 38.841 18.398
185.966 93.591 38.841 18.398
185.744 93.370 38.841 18.398
185.744 92.705 38.841 18.398
185.966 92.262 38.841 18.398
186.631 92.262 38.841 18.398
185.523 91.819 38.841 18.398
184.858 91.375 38.841 18.398
184.858 90.489 38.841 18.398
184.858 90.489 38.841 18.398
185.080 90.489 38.841 18.398
185.523 90.046 38.841 18.398
185.301 90.711 38.841 18.398
185.080 90.489 38.841 18.398
186.631 89.381 38.841 18.398
186.409 89.381 38.841 18.398
185.966 89.381 38.841 18.398
185.966 89.160 38.841 18.398
185.966 89.603 38.841 18.398
185.966 88.938 38.841 18.398
185.523 89.381 38.841 18.398
184.636 89.381 38.841 18.398
184.636 89.603 38.841 18.398
184.415 89.824 38.841 18.398
183.972 90.268 38.841 18.398
183.972 90.932 38.841 18.398
183.972 91.154 38.841 18.398
183.529 91.819 38.841 18.398
183.086 91.819 38.841 18.398
182.642 91.819 38.841 18.398
182.421 92.262 38.841 18.398
182.642 92.483 38.841 18.398
182.421 91.597 38.841 18.398
182.642 91.375 38.841 18.398
182.864 91.375 38.841 18.398
181.978 91.154 38.841 18.398
182.642 91.154 38.841 18.398
182.642 90.932 38.841 18.398
183.750 90.489 38.841 18.398
183.972 89.381 38.841 18.398
184.415 89.381 38.841 18.398
183.086 89.381 38.841 18.398
182.864 89.603 38.841 18.398
183.099 89.621 39.700 18.805
182.644 89.166 39.700 18.805
182.417 89.166 39.700 18.805
182.417 88.484 39.700 18.805
181.962 88.256 39.700 18.805
183.099 88.256 39.700 18.805
182.644 88.484 39.700 18.805
181.734 89.393 39.700 18.805
181.750 89.185 40.578 19.221
181.750 89.185 40.578 19.221
182.213 89.185 40.578 19.221
181.287 89.185 40.578 19.221
181.056 88.260 40.578 19.221
181.056 88.029 40.578 19.221
181.981 87.103 40.578 19.221
181.519 87.334 40.578 19.221
180.824 87.334 40.578 19.221
181.750 87.334 40.578 19.221
180.593 87.566 40.578 19.221
181.287 87.566 40.578 19.221
180.593 87.797 40.578 19.221
180.824 87.334 40.578 19.221
180.593 86.640 40.578 19.221
180.824 86.872 40.578 19.221
182.444 87.566 40.578 19.221
182.675 87.334 40.578 19.221
182.675 87.566 40.578 19.221
184.064 87.566 40.578 19.221
184.758 87.566 40.578 19.221
185.221 87.334 40.578 19.221
184.989 86.640 40.578 19.221
185.683 86.872 40.578 19.221
185.683 86.872 40.578 19.221
185.221 87.103 40.578 19.221
184.758 86.409 40.578 19.221
184.758 86.178 40.578 19.221
184.989 85.715 40.578 19.221
184.772 85.734 41.476 19.647
185.009 85.022 41.476 19.647
185.246 85.496 41.476 19.647
185.246 85.971 41.476 19.647
186.195 85.496 41.476 19.647
185.958 86.208 41.476 19.647
186.432 85.971 41.476 19.647
187.619 85.734 41.476 19.647
187.144 85.259 41.476 19.647
186.907 85.971 41.476 19.647
186.907 85.734 41.476 19.647
186.670 85.496 41.476 19.647
187.381 85.971 41.476 19.647
187.144 85.259 41.476 19.647
188.805 85.259 41.476 19.647
188.568 85.022 41.476 19.647
189.042 84.547 41.476 19.647
188.568 85.259 41.476 19.647
188.568 84.785 41.476 19.647
188.805 84.547 41.476 19.647
188.093 85.022 41.476 19.647
187.619 84.547 41.476 19.647
187.619 85.022 41.476 19.647
187.619 84.547 41.476 19.647
187.381 84.785 41.476 19.647
187.619 84.310 41.476 19.647
187.144 85.022 41.476 19.647
186.432 84.785 41.476 19.647
186.432 84.785 41.476 19.647
187.144 84.785 41.476 19.647
186.670 84.310 41.476 19.647
186.670 84.547 41.476 19.647
186.432 85.022 41.476 19.647
185.721 84.785 41.476 19.647
185.246 84.310 41.476 19.647
184.297 84.310 41.476 19.647
183.823 83.598 41.476 19.647
182.889 83.144 42.394 20.081
183.613 82.179 42.394 20.081
183.867 81.957 43.332 20.526
183.141 81.730 44.291 20.980
185.417 81.477 44.291 20.980
185.923 81.983 44.291 20.980
184.912 81.983 44.291 20.980
184.659 81.477 44.291 20.980
183.663 80.739 45.271 21.444
183.663 80.739 45.271 21.444
183.922 80.480 45.271 21.444
183.922 80.739 45.271 21.444
184.439 81.774 45.271 21.444
185.216 82.033 45.271 21.444
184.698 81.774 45.271 21.444
185.992 83.068 45.271 21.444
185.992 82.292 45.271 21.444
186.769 82.292 45.271 21.444
187.804 82.292 45.271 21.444
189.098 81.256 45.271 21.444
187.804 81.256 45.271 21.444
188.322 80.221 45.271 21.444
189.616 79.962 45.271 21.444
190.651 79.445 45.271 21.444
191.185 78.949 46.272 21.918
190.921 79.478 46.272 21.918
190.656 79.213 46.272 21.918
191.185 79.478 46.272 21.918
190.656 80.007 46.272 21.918
189.862 81.596 46.272 21.918
189.862 81.596 46.272 21.918
189.862 81.860 46.272 21.918
189.597 82.125 46.272 21.918
188.274 81.331 46.272 21.918
186.950 81.331 46.272 21.918
186.156 81.596 46.272 21.918
185.909 81.353 47.296 22.403
186.179 81.083 47.296 22.403
187.262 81.624 47.296 22.403
186.739 81.105 48.342 22.899
189.503 81.382 48.342 22.899
190.056 81.658 48.342 22.899
191.162 81.105 48.342 22.899
192.268 81.658 48.342 22.899
192.821 80.552 48.342 22.899
194.480 80.276 48.342 22.899
195.586 79.723 48.342 22.899
196.968 78.341 48.342 22.899
195.880 77.811 49.412 23.406
197.574 76.399 49.412 23.406
200.680 77.246 49.412 23.406
202.657 76.399 49.412 23.406
204.916 75.834 49.412 23.406
204.351 75.552 49.412 23.406
205.480 74.705 49.412 23.406
205.198 74.987 49.412 23.406
205.480 74.705 49.412 23.406
205.498 74.728 50.505 23.923
205.210 75.017 50.505 23.923
206.651 75.305 50.505 23.923
205.787 76.170 50.505 23.923
204.651 75.905 51.623 24.453
204.946 75.611 51.623 24.453
204.651 76.787 51.623 24.453
204.063 76.199 51.623 24.453
204.080 76.223 52.765 24.994
204.382 76.223 52.765 24.994
203.778 76.525 52.765 24.994
203.476 76.223 52.765 24.994
202.873 75.317 52.765 24.994
201.987 73.832 53.932 25.547
201.063 72.909 53.932 25.547
200.448 73.525 53.932 25.547
201.371 74.140 53.932 25.547
200.755 73.832 53.932 25.547
199.832 73.217 53.932 25.547
198.004 73.858 55.125 26.112
197.063 74.799 55.125 26.112
196.122 74.485 55.125 26.112
196.435 74.485 55.125 26.112
196.435 74.171 55.125 26.112
195.494 75.113 55.125 26.112
197.063 74.485 55.125 26.112
196.122 74.485 55.125 26.112
196.749 74.171 55.125 26.112
196.767 74.196 56.345 26.690
195.822 73.258 57.592 27.280
194.834 72.270 57.592 27.280
194.834 72.270 57.592 27.280
195.492 72.270 57.592 27.280
194.504 72.599 57.592 27.280
195.163 71.940 57.592 27.280
196.151 72.599 57.592 27.280
195.822 72.270 57.592 27.280
195.822 73.258 57.592 27.280
195.822 72.928 57.592 27.280
195.492 72.599 57.592 27.280
195.514 70.650 58.866 27.884
196.185 70.650 58.866 27.884
196.185 69.980 58.866 27.884
196.185 70.650 58.866 27.884
196.520 69.644 58.866 27.884
197.191 69.644 58.866 27.884
197.526 68.974 58.866 27.884
199.202 69.644 58.866 27.884
198.532 70.315 58.866 27.884
198.532 69.980 58.866 27.884
198.867 70.986 58.866 27.884
198.196 71.991 58.866 27.884
198.532 72.662 58.866 27.884
197.526 72.662 58.866 27.884
195.869 72.354 60.168 28.501
195.869 72.010 60.168 28.501
196.212 71.667 60.168 28.501
194.174 71.695 61.500 29.131
195.578 70.291 61.500 29.131
194.876 71.344 61.500 29.131
195.929 71.344 61.500 29.131
195.929 71.344 61.500 29.131
196.280 71.344 61.500 29.131
195.227 71.695 61.500 29.131
194.897 71.373 62.860 29.776
194.539 71.373 62.860 29.776
195.256 71.732 62.860 29.776
194.897 72.808 62.860 29.776
193.821 73.167 62.860 29.776
193.103 72.449 62.860 29.776
193.462 72.449 62.860 29.776
193.103 72.808 62.860 29.776
192.027 73.167 62.860 29.776
190.950 71.732 62.860 29.776
191.331 71.043 64.251 30.435
190.231 71.043 64.251 30.435
189.498 71.043 64.251 30.435
188.398 70.310 64.251 30.435
187.298 70.310 64.251 30.435
186.565 70.310 64.251 30.435
186.587 69.973 65.673 31.108
186.962 70.722 65.673 31.108
186.213 71.097 65.673 31.108
185.838 71.097 65.673 31.108
185.089 71.097 65.673 31.108
185.089 71.097 65.673 31.108
183.591 71.097 65.673 31.108
181.344 71.097 65.673 31.108
181.344 71.471 65.673 31.108
181.719 71.471 65.673 31.108
182.842 72.595 65.673 31.108
182.093 72.595 65.673 31.108
181.344 72.595 65.673 31.108
181.344 73.344 65.673 31.108
182.468 75.217 65.673 31.108
180.970 75.217 65.673 31.108
180.595 75.966 65.673 31.108
180.970 76.340 65.673 31.108
180.970 77.838 65.673 31.108
180.221 77.838 65.673 31.108
179.472 77.464 65.673 31.108
179.472 77.464 65.673 31.108
178.723 77.464 65.673 31.108
176.873 75.996 67.126 31.796
179.167 78.290 67.126 31.796
177.255 79.055 67.126 31.796
175.365 78.321 68.611 32.500
173.822 77.177 70.129 33.219
175.022 79.977 70.129 33.219
173.422 79.977 70.129 33.219
173.422 79.977 70.129 33.219
173.822 80.377 70.129 33.219
174.222 80.777 70.129 33.219
172.622 80.377 70.129 33.219
173.022 80.777 70.129 33.219
172.222 80.377 70.129 33.219
171.846 80.409 71.680 33.954
171.846 80.409 71.680 33.954
171.436 80.409 71.680 33.954
173.485 80.819 71.680 33.954
174.305 80.819 71.680 33.954
175.534 80.819 71.680 33.954
176.764 81.229 71.680 33.954
175.534 82.458 71.680 33.954
175.561 82.493 73.266 34.705
176.814 80.822 73.266 34.705
178.485 81.240 73.266 34.705
177.649 80.404 73.266 34.705
178.485 80.404 73.266 34.705
179.737 78.734 73.266 34.705
180.990 77.898 73.266 34.705
179.320 77.898 73.266 34.705
180.573 77.481 73.266 34.705
179.737 76.646 73.266 34.705
179.737 76.646 73.266 34.705
179.737 76.646 73.266 34.705
178.902 77.481 73.266 34.705
179.320 77.898 73.266 34.705
179.320 78.316 73.266 34.705
178.485 77.898 73.266 34.705
180.155 77.898 73.266 34.705
179.320 77.898 73.266 34.705
180.573 77.481 73.266 34.705
181.826 76.646 73.266 34.705
180.155 76.228 73.266 34.705
180.155 74.975 73.266 34.705
180.573 74.975 73.266 34.705
180.990 74.975 73.266 34.705
181.408 75.393 73.266 34.705
181.826 74.557 73.266 34.705
182.243 76.228 73.266 34.705
181.408 76.646 73.266 34.705
180.990 78.316 73.266 34.705
181.408 77.898 73.266 34.705
180.573 79.151 73.266 34.705
181.408 79.569 73.266 34.705
178.927 79.185 74.887 35.473
177.244 79.220 76.544 36.258
176.806 78.783 76.544 36.258
176.806 78.783 76.544 36.258
175.932 79.220 76.544 36.258
175.057 79.657 76.544 36.258
173.746 78.783 76.544 36.258
172.434 77.908 76.544 36.258
170.685 77.908 76.544 36.258
170.685 78.783 76.544 36.258
168.061 78.346 76.544 36.258
170.248 77.908 76.544 36.258
168.499 77.471 76.544 36.258
168.061 77.034 76.544 36.258
168.061 77.034 76.544 36.258
167.624 76.159 76.544 36.258
170.248 75.285 76.544 36.258
169.373 75.722 76.544 36.258
170.685 74.848 76.544 36.258
171.559 75.285 76.544 36.258
171.559 76.159 76.544 36.258
173.746 76.159 76.544 36.258
175.495 76.597 76.544 36.258
175.057 76.597 76.544 36.258
176.369 76.597 76.544 36.258
174.620 77.034 76.544 36.258
177.244 77.034 76.544 36.258
177.244 77.908 76.544 36.258
177.244 78.346 76.544 36.258
175.085 77.945 78.238 37.060
176.426 76.603 78.238 37.060
178.214 75.709 78.238 37.060
177.320 75.709 78.238 37.060
175.114 75.746 79.969 37.880
175.571 76.203 79.969 37.880
174.229 74.870 81.738 38.718
174.229 75.337 81.738 38.718
171.429 75.337 81.738 38.718
170.962 74.404 81.738 38.718
170.962 73.470 81.738 38.718
171.896 72.537 81.738 38.718
170.496 72.537 81.738 38.718
170.962 72.537 81.738 38.718
169.562 72.070 81.738 38.718
170.029 73.004 81.738 38.718
169.562 73.004 81.738 38.718
169.096 73.004 81.738 38.718
168.629 73.004 81.738 38.718
168.162 72.537 81.738 38.718
166.296 72.070 81.738 38.718
165.362 72.537 81.738 38.718
164.429 72.070 81.738 38.718
162.125 72.109 83.546 39.575
161.648 72.109 83.546 39.575
162.601 71.632 83.546 39.575
161.648 71.156 83.546 39.575
161.172 71.632 83.546 39.575
162.125 70.679 83.546 39.575
162.601 70.203 83.546 39.575
161.172 69.726 83.546 39.575
163.554 68.773 83.546 39.575
161.648 68.773 83.546 39.575
164.507 67.821 83.546 39.575
164.984 67.344 83.546 39.575
167.366 67.344 83.546 39.575
168.319 67.821 83.546 39.575
168.319 67.821 83.546 39.575
169.272 66.868 83.546 39.575
168.795 65.915 83.546 39.575
172.069 66.813 81.765 38.731
171.074 67.226 80.021 37.905
168.789 66.312 80.021 37.905
167.419 66.769 80.021 37.905
166.048 67.226 80.021 37.905
164.221 67.226 80.021 37.905
163.307 68.140 80.021 37.905
165.074 69.458 78.315 37.096
163.733 69.905 78.315 37.096
160.631 69.047 80.047 37.917
160.174 68.590 80.047 37.917
160.631 68.134 80.047 37.917
161.088 66.763 80.047 37.917
160.631 66.306 80.047 37.917
161.545 66.306 80.047 37.917
162.459 66.763 80.047 37.917
162.002 67.220 80.047 37.917
161.088 66.763 80.047 37.917
162.002 67.220 80.047 37.917
160.631 66.763 80.047 37.917
161.088 67.677 80.047 37.917
160.174 67.677 80.047 37.917
162.002 67.677 80.047 37.917
161.545 67.677 80.047 37.917
162.459 68.134 80.047 37.917
162.916 67.220 80.047 37.917
165.200 66.763 80.047 37.917
165.657 65.849 80.047 37.917
166.570 65.392 80.047 37.917
166.114 65.392 80.047 37.917
164.743 65.392 80.047 37.917
164.743 64.479 80.047 37.917
165.200 63.565 80.047 37.917
164.743 63.108 80.047 37.917
165.200 62.194 80.047 37.917
163.829 62.194 80.047 37.917
167.484 61.281 80.047 37.917
167.484 60.824 80.047 37.917
166.570 61.281 80.047 37.917
167.027 60.824 80.047 37.917
166.114 60.367 80.047 37.917
167.027 58.996 80.047 37.917
165.685 57.663 81.818 38.756
165.685 57.663 81.818 38.756
166.152 57.196 81.818 38.756
167.085 57.196 81.818 38.756
166.618 57.196 81.818 38.756
166.152 58.596 81.818 38.756
167.552 59.063 81.818 38.756
168.952 58.130 81.818 38.756
171.285 57.196 81.818 38.756
171.752 56.730 81.818 38.756
172.218 57.196 81.818 38.756
173.152 57.196 81.818 38.756
174.085 57.196 81.818 38.756
174.085 56.730 81.818 38.756
175.018 57.663 81.818 38.756
174.085 58.130 81.818 38.756
175.018 58.130 81.818 38.756
175.018 58.596 81.818 38.756
174.085 59.530 81.818 38.756
175.952 60.930 81.818 38.756
175.018 62.330 81.818 38.756
175.485 62.796 81.818 38.756
176.885 63.263 81.818 38.756
175.018 62.330 81.818 38.756
174.552 62.796 81.818 38.756
174.085 62.330 81.818 38.756
173.152 61.396 81.818 38.756
175.424 61.810 80.074 37.930
174.053 61.810 80.074 37.930
172.683 62.267 80.074 37.930
172.226 62.267 80.074 37.930
171.769 62.723 80.074 37.930
173.140 62.723 80.074 37.930
172.683 63.637 80.074 37.930
172.683 65.008 80.074 37.930
174.053 65.921 80.074 37.930
173.537 66.783 78.366 37.121
173.090 66.783 78.366 37.121
172.195 66.783 78.366 37.121
170.854 66.783 78.366 37.121
170.407 65.442 78.366 37.121
169.960 64.547 78.366 37.121
169.513 64.995 78.366 37.121
168.619 66.336 78.366 37.121
165.490 67.230 78.366 37.121
163.701 68.124 78.366 37.121
161.019 67.230 78.366 37.121
158.811 66.372 80.100 37.942
157.897 66.372 80.100 37.942
158.354 65.458 80.100 37.942
160.122 66.777 78.392 37.133
161.016 67.224 78.392 37.133
161.016 66.777 78.392 37.133
160.569 67.224 78.392 37.133
159.228 66.330 78.392 37.133
161.463 64.988 78.392 37.133
160.122 64.094 78.392 37.133
161.910 64.541 78.392 37.133
162.357 65.436 78.392 37.133
161.016 65.436 78.392 37.133
162.746 65.384 76.720 36.341
161.434 65.384 76.720 36.341
162.746 65.384 76.720 36.341
161.871 65.384 76.720 36.341
162.746 65.822 76.720 36.341
164.932 65.822 76.720 36.341
164.495 67.133 76.720 36.341
167.118 67.571 76.720 36.341
166.187 68.395 75.084 35.566
167.417 67.916 73.483 34.808
167.837 65.398 73.483 34.808
166.578 65.398 73.483 34.808
166.998 64.139 73.483 34.808
167.781 64.510 71.916 34.065
166.962 64.510 71.916 34.065
166.962 64.920 71.916 34.065
166.142 66.150 71.916 34.065
165.323 67.379 71.916 34.065
165.732 68.609 71.916 34.065
164.913 68.199 71.916 34.065
164.503 68.609 71.916 34.065
163.683 68.609 71.916 34.065
162.864 69.018 71.916 34.065
162.864 70.248 71.916 34.065
162.044 70.658 71.916 34.065
161.634 71.477 71.916 34.065
160.405 70.658 71.916 34.065
159.585 71.067 71.916 34.065
159.175 71.477 71.916 34.065
159.175 71.067 71.916 34.065
158.356 72.707 71.916 34.065
158.766 73.526 71.916 34.065
157.536 74.756 71.916 34.065
158.766 75.575 71.916 34.065
155.487 75.985 71.916 34.065
155.897 77.214 71.916 34.065
155.077 77.624 71.916 34.065
153.848 77.624 71.916 34.065
155.025 78.807 70.382 33.339
156.231 80.415 70.382 33.339
155.427 80.817 70.382 33.339
155.829 82.023 70.382 33.339
155.025 81.621 70.382 33.339
155.829 84.033 70.382 33.339
154.221 84.434 70.382 33.339
155.829 85.640 70.382 33.339
153.015 86.444 70.382 33.339
153.819 87.650 70.382 33.339
154.569 90.417 68.881 32.628
152.939 91.554 67.412 31.932
152.555 92.706 67.412 31.932
150.633 93.859 67.412 31.932
151.402 95.012 67.412 31.932
150.249 95.781 67.412 31.932
149.480 96.550 67.412 31.932
149.480 96.550 67.412 31.932
149.096 97.318 67.412 31.932
149.096 96.934 67.412 31.932
150.583 99.196 65.975 31.251
150.583 99.949 65.975 31.251
150.583 100.325 65.975 31.251
151.713 100.702 65.975 31.251
152.089 102.208 65.975 31.251
151.336 102.208 65.975 31.251
152.466 103.337 65.975 31.251
150.960 103.337 65.975 31.251
150.207 103.714 65.975 31.251
150.207 105.220 65.975 31.251
150.583 106.349 65.975 31.251
149.830 107.855 65.975 31.251
149.454 108.984 65.975 31.251
149.830 109.361 65.975 31.251
148.701 110.490 65.975 31.251
148.324 111.243 65.975 31.251
148.324 111.243 65.975 31.251
147.948 111.996 65.975 31.251
148.275 112.329 64.568 30.585
147.858 112.287 63.191 29.932
149.301 113.369 63.191 29.932
149.253 114.771 61.843 29.294
149.253 115.829 61.843 29.294
150.312 116.182 61.843 29.294
149.253 115.829 61.843 29.294
148.900 116.888 61.843 29.294
150.265 117.906 60.524 28.669
149.575 118.597 60.524 28.669
149.575 119.632 60.524 28.669
149.920 119.977 60.524 28.669
150.265 120.667 60.524 28.669
150.265 120.667 60.524 28.669
150.265 121.012 60.524 28.669
150.955 121.357 60.524 28.669
152.336 120.322 60.524 28.669
152.636 120.628 59.234 28.058
153.985 120.291 59.234 28.058
153.648 120.965 59.234 28.058
155.334 120.965 59.234 28.058
154.997 120.965 59.234 28.058
155.671 120.965 59.234 28.058
156.009 121.977 59.234 28.058
155.671 122.651 59.234 28.058
156.346 123.663 59.234 28.058
156.346 124.338 59.234 28.058
156.683 125.687 59.234 28.058
157.358 127.036 59.234 28.058
156.346 128.047 59.234 28.058
156.346 128.722 59.234 28.058
156.009 128.722 59.234 28.058
155.334 128.722 59.234 28.058
154.997 129.059 59.234 28.058
154.660 129.396 59.234 28.058
156.303 130.033 57.971 27.460
155.309 129.039 57.971 27.460
155.309 129.702 57.971 27.460
154.646 130.033 57.971 27.460
153.321 130.033 57.971 27.460
153.321 129.702 57.971 27.460
153.652 130.364 57.971 27.460
152.658 130.696 57.971 27.460
152.989 131.358 57.971 27.460
153.321 130.364 57.971 27.460
154.315 130.696 57.971 27.460
154.315 131.027 57.971 27.460
154.977 129.370 57.971 27.460
154.977 130.033 57.971 27.460
154.646 129.370 57.971 27.460
154.977 129.370 57.971 27.460
155.309 129.370 57.971 27.460
155.972 129.039 57.971 27.460
156.634 129.039 57.971 27.460
156.966 128.376 57.971 27.460
157.297 129.370 57.971 27.460
157.960 129.702 57.971 27.460
157.297 130.696 57.971 27.460
158.954 130.696 57.971 27.460
158.954 130.696 57.971 27.460
159.948 130.696 57.971 27.460
159.617 131.027 57.971 27.460
160.279 130.696 57.971 27.460
162.554 131.983 56.734 26.874
163.159 132.269 55.524 26.301
165.022 131.597 54.340 25.740
165.332 131.906 54.340 25.740
166.571 132.216 54.340 25.740
168.699 132.181 53.182 25.191
169.611 132.485 53.182 25.191
169.915 133.093 53.182 25.191
169.915 133.397 53.182 25.191
170.523 133.700 53.182 25.191
171.131 133.397 53.182 25.191
171.435 133.093 53.182 25.191
172.914 132.753 52.047 24.654
172.914 133.349 52.047 24.654
174.363 133.314 50.937 24.128
175.523 133.604 50.937 24.128
175.523 133.895 50.937 24.128
176.357 134.442 49.851 23.614
176.641 134.442 49.851 23.614
176.641 133.305 49.851 23.614
177.741 132.419 48.788 23.110
179.690 131.306 48.788 23.110
181.082 131.863 48.788 23.110
181.082 132.419 48.788 23.110
181.639 131.027 48.788 23.110
180.526 130.192 48.788 23.110
182.196 129.635 48.788 23.110
182.475 129.914 48.788 23.110
183.310 130.470 48.788 23.110
183.588 129.357 48.788 23.110
185.816 129.357 48.788 23.110
187.208 129.357 48.788 23.110
186.094 130.192 48.788 23.110
187.765 129.357 48.788 23.110
187.765 130.192 48.788 23.110
188.878 129.914 48.788 23.110
188.878 131.306 48.788 23.110
188.322 131.863 48.788 23.110
188.878 132.141 48.788 23.110
190.271 131.306 48.788 23.110
190.828 132.141 48.788 23.110
191.384 132.141 48.788 23.110
190.549 133.533 48.788 23.110
192.461 134.615 47.748 22.617
194.061 135.401 46.729 22.135
195.092 136.437 45.733 21.663
195.580 135.625 44.758 21.201
194.815 137.154 44.758 21.201
195.325 136.390 44.758 21.201
194.305 137.154 44.758 21.201
193.541 138.174 44.758 21.201
194.815 138.429 44.758 21.201
195.835 138.939 44.758 21.201
197.077 139.929 43.803 20.749
198.799 140.653 42.869 20.306
199.289 140.898 42.869 20.306
199.779 141.388 42.869 20.306
201.250 140.408 42.869 20.306
201.495 140.162 42.869 20.306
202.720 141.143 42.869 20.306
204.191 141.388 42.869 20.306
205.171 140.408 42.869 20.306
205.874 141.604 41.955 19.873
206.591 141.365 41.955 19.873
207.278 143.252 41.060 19.450
208.219 143.722 41.060 19.450
209.160 143.958 41.060 19.450
210.539 144.636 40.185 19.035
209.621 145.783 40.185 19.035
210.768 146.930 40.185 19.035
210.310 147.159 40.185 19.035
210.768 147.388 40.185 19.035
210.539 148.077 40.185 19.035
210.768 148.077 40.185 19.035
210.768 148.306 40.185 19.035
211.457 148.536 40.185 19.035
210.998 148.994 40.185 19.035
211.686 147.618 40.185 19.035
212.145 147.847 40.185 19.035
213.521 148.536 40.185 19.035
213.521 148.077 40.185 19.035
213.063 146.471 40.185 19.035
213.063 146.700 40.185 19.035
213.292 147.388 40.185 19.035
214.439 145.553 40.185 19.035
214.439 146.241 40.185 19.035
214.898 144.865 40.185 19.035
216.045 145.553 40.185 19.035
216.963 145.553 40.185 19.035
217.192 145.094 40.185 19.035
217.192 144.177 40.185 19.035
217.651 144.406 40.185 19.035
217.651 143.718 40.185 19.035
217.651 143.947 40.185 19.035
218.798 143.947 40.185 19.035
218.798 143.488 40.185 19.035
219.486 142.112 40.185 19.035
219.257 142.341 40.185 19.035
221.321 142.571 40.185 19.035
221.780 143.259 40.185 19.035
222.698 141.653 40.185 19.035
224.304 142.341 40.185 19.035
225.421 141.856 39.328 18.629
226.091 141.856 39.328 18.629
226.315 140.962 39.328 18.629
226.985 140.739 39.328 18.629
226.985 140.068 39.328 18.629
227.432 140.962 39.328 18.629
228.997 140.068 39.328 18.629
228.997 140.962 39.328 18.629
229.891 139.621 39.328 18.629
231.009 139.397 39.328 18.629
232.350 139.174 39.328 18.629
233.887 140.043 38.489 18.232
233.887 138.286 38.489 18.232
235.644 137.627 38.489 18.232
236.742 138.286 38.489 18.232
238.279 137.408 38.489 18.232
238.499 137.408 38.489 18.232
239.377 136.749 38.489 18.232
240.446 137.822 37.668 17.843
241.525 136.312 37.668 17.843
241.740 135.665 37.668 17.843
241.740 135.018 37.668 17.843
241.309 135.449 37.668 17.843
240.662 133.724 37.668 17.843
241.525 134.155 37.668 17.843
242.387 133.292 37.668 17.843
242.172 133.292 37.668 17.843
242.603 133.292 37.668 17.843
243.035 132.430 37.668 17.843
244.113 133.292 37.668 17.843
244.760 133.292 37.668 17.843
244.329 132.861 37.668 17.843
244.544 133.508 37.668 17.843
244.544 132.430 37.668 17.843
244.760 133.292 37.668 17.843
244.544 132.430 37.668 17.843
245.191 132.645 37.668 17.843
244.976 132.430 37.668 17.843
246.671 132.404 36.865 17.462
247.065 132.590 36.079 17.090
246.447 132.384 36.079 17.090
247.065 132.590 36.079 17.090
246.035 132.796 36.079 17.090
245.212 132.796 36.079 17.090
245.418 133.002 36.079 17.090
245.418 131.767 36.079 17.090
244.800 132.796 36.079 17.090
243.976 133.414 36.079 17.090
243.976 133.414 36.079 17.090
243.359 133.414 36.079 17.090
243.976 133.620 36.079 17.090
243.565 134.032 36.079 17.090
242.741 133.208 36.079 17.090
243.153 133.620 36.079 17.090
243.359 134.032 36.079 17.090
243.770 133.208 36.079 17.090
242.535 133.826 36.079 17.090
242.123 134.855 36.079 17.090
242.535 134.855 36.079 17.090
241.918 134.855 36.079 17.090
241.918 135.061 36.079 17.090
241.506 133.620 36.079 17.090
240.682 133.826 36.079 17.090
240.682 133.208 36.079 17.090
240.270 131.973 36.079 17.090
240.270 131.355 36.079 17.090
239.859 131.767 36.079 17.090
239.420 131.331 35.309 16.725
238.814 129.918 35.309 16.725
239.824 130.725 35.309 16.725
239.420 129.918 35.309 16.725
238.814 130.120 35.309 16.725
238.410 130.524 35.309 16.725
237.804 129.110 35.309 16.725
238.208 130.120 35.309 16.725
237.804 130.524 35.309 16.725
238.410 129.514 35.309 16.725
238.006 129.918 35.309 16.725
237.602 130.322 35.309 16.725
238.208 129.312 35.309 16.725
236.996 129.918 35.309 16.725
236.390 130.524 35.309 16.725
236.390 130.120 35.309 16.725
235.785 130.927 35.309 16.725
235.987 130.524 35.309 16.725
234.775 131.129 35.309 16.725
235.179 131.735 35.309 16.725
234.169 132.341 35.309 16.725
233.361 132.543 35.309 16.725
232.553 132.947 35.309 16.725
232.553 133.553 35.309 16.725
231.543 133.351 35.309 16.725
231.139 133.351 35.309 16.725
231.139 133.553 35.309 16.725
230.534 133.957 35.309 16.725
230.130 133.957 35.309 16.725
229.726 133.957 35.309 16.725
229.524 134.361 35.309 16.725
229.120 133.553 35.309 16.725
228.716 134.159 35.309 16.725
228.918 133.351 35.309 16.725
227.706 133.553 35.309 16.725
227.908 133.755 35.309 16.725
226.898 134.159 35.309 16.725
226.696 132.947 35.309 16.725
227.302 133.957 35.309 16.725
226.696 133.755 35.309 16.725
226.494 133.755 35.309 16.725
226.090 133.149 35.309 16.725
225.485 132.341 35.309 16.725
226.292 132.543 35.309 16.725
225.888 132.745 35.309 16.725
225.485 132.745 35.309 16.725
225.888 132.543 35.309 16.725
225.888 131.735 35.309 16.725
225.687 131.735 35.309 16.725
225.888 131.937 35.309 16.725
225.485 131.129 35.309 16.725
226.494 131.735 35.309 16.725
226.696 131.735 35.309 16.725
227.302 131.937 35.309 16.725
226.494 132.745 35.309 16.725
227.504 133.149 35.309 16.725
227.706 132.139 35.309 16.725
227.908 132.341 35.309 16.725
227.504 132.543 35.309 16.725
228.312 132.947 35.309 16.725
228.514 133.957 35.309 16.725
228.918 134.563 35.309 16.725
228.110 133.957 35.309 16.725
227.706 135.371 35.309 16.725
229.120 135.371 35.309 16.725
228.514 135.775 35.309 16.725
228.716 136.582 35.309 16.725
229.322 136.986 35.309 16.725
229.726 137.996 35.309 16.725
229.524 139.410 35.309 16.725
229.726 139.410 35.309 16.725
230.332 139.612 35.309 16.725
229.322 140.824 35.309 16.725
229.322 141.833 35.309 16.725
228.918 142.035 35.309 16.725
228.312 142.035 35.309 16.725
228.312 142.439 35.309 16.725
228.514 142.237 35.309 16.725
228.514 142.035 35.309 16.725
228.312 142.843 35.309 16.725
228.312 142.843 35.309 16.725
228.918 142.641 35.309 16.725
228.312 142.843 35.309 16.725
229.322 143.045 35.309 16.725
229.322 142.843 35.309 16.725
229.322 142.035 35.309 16.725
229.120 142.843 35.309 16.725
228.918 143.045 35.309 16.725
228.514 143.247 35.309 16.725
229.524 142.237 35.309 16.725
229.726 143.045 35.309 16.725
230.130 144.055 35.309 16.725
229.726 144.257 35.309 16.725
231.139 143.045 35.309 16.725
231.341 143.853 35.309 16.725
232.149 144.055 35.309 16.725
232.351 144.055 35.309 16.725
233.159 144.459 35.309 16.725
232.957 143.853 35.309 16.725
233.159 144.863 35.309 16.725
233.361 144.661 35.309 16.725
234.371 144.863 35.309 16.725
234.775 145.267 35.309 16.725
235.583 144.661 35.309 16.725
235.381 145.671 35.309 16.725
234.775 146.276 35.309 16.725
234.775 146.075 35.309 16.725
234.977 146.882 35.309 16.725
234.169 147.084 35.309 16.725
234.775 147.488 35.309 16.725
235.381 147.084 35.309 16.725
235.555 148.071 34.556 16.369
235.555 147.674 34.556 16.369
235.555 148.269 34.556 16.369
235.555 148.665 34.556 16.369
235.357 149.259 34.556 16.369
235.159 148.269 34.556 16.369
234.763 148.665 34.556 16.369
234.565 147.674 34.556 16.369
235.159 148.071 34.556 16.369
234.961 147.278 34.556 16.369
234.961 147.872 34.556 16.369
234.565 147.872 34.556 16.369
234.961 148.071 34.556 16.369
234.565 148.071 34.556 16.369
234.763 147.278 34.556 16.369
233.179 147.476 34.556 16.369
233.575 147.674 34.556 16.369
233.773 147.674 34.556 16.369
233.179 147.674 34.556 16.369
233.377 147.476 34.556 16.369
233.971 147.080 34.556 16.369
233.575 147.080 34.556 16.369
234.367 148.071 34.556 16.369
234.169 148.863 34.556 16.369
233.773 149.259 34.556 16.369
233.179 149.853 34.556 16.369
234.169 149.853 34.556 16.369
233.575 150.447 34.556 16.369
234.169 151.437 34.556 16.369
233.575 151.635 34.556 16.369
234.169 151.437 34.556 16.369
233.575 151.635 34.556 16.369
234.169 151.437 34.556 16.369
233.971 151.041 34.556 16.369
233.575 150.843 34.556 16.369
234.367 151.041 34.556 16.369
234.169 151.437 34.556 16.369
233.971 152.031 34.556 16.369
234.367 151.239 34.556 16.369
234.763 151.833 34.556 16.369
234.367 150.645 34.556 16.369
234.961 151.833 34.556 16.369
234.763 151.041 34.556 16.369
234.565 151.239 34.556 16.369
235.555 151.239 34.556 16.369
235.555 151.239 34.556 16.369
235.951 151.437 34.556 16.369
235.357 151.833 34.556 16.369
236.122 150.622 33.819 16.020
235.545 151.967 33.819 16.020
236.314 152.351 33.819 16.020
236.122 151.198 33.819 16.020
236.698 151.774 33.819 16.020
237.659 152.159 33.819 16.020
238.812 151.390 33.819 16.020
239.004 151.774 33.819 16.020
239.004 152.159 33.819 16.020
239.580 151.774 33.819 16.020
239.773 151.967 33.819 16.020
239.965 152.351 33.819 16.020
240.541 151.774 33.819 16.020
240.349 152.159 33.819 16.020
240.733 151.582 33.819 16.020
241.310 152.351 33.819 16.020
241.502 152.159 33.819 16.020
241.886 152.159 33.819 16.020
241.886 152.927 33.819 16.020
242.655 153.888 33.819 16.020
242.463 154.080 33.819 16.020
242.463 152.735 33.819 16.020
242.463 154.080 33.819 16.020
242.655 153.504 33.819 16.020
243.424 153.888 33.819 16.020
243.616 154.465 33.819 16.020
244.961 153.696 33.819 16.020
244.961 153.888 33.819 16.020
245.730 154.272 33.819 16.020
246.114 153.312 33.819 16.020
245.537 154.465 33.819 16.020
246.306 154.080 33.819 16.020
246.306 154.849 33.819 16.020
246.498 155.425 33.819 16.020
247.075 155.425 33.819 16.020
248.035 155.810 33.819 16.020
248.228 156.194 33.819 16.020
248.228 155.233 33.819 16.020
248.228 155.810 33.819 16.020
248.228 156.578 33.819 16.020
248.420 156.963 33.819 16.020
248.996 157.923 33.819 16.020
250.341 158.308 33.819 16.020
250.918 158.308 33.819 16.020
251.686 158.692 33.819 16.020
251.879 159.461 33.819 16.020
252.839 159.845 33.819 16.020
253.224 160.229 33.819 16.020
253.031 159.461 33.819 16.020
254.377 160.229 33.819 16.020
254.569 160.229 33.819 16.020
254.569 160.422 33.819 16.020
254.953 160.806 33.819 16.020
255.530 161.767 33.819 16.020
255.337 161.767 33.819 16.020
255.722 162.151 33.819 16.020
256.682 161.382 33.819 16.020
257.067 161.767 33.819 16.020
258.028 162.343 33.819 16.020
258.220 162.151 33.819 16.020
258.028 161.382 33.819 16.020
259.757 161.767 33.819 16.020
260.141 162.343 33.819 16.020
259.757 161.767 33.819 16.020
260.526 162.343 33.819 16.020
261.486 161.959 33.819 16.020
261.871 162.727 33.819 16.020
262.639 163.112 33.819 16.020
264.537 163.283 33.098 15.678
264.914 163.847 33.098 15.678
264.914 164.224 33.098 15.678
266.043 163.847 33.098 15.678
265.478 164.600 33.098 15.678
264.725 164.788 33.098 15.678
264.914 164.600 33.098 15.678
265.478 164.600 33.098 15.678
265.478 164.788 33.098 15.678
266.043 165.353 33.098 15.678
267.361 165.165 33.098 15.678
268.490 165.541 33.098 15.678
268.490 166.106 33.098 15.678
268.302 166.671 33.098 15.678
269.620 166.671 33.098 15.678
269.431 166.483 33.098 15.678
270.184 166.483 33.098 15.678
270.372 167.047 33.098 15.678
270.372 167.988 33.098 15.678
270.937 167.612 33.098 15.678
271.314 166.859 33.098 15.678
272.443 167.235 33.098 15.678
273.196 166.294 33.098 15.678
273.761 166.671 33.098 15.678
273.384 167.047 33.098 15.678
274.514 167.235 33.098 15.678
274.325 166.294 33.098 15.678
275.455 166.859 33.098 15.678
275.267 167.988 33.098 15.678
276.772 168.365 33.098 15.678
277.149 167.612 33.098 15.678
277.714 168.177 33.098 15.678
278.090 167.424 33.098 15.678
279.031 168.177 33.098 15.678
279.408 167.047 33.098 15.678
280.537 167.800 33.098 15.678
280.537 167.235 33.098 15.678
281.102 166.294 33.098 15.678
282.608 166.671 33.098 15.678
282.796 166.859 33.098 15.678
283.737 167.235 33.098 15.678
284.678 166.483 33.098 15.678
285.055 166.671 33.098 15.678
285.996 166.859 33.098 15.678
286.937 167.235 33.098 15.678
286.937 166.106 33.098 15.678
287.314 167.988 33.098 15.678
288.820 167.988 33.098 15.678
289.008 168.553 33.098 15.678
290.137 167.424 33.098 15.678
289.949 167.800 33.098 15.678
291.078 167.988 33.098 15.678
290.890 168.177 33.098 15.678
292.208 167.047 33.098 15.678
293.149 168.177 33.098 15.678
293.337 167.235 33.098 15.678
295.031 167.800 33.098 15.678
295.031 168.553 33.098 15.678
295.784 167.800 33.098 15.678
295.408 168.365 33.098 15.678
296.537 167.800 33.098 15.678
295.220 168.553 33.098 15.678
296.349 168.365 33.098 15.678
296.725 167.800 33.098 15.678
295.408 168.365 33.098 15.678
296.349 167.612 33.098 15.678
296.161 167.988 33.098 15.678
295.784 168.177 33.098 15.678
296.161 167.424 33.098 15.678
296.914 167.800 33.098 15.678
296.537 167.800 33.098 15.678
297.102 167.612 33.098 15.678
297.290 166.671 33.098 15.678
298.608 166.671 33.098 15.678
297.478 165.541 33.098 15.678
297.478 164.788 33.098 15.678
296.914 164.600 33.098 15.678
297.290 163.847 33.098 15.678
297.290 164.035 33.098 15.678
297.478 163.283 33.098 15.678
296.537 162.341 33.098 15.678
296.349 162.341 33.098 15.678
296.537 161.400 33.098 15.678
295.784 161.400 33.098 15.678
295.972 160.835 33.098 15.678
296.349 161.024 33.098 15.678
296.161 160.271 33.098 15.678
296.161 159.518 33.098 15.678
296.161 159.141 33.098 15.678
295.230 159.721 33.831 16.025
294.077 158.376 33.831 16.025
293.693 157.991 33.831 16.025
293.116 156.838 33.831 16.025
291.771 157.031 33.831 16.025
291.387 155.686 33.831 16.025
290.234 156.070 33.831 16.025
289.465 154.533 33.831 16.025
289.273 154.725 33.831 16.025
288.312 153.956 33.831 16.025
286.775 154.340 33.831 16.025
286.391 152.995 33.831 16.025
285.622 152.419 33.831 16.025
284.661 152.995 33.831 16.025
283.893 152.227 33.831 16.025
282.740 152.419 33.831 16.025
281.779 152.227 33.831 16.025
280.049 151.458 33.831 16.025
279.665 150.882 33.831 16.025
277.936 151.266 33.831 16.025
277.551 149.729 33.831 16.025
276.014 150.689 33.831 16.025
275.438 149.921 33.831 16.025
273.708 150.305 33.831 16.025
273.132 149.344 33.831 16.025
271.787 149.344 33.831 16.025
271.595 149.344 33.831 16.025
269.865 148.384 33.831 16.025
268.904 148.384 33.831 16.025
267.559 147.615 33.831 16.025
265.253 148.384 33.831 16.025
263.716 147.615 33.831 16.025
262.755 147.999 33.831 16.025
261.218 146.654 33.831 16.025
259.681 147.231 33.831 16.025
258.336 145.886 33.831 16.025
256.414 146.462 33.831 16.025
255.069 146.078 33.831 16.025
253.724 145.693 33.831 16.025
251.610 146.270 33.831 16.025
250.265 144.733 33.831 16.025
247.959 144.925 33.831 16.025
247.191 144.925 33.831 16.025
244.500 144.156 33.831 16.025
243.540 142.619 33.831 16.025
241.618 142.619 33.831 16.025
240.849 142.619 33.831 16.025
239.120 142.235 33.831 16.025
236.430 142.042 33.831 16.025
235.661 141.274 33.831 16.025
234.893 141.274 33.831 16.025
233.740 140.121 33.831 16.025
232.202 140.121 33.831 16.025
230.089 139.544 33.831 16.025
229.512 139.544 33.831 16.025
228.551 138.584 33.831 16.025
226.822 138.199 33.831 16.025
226.246 137.623 33.831 16.025
224.324 138.391 33.831 16.025
224.132 137.815 33.831 16.025
222.595 138.584 33.831 16.025
222.787 138.776 33.831 16.025
222.402 139.352 33.831 16.025
221.249 139.352 33.831 16.025
220.481 139.352 33.831 16.025
219.904 139.160 33.831 16.025
219.136 139.352 33.831 16.025
218.175 139.737 33.831 16.025
217.214 140.697 33.831 16.025
216.830 141.466 33.831 16.025
216.446 141.850 33.831 16.025
215.485 142.042 33.831 16.025
214.908 141.082 33.831 16.025
214.716 141.274 33.831 16.025
213.947 141.466 33.831 16.025
213.563 140.889 33.831 16.025
212.410 141.082 33.831 16.025
211.642 139.352 33.831 16.025
211.065 139.352 33.831 16.025
210.873 139.352 33.831 16.025
210.104 139.544 33.831 16.025
208.951 138.776 33.831 16.025
209.528 138.776 33.831 16.025
208.375 137.623 33.831 16.025
207.606 137.623 33.831 16.025
207.991 136.278 33.831 16.025
207.222 135.317 33.831 16.025
206.453 134.548 33.831 16.025
206.453 133.972 33.831 16.025
205.685 134.164 33.831 16.025
206.261 132.819 33.831 16.025
204.916 132.819 33.831 16.025
205.685 132.242 33.831 16.025
205.300 131.282 33.831 16.025
204.532 131.666 33.831 16.025
204.340 131.666 33.831 16.025
203.763 131.089 33.831 16.025
203.955 130.129 33.831 16.025
204.147 129.168 33.831 16.025
202.226 129.744 33.831 16.025
202.610 130.321 33.831 16.025
202.610 130.129 33.831 16.025
201.265 130.129 33.831 16.025
200.689 130.321 33.831 16.025
200.304 130.513 33.831 16.025
198.959 129.744 33.831 16.025
198.959 129.937 33.831 16.025
198.383 129.552 33.831 16.025
198.383 128.207 33.831 16.025
198.191 128.207 33.831 16.025
197.806 128.207 33.831 16.025
198.959 127.823 33.831 16.025
198.767 128.591 33.831 16.025
198.959 128.207 33.831 16.025
199.536 127.246 33.831 16.025
199.344 127.631 33.831 16.025
199.344 128.015 33.831 16.025
199.344 127.054 33.831 16.025
198.959 127.438 33.831 16.025
198.767 128.015 33.831 16.025
198.191 127.823 33.831 16.025
197.422 128.399 33.831 16.025
197.230 127.054 33.831 16.025
197.230 126.862 33.831 16.025
197.230 127.246 33.831 16.025
196.653 126.093 33.831 16.025
197.038 125.901 33.831 16.025
196.846 126.670 33.831 16.025
196.653 126.093 33.831 16.025
197.230 124.748 33.831 16.025
197.422 125.325 33.831 16.025
197.998 124.748 33.831 16.025
198.959 125.325 33.831 16.025
199.920 124.172 33.831 16.025
199.728 124.748 33.831 16.025
199.536 125.325 33.831 16.025
200.112 124.364 33.831 16.025
199.536 124.748 33.831 16.025
200.112 124.748 33.831 16.025
200.689 123.403 33.831 16.025
201.842 122.058 33.831 16.025
202.034 121.097 33.831 16.025
202.418 121.482 33.831 16.025
202.418 120.521 33.831 16.025
202.995 120.521 33.831 16.025
203.571 120.329 33.831 16.025
203.187 119.944 33.831 16.025
203.571 120.713 33.831 16.025
203.763 119.752 33.831 16.025
204.532 119.368 33.831 16.025
204.532 117.831 33.831 16.025
204.532 118.215 33.831 16.025
205.300 116.678 33.831 16.025
205.300 115.717 33.831 16.025
205.300 115.717 33.831 16.025
205.685 114.948 33.831 16.025
206.453 113.988 33.831 16.025
206.453 113.603 33.831 16.025
207.030 112.066 33.831 16.025
208.375 110.144 33.831 16.025
208.951 109.184 33.831 16.025
210.489 109.376 33.831 16.025
211.065 108.031 33.831 16.025
212.987 106.878 33.831 16.025
214.140 107.070 33.831 16.025
214.716 105.725 33.831 16.025
215.485 106.301 33.831 16.025
215.869 105.725 33.831 16.025
216.638 106.301 33.831 16.025
217.022 106.301 33.831 16.025
216.830 106.878 33.831 16.025
217.022 107.454 33.831 16.025
217.791 107.070 33.831 16.025
217.791 105.917 33.831 16.025
217.791 106.878 33.831 16.025
217.983 106.878 33.831 16.025
217.598 106.686 33.831 16.025
216.830 106.301 33.831 16.025
216.446 105.917 33.831 16.025
215.293 106.493 33.831 16.025
215.100 104.764 33.831 16.025
215.100 104.956 33.831 16.025
213.755 104.764 33.831 16.025
213.563 104.188 33.831 16.025
212.602 103.611 33.831 16.025
212.218 103.995 33.831 16.025
212.026 103.035 33.831 16.025
212.602 103.035 33.831 16.025
212.795 102.842 33.831 16.025
213.179 104.380 33.831 16.025
212.410 104.764 33.831 16.025
211.642 105.533 33.831 16.025
211.834 105.533 33.831 16.025
211.642 105.917 33.831 16.025
211.065 106.493 33.831 16.025
210.681 106.109 33.831 16.025
209.912 106.109 33.831 16.025
208.951 107.070 33.831 16.025
208.567 108.031 33.831 16.025
207.798 109.184 33.831 16.025
207.222 110.529 33.831 16.025
206.069 111.874 33.831 16.025
206.838 113.219 33.831 16.025
204.916 112.835 33.831 16.025
205.108 113.219 33.831 16.025
204.916 112.450 33.831 16.025
205.685 113.027 33.831 16.025
204.916 112.450 33.831 16.025
205.108 113.027 33.831 16.025
204.340 112.258 33.831 16.025
204.724 112.450 33.831 16.025
205.493 112.835 33.831 16.025
205.108 113.411 33.831 16.025
204.724 113.027 33.831 16.025
205.493 112.258 33.831 16.025
204.724 112.835 33.831 16.025
204.532 113.603 33.831 16.025
204.340 113.603 33.831 16.025
204.724 112.642 33.831 16.025
204.916 111.489 33.831 16.025
205.685 110.913 33.831 16.025
205.493 111.489 33.831 16.025
204.926 110.544 34.579 16.380
204.926 111.138 34.579 16.380
204.728 110.742 34.579 16.380
204.134 111.336 34.579 16.380
203.144 111.336 34.579 16.380
202.550 111.138 34.579 16.380
202.748 111.138 34.579 16.380
201.758 110.940 34.579 16.380
201.361 110.544 34.579 16.380
202.748 111.732 34.579 16.380
201.758 112.128 34.579 16.380
201.361 111.138 34.579 16.380
202.154 110.544 34.579 16.380
202.550 110.346 34.579 16.380
202.550 109.355 34.579 16.380
202.154 109.751 34.579 16.380
202.550 109.157 34.579 16.380
203.144 107.969 34.579 16.380
202.748 107.573 34.579 16.380
202.352 107.969 34.579 16.380
203.144 107.573 34.579 16.380
202.748 107.771 34.579 16.380
201.956 108.365 34.579 16.380
202.352 107.771 34.579 16.380
202.154 108.365 34.579 16.380
201.560 107.375 34.579 16.380
202.748 106.979 34.579 16.380
201.956 105.197 34.579 16.380
202.946 105.395 34.579 16.380
202.748 105.197 34.579 16.380
202.748 104.998 34.579 16.380
202.550 104.998 34.579 16.380
202.352 105.395 34.579 16.380
201.375 105.411 35.344 16.742
201.981 105.411 35.344 16.742
201.173 105.613 35.344 16.742
201.173 106.017 35.344 16.742
200.769 107.229 35.344 16.742
201.375 107.431 35.344 16.742
200.365 109.047 35.344 16.742
200.769 109.653 35.344 16.742
199.772 108.861 36.126 17.112
198.343 110.113 36.925 17.491
197.511 110.555 37.742 17.878
197.296 110.124 37.742 17.878
196.231 109.710 38.577 18.273
194.694 110.369 38.577 18.273
196.231 110.589 38.577 18.273
194.474 111.248 38.577 18.273
194.254 112.126 38.577 18.273
193.815 111.906 38.577 18.273
195.133 111.906 38.577 18.273
194.694 112.126 38.577 18.273
194.254 112.346 38.577 18.273
193.376 112.785 38.577 18.273
194.694 113.004 38.577 18.273
194.474 113.444 38.577 18.273
193.815 112.565 38.577 18.273
195.133 112.346 38.577 18.273
195.133 113.224 38.577 18.273
195.352 114.102 38.577 18.273
194.694 113.883 38.577 18.273
194.913 111.906 38.577 18.273
195.792 111.906 38.577 18.273
195.145 111.265 39.431 18.678
196.047 111.265 39.431 18.678
195.596 109.912 39.431 18.678
197.851 110.138 39.431 18.678
196.498 110.138 39.431 18.678
197.851 109.912 39.431 18.678
196.724 109.236 39.431 18.678
197.400 107.883 39.431 18.678
197.851 108.108 39.431 18.678
198.077 108.334 39.431 18.678
199.430 107.657 39.431 18.678
198.528 108.334 39.431 18.678
200.332 107.883 39.431 18.678
193.567 109.236 39.431 18.678
196.498 110.138 39.431 18.678
199.204 112.167 39.431 18.678
199.881 110.814 39.431 18.678
201.685 111.716 39.431 18.678
203.263 111.491 39.431 18.678
204.165 111.491 39.431 18.678
206.194 111.941 39.431 18.678
207.547 112.167 39.431 18.678
209.126 111.941 39.431 18.678
210.028 112.392 39.431 18.678
210.930 113.520 39.431 18.678
212.734 114.196 39.431 18.678
214.537 114.196 39.431 18.678
214.763 114.196 39.431 18.678
216.116 115.549 39.431 18.678
214.537 116.451 39.431 18.678
213.199 116.921 40.303 19.091
213.199 117.151 40.303 19.091
213.429 116.462 40.303 19.091
212.741 115.086 40.303 19.091
211.593 115.545 40.303 19.091
210.905 115.315 40.303 19.091
209.758 115.774 40.303 19.091
208.395 113.957 41.195 19.513
210.042 114.428 41.195 19.513
210.277 113.486 41.195 19.513
210.983 113.016 41.195 19.513
209.806 112.310 41.195 19.513
212.159 111.133 41.195 19.513
213.101 112.310 41.195 19.513
211.689 112.075 41.195 19.513
212.865 113.016 41.195 19.513
212.630 113.486 41.195 19.513
213.571 112.781 41.195 19.513
212.630 113.722 41.195 19.513
210.057 114.212 42.106 19.945
211.986 114.935 42.106 19.945
212.468 115.418 42.106 19.945
212.227 116.865 42.106 19.945
213.192 118.312 42.106 19.945
212.710 119.759 42.106 19.945
212.227 120.241 42.106 19.945
212.468 120.965 42.106 19.945
211.021 121.206 42.106 19.945
211.021 122.171 42.106 19.945
210.780 121.688 42.106 19.945
211.504 121.447 42.106 19.945
212.227 122.171 42.106 19.945
213.915 122.412 42.106 19.945
213.674 122.894 42.106 19.945
214.398 122.653 42.106 19.945
216.086 122.412 42.106 19.945
214.880 122.412 42.106 19.945
214.157 122.412 42.106 19.945
213.674 121.447 42.106 19.945
212.244 120.985 43.038 20.386
213.469 120.005 43.038 20.386
213.959 119.760 43.038 20.386
213.224 120.250 43.038 20.386
212.013 118.064 43.990 20.838
211.777 117.582 44.964 21.299
210.252 115.548 45.958 21.770
211.583 115.570 46.975 22.251
210.508 115.570 46.975 22.251
209.989 115.056 48.015 22.744
208.360 115.078 49.077 23.247
210.322 115.639 49.077 23.247
209.201 116.200 49.077 23.247
208.377 116.784 50.163 23.761
209.540 116.521 51.273 24.287
208.681 115.960 52.407 24.824
210.781 116.560 52.407 24.824
211.681 117.160 52.407 24.824
210.781 116.560 52.407 24.824
211.101 115.986 53.566 25.374
210.489 115.986 53.566 25.374
213.854 116.292 53.566 25.374
212.650 116.317 54.752 25.935
211.109 115.406 55.963 26.509
209.850 114.154 57.201 27.095
212.797 113.172 57.201 27.095
211.488 112.845 57.201 27.095
212.797 112.845 57.201 27.095
211.510 112.217 58.467 27.695
212.510 111.884 58.467 27.695
212.510 112.217 58.467 27.695
212.843 112.551 58.467 27.695
211.196 110.578 59.760 28.308
214.267 109.554 59.760 28.308
212.241 108.217 61.083 28.934
215.033 107.519 61.083 28.934
214.009 107.548 62.434 29.574
217.220 107.905 62.434 29.574
220.789 106.835 62.434 29.574
219.741 105.794 63.815 30.228
220.471 106.523 63.815 30.228
222.659 105.794 63.815 30.228
223.024 105.794 63.815 30.228
225.212 105.794 63.815 30.228
223.777 104.000 65.227 30.897
223.055 104.031 66.670 31.581
221.533 104.031 66.670 31.581
219.251 103.270 66.670 31.581
221.533 102.890 66.670 31.581
220.773 102.129 66.670 31.581
219.655 101.780 68.145 32.279
222.761 102.168 68.145 32.279
221.230 99.093 69.653 32.994
222.822 97.501 69.653 32.994
221.256 97.534 71.194 33.724
223.285 97.128 71.194 33.724
222.473 96.723 71.194 33.724
222.068 96.317 71.194 33.724
220.874 96.349 72.769 34.470
219.211 97.597 72.769 34.470
222.121 98.012 72.769 34.470
220.043 97.597 72.769 34.470
218.406 98.462 74.379 35.232
219.683 98.888 74.379 35.232
217.555 100.164 74.379 35.232
217.981 100.590 74.379 35.232
219.683 101.441 74.379 35.232
220.959 101.015 74.379 35.232
221.385 100.590 74.379 35.232
220.959 101.015 74.379 35.232
219.683 100.590 74.379 35.232
221.385 99.739 74.379 35.232
221.385 99.739 74.379 35.232
218.009 99.349 76.025 36.012
216.709 98.482 76.025 36.012
218.009 98.482 76.025 36.012
215.001 98.084 77.707 36.809
215.888 98.084 77.707 36.809
215.471 98.120 79.426 37.623
215.471 98.120 79.426 37.623
215.471 98.120 79.426 37.623
215.471 99.026 79.426 37.623
215.471 99.932 79.426 37.623
213.206 102.196 79.426 37.623
212.301 103.102 79.426 37.623
210.430 106.674 77.733 36.821
207.328 106.674 77.733 36.821
204.226 106.674 77.733 36.821
201.124 106.674 77.733 36.821
198.908 105.788 77.733 36.821
197.579 105.788 77.733 36.821
196.249 105.345 77.733 36.821
194.920 105.345 77.733 36.821
194.034 105.788 77.733 36.821
194.920 105.788 77.733 36.821
193.591 105.345 77.733 36.821
194.419 104.851 76.075 36.036
192.686 105.718 76.075 36.036
191.819 105.718 76.075 36.036
191.819 106.584 76.075 36.036
190.086 105.718 76.075 36.036
187.053 105.718 76.075 36.036
184.019 107.451 76.075 36.036
181.853 107.451 76.075 36.036
180.986 107.884 76.075 36.036
179.686 109.184 76.075 36.036
180.553 109.184 76.075 36.036
178.819 110.051 76.075 36.036
179.686 109.618 76.075 36.036
178.819 109.184 76.075 36.036
179.686 105.718 76.075 36.036
179.686 103.984 76.075 36.036
179.253 99.651 76.075 36.036
179.631 96.568 74.453 35.267
179.205 92.314 74.453 35.267
178.780 88.910 74.453 35.267
177.078 86.357 74.453 35.267
175.376 83.804 74.453 35.267
174.099 81.676 74.453 35.267
173.248 79.974 74.453 35.267
174.525 76.996 74.453 35.267
173.674 77.421 74.453 35.267
174.950 76.570 74.453 35.267
177.078 76.996 74.453 35.267
178.354 77.421 74.453 35.267
179.631 79.123 74.453 35.267
181.333 81.251 74.453 35.267
183.460 83.804 74.453 35.267
186.438 85.931 74.453 35.267
188.140 86.782 74.453 35.267
189.417 89.761 74.453 35.267
189.842 91.037 74.453 35.267
191.119 89.335 74.453 35.267
191.119 85.931 74.453 35.267
191.544 83.378 74.453 35.267
190.268 82.102 74.453 35.267
190.693 79.123 74.453 35.267
189.842 77.847 74.453 35.267
191.970 78.272 74.453 35.267
193.672 77.421 74.453 35.267
196.225 75.719 74.453 35.267
198.352 76.570 74.453 35.267
197.927 78.698 74.453 35.267
197.927 80.825 74.453 35.267
196.650 82.953 74.453 35.267
193.672 83.804 74.453 35.267
192.395 85.506 74.453 35.267
189.417 87.633 74.453 35.267
188.566 89.761 74.453 35.267
187.289 91.463 74.453 35.267
186.438 93.165 74.453 35.267
187.289 93.590 74.453 35.267
188.934 94.392 72.865 34.515
190.181 93.144 72.865 34.515
192.675 90.235 72.865 34.515
193.091 88.572 72.865 34.515
194.338 85.246 72.865 34.515
193.091 82.752 72.865 34.515
190.181 82.337 72.865 34.515
188.103 82.337 72.865 34.515
187.687 82.337 72.865 34.515
186.856 82.752 72.865 34.515
186.856 81.921 72.865 34.515
187.271 82.337 72.865 34.515
185.609 82.337 72.865 34.515
185.609 82.752 72.865 34.515
186.024 82.752 72.865 34.515
186.856 83.168 72.865 34.515
186.440 85.246 72.865 34.515
188.103 86.493 72.865 34.515
190.181 87.741 72.865 34.515
192.260 88.572 72.865 34.515
193.091 88.572 72.865 34.515
191.844 88.988 72.865 34.515
191.428 89.403 72.865 34.515
193.091 88.156 72.865 34.515
194.754 86.909 72.865 34.515
195.170 87.741 72.865 34.515
195.585 91.066 72.865 34.515
195.170 92.729 72.865 34.515
196.417 93.976 72.865 34.515
196.001 93.560 72.865 34.515
193.922 94.392 72.865 34.515
193.507 95.223 72.865 34.515
194.338 95.639 72.865 34.515
193.922 94.392 72.865 34.515
193.452 95.175 71.311 33.779
195.084 94.767 71.311 33.779
195.492 92.320 71.311 33.779
198.754 92.728 71.311 33.779
202.017 90.689 71.311 33.779
205.280 89.873 71.311 33.779
211.342 90.233 69.790 33.059
215.322 89.039 69.790 33.059
218.507 87.845 69.790 33.059
222.487 88.641 69.790 33.059
224.477 88.243 69.790 33.059
226.070 88.243 69.790 33.059
226.416 88.198 68.302 32.354
227.586 87.808 68.302 32.354
229.095 90.103 66.845 31.664
228.661 93.500 65.420 30.988
228.288 94.990 65.420 30.988
230.523 95.735 65.420 30.988
229.033 96.108 65.420 30.988
229.778 97.225 65.420 30.988
230.523 97.598 65.420 30.988
231.641 96.853 65.420 30.988
233.829 97.183 64.025 30.328
236.335 96.048 62.660 29.681
237.003 97.435 61.323 29.048
235.902 98.096 60.016 28.428
235.169 97.712 58.736 27.822
234.164 97.042 58.736 27.822
233.493 97.042 58.736 27.822
232.487 97.712 58.736 27.822
230.811 98.383 58.736 27.822
232.152 99.389 58.736 27.822
230.475 99.389 58.736 27.822
231.146 99.724 58.736 27.822
229.469 98.048 58.736 27.822
229.469 98.383 58.736 27.822
230.811 97.042 58.736 27.822
232.822 94.695 58.736 27.822
233.158 92.683 58.736 27.822
234.834 92.348 58.736 27.822
235.505 92.012 58.736 27.822
237.852 90.001 58.736 27.822
239.864 90.001 58.736 27.822
241.540 89.665 58.736 27.822
242.211 87.654 58.736 27.822
240.534 88.324 58.736 27.822
241.205 88.324 58.736 27.822
239.819 88.956 57.483 27.229
241.456 87.974 57.483 27.229
242.439 86.009 57.483 27.229
243.052 86.954 56.257 26.648
244.616 86.595 55.058 26.080
243.321 87.187 53.883 25.524
246.050 87.767 52.734 24.979
247.560 87.767 52.734 24.979
246.311 87.732 51.610 24.447
248.920 86.227 50.509 23.925
251.226 85.651 50.509 23.925
253.243 85.075 50.509 23.925
254.396 85.363 50.509 23.925
253.243 85.651 50.509 23.925
254.396 84.786 50.509 23.925
251.476 84.753 49.432 23.415
249.217 85.600 49.432 23.415
250.347 85.036 49.432 23.415
248.615 84.720 48.378 22.916
249.407 86.347 47.346 22.427
247.513 86.888 47.346 22.427
248.325 87.430 47.346 22.427
245.619 86.888 47.346 22.427
247.243 87.159 47.346 22.427
245.619 87.430 47.346 22.427
247.243 86.347 47.346 22.427
248.595 86.347 47.346 22.427
251.301 87.159 47.346 22.427
253.195 88.241 47.346 22.427
255.594 89.022 46.337 21.949
257.447 88.492 46.337 21.949
261.683 88.492 46.337 21.949
264.330 88.492 46.337 21.949
267.206 88.991 45.348 21.481
269.243 88.702 44.381 21.023
271.486 87.915 43.435 20.574
273.926 87.393 42.509 20.136
276.114 84.962 42.509 20.136
278.513 84.447 41.602 19.706
280.173 83.023 41.602 19.706
282.071 83.023 41.602 19.706
283.939 82.284 40.715 19.286
283.705 81.818 40.715 19.286
284.405 82.518 40.715 19.286
283.439 82.723 39.847 18.875
284.804 82.496 39.847 18.875
285.941 83.178 39.847 18.875
285.911 83.380 38.997 18.472
287.892 83.577 38.165 18.078
289.415 81.835 38.165 18.078
291.346 82.899 37.351 17.693
291.346 83.540 37.351 17.693
291.560 84.181 37.351 17.693
289.850 84.609 37.351 17.693
288.140 86.105 37.351 17.693
286.858 85.463 37.351 17.693
282.583 85.891 37.351 17.693
281.087 85.677 37.351 17.693
276.599 85.677 37.351 17.693
275.103 85.891 37.351 17.693
274.248 86.746 37.351 17.693
272.965 87.601 37.351 17.693
273.393 89.524 37.351 17.693
272.324 90.379 37.351 17.693
274.248 91.020 37.351 17.693
274.034 91.234 37.351 17.693
276.171 92.516 37.351 17.693
275.501 94.415 36.555 17.315
277.138 94.807 35.775 16.946
277.953 95.623 35.775 16.946
279.585 97.050 35.775 16.946
278.565 98.886 35.775 16.946
279.381 99.497 35.775 16.946
278.743 102.329 35.012 16.585
277.743 102.529 35.012 16.585
278.943 102.729 35.012 16.585
280.143 102.529 35.012 16.585
278.943 103.529 35.012 16.585
280.743 101.729 35.012 16.585
279.143 100.729 35.012 16.585
278.543 98.729 35.012 16.585
279.543 96.729 35.012 16.585
277.943 95.929 35.012 16.585
278.943 94.129 35.012 16.585
277.943 92.929 35.012 16.585
277.343 94.329 35.012 16.585
276.743 92.329 35.012 16.585
276.343 90.529 35.012 16.585
278.343 87.729 35.012 16.585
278.943 85.529 35.012 16.585
280.143 84.729 35.012 16.585
279.343 82.529 35.012 16.585
280.343 82.129 35.012 16.585
279.143 82.329 35.012 16.585
280.343 80.729 35.012 16.585
281.143 79.729 35.012 16.585
280.343 80.129 35.012 16.585
281.143 80.129 35.012 16.585
280.543 79.929 35.012 16.585
279.943 79.329 35.012 16.585
279.343 80.129 35.012 16.585
278.943 79.129 35.012 16.585
278.543 79.329 35.012 16.585
277.543 79.929 35.012 16.585
