276.000 161.000 73.000 74.000
278.314 161.000 73.000 74.000
281.206 161.000 73.000 74.000
284.098 160.422 73.000 74.000
286.990 160.422 73.000 74.000
290.461 159.843 73.000 74.000
294.510 160.422 73.000 74.000
297.402 160.422 73.000 74.000
302.029 160.422 73.000 74.000
304.343 161.000 73.000 74.000
307.235 161.000 73.000 74.000
308.971 160.422 73.000 74.000
310.127 158.108 73.000 74.000
310.706 152.324 73.000 74.000
311.284 145.961 73.000 74.000
313.020 140.755 73.000 74.000
313.020 137.863 73.000 74.000
313.598 139.020 73.000 74.000
313.020 140.176 73.000 74.000
313.020 143.069 73.000 74.000
312.441 145.382 73.000 74.000
312.441 147.696 73.000 74.000
311.863 149.431 73.000 74.000
311.484 150.799 71.443 72.422
311.484 151.366 71.443 72.422
310.918 152.499 71.443 72.422
309.784 154.199 71.443 72.422
309.218 155.899 71.443 72.422
309.218 157.599 71.443 72.422
309.218 159.866 71.443 72.422
308.651 160.999 71.443 72.422
308.084 161.566 71.443 72.422
308.084 162.699 71.443 72.422
307.518 163.266 71.443 72.422
306.951 162.699 71.443 72.422
306.384 162.699 71.443 72.422
305.251 162.699 71.443 72.422
304.684 163.266 71.443 72.422
303.551 163.832 71.443 72.422
302.418 164.966 71.443 72.422
301.284 167.232 71.443 72.422
300.718 169.499 71.443 72.422
300.718 171.199 71.443 72.422
301.851 172.332 71.443 72.422
301.851 173.466 71.443 72.422
302.418 173.466 71.443 72.422
302.418 174.032 71.443 72.422
302.418 173.466 71.443 72.422
302.984 173.466 71.443 72.422
303.551 173.466 71.443 72.422
302.984 174.032 71.443 72.422
302.418 174.599 71.443 72.422
301.851 175.166 71.443 72.422
301.851 175.166 71.443 72.422
301.284 175.166 71.443 72.422
300.718 175.166 71.443 72.422
300.718 176.299 71.443 72.422
301.284 176.866 71.443 72.422
300.718 177.432 71.443 72.422
300.718 179.132 71.443 72.422
300.718 180.266 71.443 72.422
301.284 181.966 71.443 72.422
301.284 181.966 71.443 72.422
302.418 181.399 71.443 72.422
304.118 179.699 71.443 72.422
305.818 177.432 71.443 72.422
305.818 175.166 71.443 72.422
306.384 174.032 71.443 72.422
305.818 174.599 71.443 72.422
306.384 176.866 71.443 72.422
305.818 181.399 71.443 72.422
306.384 188.766 71.443 72.422
305.818 195.566 71.443 72.422
306.384 199.532 71.443 72.422
305.251 200.099 71.443 72.422
305.251 198.966 71.443 72.422
304.684 197.266 71.443 72.422
302.418 198.399 71.443 72.422
300.718 200.666 71.443 72.422
299.584 204.066 71.443 72.422
297.884 206.332 71.443 72.422
295.961 207.798 73.024 74.024
294.574 209.293 74.640 75.662
293.390 212.253 74.640 75.662
291.380 212.601 76.291 77.336
290.776 213.808 76.291 77.336
289.932 212.349 77.979 79.047
288.697 209.878 77.979 79.047
288.079 206.790 77.979 79.047
288.079 204.320 77.979 79.047
288.079 202.467 77.979 79.047
287.462 200.614 77.979 79.047
287.462 199.378 77.979 79.047
286.844 198.761 77.979 79.047
286.226 198.143 77.979 79.047
286.844 196.908 77.979 79.047
286.844 196.290 77.979 79.047
287.462 195.673 77.979 79.047
288.697 195.673 77.979 79.047
288.697 195.673 77.979 79.047
289.932 195.673 77.979 79.047
290.550 196.290 77.979 79.047
290.550 196.290 77.979 79.047
291.785 196.290 77.979 79.047
292.403 196.290 77.979 79.047
293.638 195.673 77.979 79.047
293.020 195.055 77.979 79.047
294.256 193.820 77.979 79.047
294.256 193.820 77.979 79.047
294.256 193.820 77.979 79.047
294.873 193.820 77.979 79.047
294.256 193.202 77.979 79.047
294.873 192.584 77.979 79.047
294.256 191.967 77.979 79.047
294.256 191.967 77.979 79.047
294.256 191.349 77.979 79.047
294.256 190.731 77.979 79.047
294.256 190.731 77.979 79.047
294.873 190.731 77.979 79.047
294.873 190.731 77.979 79.047
294.873 190.731 77.979 79.047
294.873 190.731 77.979 79.047
294.873 190.731 77.979 79.047
294.873 190.731 77.979 79.047
294.873 190.114 77.979 79.047
294.256 190.114 77.979 79.047
294.256 190.114 77.979 79.047
294.256 190.114 77.979 79.047
294.256 190.114 77.979 79.047
294.873 190.114 77.979 79.047
294.873 189.496 77.979 79.047
294.256 189.496 77.979 79.047
294.011 188.622 79.704 80.796
294.642 187.359 79.704 80.796
294.011 187.359 79.704 80.796
294.642 186.727 79.704 80.796
294.011 185.465 79.704 80.796
294.642 184.833 79.704 80.796
294.011 183.571 79.704 80.796
294.011 183.571 79.704 80.796
294.642 182.939 79.704 80.796
294.011 181.676 79.704 80.796
294.011 180.414 79.704 80.796
293.379 179.782 79.704 80.796
292.117 178.520 79.704 80.796
292.117 178.520 79.704 80.796
292.117 177.888 79.704 80.796
292.748 175.994 79.704 80.796
292.748 175.363 79.704 80.796
292.117 175.363 79.704 80.796
293.379 174.731 79.704 80.796
292.117 174.100 79.704 80.796
292.748 174.731 79.704 80.796
292.117 174.731 79.704 80.796
292.748 174.731 79.704 80.796
292.117 175.363 79.704 80.796
292.748 176.626 79.704 80.796
292.117 177.257 79.704 80.796
292.748 178.520 79.704 80.796
292.117 179.782 79.704 80.796
292.748 179.782 79.704 80.796
292.748 179.782 79.704 80.796
292.748 179.782 79.704 80.796
292.748 179.782 79.704 80.796
292.748 179.782 79.704 80.796
292.748 179.782 79.704 80.796
292.748 178.520 79.704 80.796
292.117 178.520 79.704 80.796
292.117 177.257 79.704 80.796
291.485 175.994 79.704 80.796
290.222 174.731 79.704 80.796
289.591 174.100 79.704 80.796
289.591 174.100 79.704 80.796
289.591 174.100 79.704 80.796
288.960 174.731 79.704 80.796
288.960 174.731 79.704 80.796
288.328 176.626 79.704 80.796
287.697 176.626 79.704 80.796
287.697 178.520 79.704 80.796
288.328 180.414 79.704 80.796
287.697 181.045 79.704 80.796
288.328 182.308 79.704 80.796
287.697 184.202 79.704 80.796
288.328 184.202 79.704 80.796
288.328 185.465 79.704 80.796
288.328 186.727 79.704 80.796
287.697 186.096 79.704 80.796
288.328 186.096 79.704 80.796
289.178 188.220 78.004 79.073
289.796 186.367 78.004 79.073
289.178 185.750 78.004 79.073
289.178 185.750 78.004 79.073
290.413 184.514 78.004 79.073
291.031 182.662 78.004 79.073
291.649 181.426 78.004 79.073
292.266 179.573 78.004 79.073
292.884 180.191 78.004 79.073
294.119 179.573 78.004 79.073
295.355 181.426 78.004 79.073
296.590 182.662 78.004 79.073
297.208 183.897 78.004 79.073
299.060 185.132 78.004 79.073
299.678 185.132 78.004 79.073
300.296 186.985 78.004 79.073
302.149 186.985 78.004 79.073
302.766 187.603 78.004 79.073
302.149 188.838 78.004 79.073
302.149 188.220 78.004 79.073
302.149 186.985 78.004 79.073
300.913 187.603 78.004 79.073
299.678 187.603 78.004 79.073
299.060 186.985 78.004 79.073
298.443 185.750 78.004 79.073
297.825 186.985 78.004 79.073
296.590 185.132 78.004 79.073
295.972 184.514 78.004 79.073
295.355 183.279 78.004 79.073
295.972 181.426 78.004 79.073
294.737 180.191 78.004 79.073
294.737 177.720 78.004 79.073
294.119 175.250 78.004 79.073
293.502 172.779 78.004 79.073
292.266 171.544 78.004 79.073
292.266 170.309 78.004 79.073
291.649 169.073 78.004 79.073
291.031 168.456 78.004 79.073
292.266 167.838 78.004 79.073
291.649 170.926 78.004 79.073
292.266 169.691 78.004 79.073
294.119 170.926 78.004 79.073
292.884 169.691 78.004 79.073
292.266 167.220 78.004 79.073
295.972 170.926 78.004 79.073
294.119 168.456 78.004 79.073
295.972 165.985 78.004 79.073
294.119 164.132 78.004 79.073
293.502 162.279 78.004 79.073
292.884 160.426 78.004 79.073
292.266 158.573 78.004 79.073
291.031 156.720 78.004 79.073
290.413 156.103 78.004 79.073
289.178 154.250 78.004 79.073
287.325 153.632 78.004 79.073
286.090 153.014 78.004 79.073
284.855 152.397 78.004 79.073
287.943 155.485 78.004 79.073
285.472 153.014 78.004 79.073
288.560 151.162 78.004 79.073
285.472 150.544 78.004 79.073
289.178 153.014 78.004 79.073
286.090 151.162 78.004 79.073
281.766 124.603 78.004 79.073
277.443 124.603 78.004 79.073
281.766 122.750 78.004 79.073
277.443 123.367 78.004 79.073
280.531 121.514 78.004 79.073
276.208 122.132 78.004 79.073
278.060 122.132 78.004 79.073
278.678 122.132 78.004 79.073
274.972 122.750 78.004 79.073
276.825 123.985 78.004 79.073
288.560 151.779 78.004 79.073
289.178 154.867 78.004 79.073
288.315 156.463 79.730 80.823
288.947 157.726 79.730 80.823
290.841 158.989 79.730 80.823
290.841 160.251 79.730 80.823
292.735 162.777 79.730 80.823
292.103 164.040 79.730 80.823
294.629 166.565 79.730 80.823
293.998 169.091 79.730 80.823
293.366 170.985 79.730 80.823
292.103 171.616 79.730 80.823
292.735 171.616 79.730 80.823
292.103 171.616 79.730 80.823
290.841 172.248 79.730 80.823
290.841 173.510 79.730 80.823
290.841 174.773 79.730 80.823
290.209 175.404 79.730 80.823
288.315 177.299 79.730 80.823
287.684 176.667 79.730 80.823
287.433 176.404 81.494 82.611
287.433 176.404 81.494 82.611
287.433 177.051 81.494 82.611
286.532 176.138 83.297 84.439
287.192 174.816 83.297 84.439
287.192 174.816 83.297 84.439
287.853 174.155 83.297 84.439
287.853 173.494 83.297 84.439
287.853 172.173 83.297 84.439
287.853 172.834 83.297 84.439
287.853 170.851 83.297 84.439
287.853 171.512 83.297 84.439
287.853 168.208 83.297 84.439
287.192 169.530 83.297 84.439
287.192 167.547 83.297 84.439
287.192 168.208 83.297 84.439
287.192 168.869 83.297 84.439
285.871 164.904 83.297 84.439
283.889 166.887 83.297 84.439
281.906 166.887 83.297 84.439
279.263 165.565 83.297 84.439
275.298 161.600 83.297 84.439
279.924 164.243 83.297 84.439
275.298 160.940 83.297 84.439
270.673 158.957 83.297 84.439
273.316 158.296 83.297 84.439
268.690 155.653 83.297 84.439
270.012 155.653 83.297 84.439
270.012 154.993 83.297 84.439
270.673 153.671 83.297 84.439
271.334 153.010 83.297 84.439
270.673 153.671 83.297 84.439
270.673 151.689 83.297 84.439
270.673 149.706 83.297 84.439
270.012 146.402 83.297 84.439
268.690 143.098 83.297 84.439
268.030 141.777 83.297 84.439
267.369 137.812 83.297 84.439
269.351 137.151 83.297 84.439
269.351 137.812 83.297 84.439
270.012 135.169 83.297 84.439
270.673 134.508 83.297 84.439
271.994 133.847 83.297 84.439
270.673 134.508 83.297 84.439
272.655 132.526 83.297 84.439
271.994 132.526 83.297 84.439
273.977 131.204 83.297 84.439
273.977 133.847 83.297 84.439
275.298 132.526 83.297 84.439
274.638 131.865 83.297 84.439
277.281 133.847 83.297 84.439
275.959 132.526 83.297 84.439
278.602 131.865 83.297 84.439
279.263 134.508 83.297 84.439
279.263 133.187 83.297 84.439
279.263 135.169 83.297 84.439
278.602 135.169 83.297 84.439
282.567 138.473 83.297 84.439
279.663 138.200 85.140 86.307
278.314 140.898 85.140 86.307
276.023 138.594 87.024 88.216
272.572 134.453 87.024 88.216
278.784 142.735 87.024 88.216
273.680 136.928 88.950 90.168
278.621 143.987 88.950 90.168
274.386 138.340 88.950 90.168
271.990 140.166 90.918 92.163
277.041 142.330 90.918 92.163
271.269 136.558 90.918 92.163
274.877 139.444 90.918 92.163
271.269 142.330 90.918 92.163
275.598 140.887 90.918 92.163
270.547 143.773 90.918 92.163
275.598 140.166 90.918 92.163
271.990 145.938 90.918 92.163
276.320 142.330 90.918 92.163
271.990 148.824 90.918 92.163
276.320 143.773 90.918 92.163
270.984 144.919 92.929 94.202
276.883 140.495 92.929 94.202
272.168 143.139 94.985 96.286
276.686 140.880 94.985 96.286
272.168 144.645 94.985 96.286
277.439 141.633 94.985 96.286
272.623 143.580 97.087 98.417
272.320 140.950 99.235 100.594
273.106 139.377 99.235 100.594
268.389 145.668 99.235 100.594
273.892 144.095 99.235 100.594
269.961 148.813 99.235 100.594
275.465 144.095 99.235 100.594
269.961 149.599 99.235 100.594
274.679 142.523 99.235 100.594
269.961 150.385 99.235 100.594
264.457 156.675 99.235 100.594
269.961 154.317 99.235 100.594
267.874 162.466 97.119 98.449
273.268 158.613 97.119 98.449
267.103 165.548 97.119 98.449
271.727 162.466 97.119 98.449
267.874 169.401 97.119 98.449
270.956 167.089 97.119 98.449
265.562 174.025 97.119 98.449
269.415 170.942 97.119 98.449
267.103 175.566 97.119 98.449
269.415 171.713 97.119 98.449
264.021 175.566 97.119 98.449
267.874 173.254 97.119 98.449
270.186 168.630 97.119 98.449
264.792 174.025 97.119 98.449
268.645 171.713 97.119 98.449
270.186 168.630 97.119 98.449
268.645 175.566 97.119 98.449
271.221 172.763 95.047 96.349
274.986 165.233 95.047 96.349
271.482 168.519 93.021 94.295
276.643 164.096 93.021 94.295
279.592 162.621 93.021 94.295
281.803 158.935 93.021 94.295
277.635 165.838 91.037 92.284
279.078 165.838 91.037 92.284
275.470 167.282 91.037 92.284
271.862 168.725 91.037 92.284
273.305 170.889 91.037 92.284
276.913 172.333 91.037 92.284
271.862 175.219 91.037 92.284
271.140 169.446 91.037 92.284
275.470 171.611 91.037 92.284
272.584 175.219 91.037 92.284
271.140 171.611 91.037 92.284
270.419 174.497 91.037 92.284
270.419 168.003 91.037 92.284
268.976 170.168 91.037 92.284
268.254 166.560 91.037 92.284
267.533 167.282 91.037 92.284
266.089 162.231 91.037 92.284
265.368 162.231 91.037 92.284
266.811 157.180 91.037 92.284
263.925 157.901 91.037 92.284
266.811 154.293 91.037 92.284
263.925 151.407 91.037 92.284
262.482 149.242 91.037 92.284
261.760 148.521 91.037 92.284
260.317 145.635 91.037 92.284
259.595 144.191 91.037 92.284
258.874 142.748 91.037 92.284
260.317 140.584 91.037 92.284
258.152 136.976 91.037 92.284
261.038 133.368 91.037 92.284
258.152 127.595 91.037 92.284
261.760 131.925 91.037 92.284
258.152 124.709 91.037 92.284
260.317 128.317 91.037 92.284
258.152 124.709 91.037 92.284
260.317 127.595 91.037 92.284
259.595 129.038 91.037 92.284
259.595 130.482 91.037 92.284
261.760 132.646 91.037 92.284
261.038 134.089 91.037 92.284
263.925 137.697 91.037 92.284
263.203 140.584 91.037 92.284
265.368 142.748 91.037 92.284
266.089 144.191 91.037 92.284
266.089 145.635 91.037 92.284
266.811 147.799 91.037 92.284
269.225 151.669 89.095 90.316
270.637 153.787 89.095 90.316
270.637 155.905 89.095 90.316
271.342 158.022 89.095 90.316
273.460 160.846 89.095 90.316
274.166 165.081 89.095 90.316
275.578 168.611 89.095 90.316
276.284 173.552 89.095 90.316
277.695 177.787 89.095 90.316
277.695 181.317 89.095 90.316
279.813 182.728 89.095 90.316
280.519 184.846 89.095 90.316
280.519 185.552 89.095 90.316
282.175 186.515 87.195 88.390
283.559 187.899 87.195 88.390
282.867 185.823 87.195 88.390
284.943 186.515 87.195 88.390
285.873 186.765 85.336 86.505
285.873 186.765 85.336 86.505
286.550 186.765 85.336 86.505
288.812 188.364 83.516 84.660
290.138 187.701 83.516 84.660
290.801 188.364 83.516 84.660
291.463 189.689 83.516 84.660
292.789 189.689 83.516 84.660
294.114 189.689 83.516 84.660
294.777 189.027 83.516 84.660
295.440 189.027 83.516 84.660
296.103 188.364 83.516 84.660
296.765 188.364 83.516 84.660
296.765 186.376 83.516 84.660
296.103 187.039 83.516 84.660
297.428 185.050 83.516 84.660
295.440 187.039 83.516 84.660
294.777 187.039 83.516 84.660
294.114 188.364 83.516 84.660
295.440 188.364 83.516 84.660
294.114 190.352 83.516 84.660
298.319 188.604 81.735 82.855
297.025 191.192 81.735 82.855
297.025 188.604 81.735 82.855
296.378 191.192 81.735 82.855
298.966 186.016 81.735 82.855
298.966 188.604 81.735 82.855
299.613 182.780 81.735 82.855
300.907 180.839 81.735 82.855
303.073 180.429 79.992 81.088
302.439 181.062 79.992 81.088
301.173 181.695 79.992 81.088
300.539 180.429 79.992 81.088
300.539 181.062 79.992 81.088
298.639 181.062 79.992 81.088
296.739 177.895 79.992 81.088
295.473 178.529 79.992 81.088
294.206 175.995 79.992 81.088
294.206 176.629 79.992 81.088
294.206 173.462 79.992 81.088
294.206 174.095 79.992 81.088
292.054 175.098 81.762 82.882
294.001 172.502 81.762 82.882
290.501 174.181 83.571 84.716
293.152 174.844 83.571 84.716
291.826 176.170 83.571 84.716
291.826 176.170 83.571 84.716
292.489 177.495 83.571 84.716
293.815 178.158 83.571 84.716
293.152 178.158 83.571 84.716
293.815 180.809 83.571 84.716
293.152 183.460 83.571 84.716
293.815 184.123 83.571 84.716
292.489 186.773 83.571 84.716
293.152 185.448 83.571 84.716
291.164 184.123 83.571 84.716
290.501 185.448 83.571 84.716
289.838 184.785 83.571 84.716
287.850 184.785 83.571 84.716
287.187 184.123 83.571 84.716
285.862 183.460 83.571 84.716
283.873 182.134 83.571 84.716
283.873 180.809 83.571 84.716
282.548 179.483 83.571 84.716
283.873 177.495 83.571 84.716
282.548 176.170 83.571 84.716
283.211 174.181 83.571 84.716
281.885 172.193 83.571 84.716
281.222 170.205 83.571 84.716
281.885 168.217 83.571 84.716
280.560 166.228 83.571 84.716
281.885 164.240 83.571 84.716
280.560 162.915 83.571 84.716
280.298 160.652 85.420 86.590
279.621 160.652 85.420 86.590
280.298 161.328 85.420 86.590
280.298 159.976 85.420 86.590
280.298 158.623 85.420 86.590
280.974 158.623 85.420 86.590
281.651 158.623 85.420 86.590
281.651 159.299 85.420 86.590
283.004 159.299 85.420 86.590
283.680 158.623 85.420 86.590
283.680 157.270 85.420 86.590
284.357 155.240 85.420 86.590
285.033 153.887 85.420 86.590
285.710 152.534 85.420 86.590
285.710 153.211 85.420 86.590
285.033 153.887 85.420 86.590
285.033 155.240 85.420 86.590
285.033 157.270 85.420 86.590
285.710 159.299 85.420 86.590
285.033 159.976 85.420 86.590
285.033 160.652 85.420 86.590
285.710 162.005 85.420 86.590
285.710 161.328 85.420 86.590
285.033 162.005 85.420 86.590
285.033 162.005 85.420 86.590
285.033 161.328 85.420 86.590
285.033 161.328 85.420 86.590
285.710 161.328 85.420 86.590
285.710 161.328 85.420 86.590
286.386 161.328 85.420 86.590
287.063 161.328 85.420 86.590
287.739 160.652 85.420 86.590
288.416 160.652 85.420 86.590
288.416 159.976 85.420 86.590
289.092 159.976 85.420 86.590
289.768 159.299 85.420 86.590
289.768 158.623 85.420 86.590
292.709 161.575 83.598 84.744
292.937 160.491 81.816 82.936
295.533 161.140 81.816 82.936
297.704 161.375 80.071 81.168
298.339 161.375 80.071 81.168
298.974 160.740 80.071 81.168
300.245 159.469 80.071 81.168
303.421 158.834 80.071 81.168
302.151 161.375 80.071 81.168
305.963 160.104 80.071 81.168
304.692 162.646 80.071 81.168
307.868 160.740 80.071 81.168
307.233 162.646 80.071 81.168
309.774 160.740 80.071 81.168
309.139 162.010 80.071 81.168
310.410 160.740 80.071 81.168
309.774 160.104 80.071 81.168
312.951 158.834 80.071 81.168
310.410 158.834 80.071 81.168
311.680 157.563 80.071 81.168
309.774 156.928 80.071 81.168
311.680 158.198 80.071 81.168
309.139 156.928 80.071 81.168
308.504 157.563 80.071 81.168
308.504 156.928 80.071 81.168
307.233 157.563 80.071 81.168
307.618 154.759 81.842 82.964
305.671 157.355 81.842 82.964
307.618 155.408 81.842 82.964
305.671 155.408 81.842 82.964
304.373 155.408 81.842 82.964
303.468 152.544 83.653 84.799
304.130 154.532 83.653 84.799
302.142 153.869 83.653 84.799
300.817 153.869 83.653 84.799
299.491 153.869 83.653 84.799
298.828 153.206 83.653 84.799
297.503 152.544 83.653 84.799
296.177 152.544 83.653 84.799
294.189 151.218 83.653 84.799
292.864 152.544 83.653 84.799
290.875 150.555 83.653 84.799
289.550 152.544 83.653 84.799
288.224 151.881 83.653 84.799
286.899 154.532 83.653 84.799
285.573 152.544 83.653 84.799
283.323 149.617 85.504 86.675
281.966 153.009 85.504 86.675
280.609 153.009 85.504 86.675
278.306 152.729 87.396 88.593
276.230 154.113 87.396 88.593
274.845 154.113 87.396 88.593
272.077 158.266 87.396 88.593
270.692 158.266 87.396 88.593
269.308 161.035 87.396 88.593
267.924 163.804 87.396 88.593
266.539 162.419 87.396 88.593
265.847 164.496 87.396 88.593
265.155 163.804 87.396 88.593
264.463 165.188 87.396 88.593
264.463 164.496 87.396 88.593
263.771 164.496 87.396 88.593
263.771 165.188 87.396 88.593
264.463 165.188 87.396 88.593
263.771 164.496 87.396 88.593
264.463 164.496 87.396 88.593
264.463 165.188 87.396 88.593
264.463 166.572 87.396 88.593
264.463 165.880 87.396 88.593
265.155 167.956 87.396 88.593
266.779 170.978 85.532 86.704
267.013 170.545 83.708 84.855
268.338 171.871 83.708 84.855
269.001 171.208 83.708 84.855
270.326 170.545 83.708 84.855
273.207 170.787 81.923 83.045
276.028 171.024 80.176 81.274
280.694 171.890 78.466 79.541
284.424 170.647 78.466 79.541
288.153 172.512 78.466 79.541
293.747 170.647 78.466 79.541
297.477 173.133 78.466 79.541
302.664 176.468 76.793 77.845
306.311 175.252 76.793 77.845
309.351 179.507 76.793 77.845
312.998 178.291 76.793 77.845
312.390 182.546 76.793 77.845
317.253 180.115 76.793 77.845
317.253 184.370 76.793 77.845
321.508 181.331 76.793 77.845
320.292 184.370 76.793 77.845
323.939 181.331 76.793 77.845
322.115 180.723 76.793 77.845
325.155 178.291 76.793 77.845
322.723 177.683 76.793 77.845
321.508 176.468 76.793 77.845
325.155 174.036 76.793 77.845
320.050 170.744 78.492 79.567
318.185 168.879 78.492 79.567
321.293 167.636 78.492 79.567
316.696 169.864 80.229 81.328
319.872 167.958 80.229 81.328
317.331 171.770 80.229 81.328
315.173 168.329 82.004 83.127
314.522 172.886 82.004 83.127
313.220 170.933 82.004 83.127
311.918 172.886 82.004 83.127
309.965 170.933 82.004 83.127
306.710 169.631 82.004 83.127
302.804 167.678 82.004 83.127
299.549 164.423 82.004 83.127
297.596 162.470 82.004 83.127
300.200 160.517 82.004 83.127
297.596 155.960 82.004 83.127
289.784 126.666 82.004 83.127
289.134 121.458 82.004 83.127
288.483 121.458 82.004 83.127
288.483 118.854 82.004 83.127
288.483 119.505 82.004 83.127
289.134 119.505 82.004 83.127
289.134 117.552 82.004 83.127
289.784 117.552 82.004 83.127
291.086 115.599 82.004 83.127
289.784 115.599 82.004 83.127
289.784 115.599 82.004 83.127
288.483 114.948 82.004 83.127
287.181 114.948 82.004 83.127
287.181 114.948 82.004 83.127
287.181 116.250 82.004 83.127
287.181 117.552 82.004 83.127
286.530 116.250 82.004 83.127
286.530 116.901 82.004 83.127
286.530 117.552 82.004 83.127
285.622 116.633 83.818 84.966
285.360 115.693 85.672 86.846
286.447 116.089 87.568 88.767
287.836 119.559 87.568 88.767
288.530 121.642 87.568 88.767
290.612 123.030 87.568 88.767
292.694 125.112 87.568 88.767
294.083 127.195 87.568 88.767
291.306 129.971 87.568 88.767
292.000 133.442 87.568 88.767
289.918 136.912 87.568 88.767
290.612 138.995 87.568 88.767
291.306 136.218 87.568 88.767
289.918 136.912 87.568 88.767
290.612 136.218 87.568 88.767
290.612 135.524 87.568 88.767
291.306 136.218 87.568 88.767
292.694 135.524 87.568 88.767
294.083 136.912 87.568 88.767
295.471 138.301 87.568 88.767
299.636 137.606 87.568 88.767
303.106 138.995 87.568 88.767
307.271 138.995 87.568 88.767
304.494 139.689 87.568 88.767
305.189 138.301 87.568 88.767
303.106 138.995 87.568 88.767
301.718 140.383 87.568 88.767
301.024 141.077 87.568 88.767
300.330 143.159 87.568 88.767
300.330 143.854 87.568 88.767
299.636 145.936 87.568 88.767
298.942 146.630 87.568 88.767
299.181 146.882 85.700 86.874
296.460 146.882 85.700 86.874
295.099 145.522 85.700 86.874
293.738 145.522 85.700 86.874
291.016 142.800 85.700 86.874
289.656 139.398 85.700 86.874
287.614 139.398 85.700 86.874
284.893 138.037 85.700 86.874
284.213 135.996 85.700 86.874
281.491 135.996 85.700 86.874
282.852 131.914 85.700 86.874
280.130 133.275 85.700 86.874
281.491 131.233 85.700 86.874
278.089 131.914 85.700 86.874
279.450 129.192 85.700 86.874
276.728 130.553 85.700 86.874
278.089 127.151 85.700 86.874
276.048 127.831 85.700 86.874
278.089 124.429 85.700 86.874
276.728 125.790 85.700 86.874
278.769 122.388 85.700 86.874
278.769 123.069 85.700 86.874
280.811 120.347 85.700 86.874
278.769 121.708 85.700 86.874
280.811 120.347 85.700 86.874
279.450 121.027 85.700 86.874
284.213 120.347 85.700 86.874
282.171 122.388 85.700 86.874
280.811 124.429 85.700 86.874
286.934 124.429 85.700 86.874
285.573 126.471 85.700 86.874
281.904 127.551 87.597 88.797
288.151 122.692 87.597 88.797
286.068 124.774 87.597 88.797
283.986 126.857 87.597 88.797
282.598 129.633 87.597 88.797
280.515 132.410 87.597 88.797
274.962 144.904 87.597 88.797
271.492 153.233 87.597 88.797
274.268 159.480 87.597 88.797
272.880 165.033 87.597 88.797
272.605 161.968 89.535 90.761
274.025 167.647 89.535 90.761
271.186 165.517 89.535 90.761
270.476 167.647 89.535 90.761
268.346 164.808 89.535 90.761
269.056 171.196 89.535 90.761
269.766 169.776 89.535 90.761
267.356 167.353 91.516 92.769
267.356 171.706 91.516 92.769
267.356 170.255 91.516 92.769
267.356 173.157 91.516 92.769
267.795 172.130 93.540 94.822
269.277 169.907 93.540 94.822
268.983 171.081 95.610 96.920
268.983 168.046 95.610 96.920
270.501 168.805 95.610 96.920
268.983 167.287 95.610 96.920
268.983 163.493 95.610 96.920
269.244 163.768 93.571 94.853
268.503 159.321 93.571 94.853
269.985 157.838 93.571 94.853
267.762 154.132 93.571 94.853
268.503 148.944 93.571 94.853
269.244 145.979 93.571 94.853
267.762 141.532 93.571 94.853
269.244 137.085 93.571 94.853
269.985 132.638 93.571 94.853
268.503 131.156 93.571 94.853
272.209 129.674 93.571 94.853
269.985 129.674 93.571 94.853
273.691 128.932 93.571 94.853
271.467 129.674 93.571 94.853
275.173 128.932 93.571 94.853
271.467 128.932 93.571 94.853
275.914 129.674 93.571 94.853
271.467 130.415 93.571 94.853
275.914 129.674 93.571 94.853
271.467 130.415 93.571 94.853
277.397 130.415 93.571 94.853
272.950 129.674 93.571 94.853
278.138 130.415 93.571 94.853
275.173 130.415 93.571 94.853
278.879 131.156 93.571 94.853
275.173 130.415 93.571 94.853
280.362 131.156 93.571 94.853
278.138 130.415 93.571 94.853
282.585 130.415 93.571 94.853
279.620 130.415 93.571 94.853
278.879 130.415 93.571 94.853
277.397 130.415 93.571 94.853
279.620 131.897 93.571 94.853
276.656 130.415 93.571 94.853
279.620 133.379 93.571 94.853
276.656 128.932 93.571 94.853
280.362 134.862 93.571 94.853
276.362 129.365 95.641 96.951
281.673 136.195 95.641 96.951
279.397 131.642 95.641 96.951
277.879 124.813 95.641 96.951
281.673 132.401 95.641 96.951
279.397 126.330 95.641 96.951
283.950 133.918 95.641 96.951
279.098 129.811 97.757 99.097
277.549 124.389 97.757 99.097
282.196 133.683 97.757 99.097
278.323 131.360 97.757 99.097
282.196 134.458 97.757 99.097
279.098 131.360 97.757 99.097
279.872 129.036 97.757 99.097
277.549 126.713 97.757 99.097
277.549 124.389 97.757 99.097
276.774 122.065 97.757 99.097
278.323 120.516 97.757 99.097
276.000 117.418 97.757 99.097
279.872 118.967 97.757 99.097
277.549 115.095 97.757 99.097
276.774 112.771 97.757 99.097
279.098 111.222 97.757 99.097
279.872 111.997 97.757 99.097
280.647 108.899 97.757 99.097
280.647 110.448 97.757 99.097
282.196 110.448 97.757 99.097
282.196 111.222 97.757 99.097
282.970 111.997 97.757 99.097
283.745 109.673 97.757 99.097
282.970 111.222 97.757 99.097
284.787 112.279 95.673 96.983
284.290 112.554 93.632 94.915
283.802 113.566 91.636 92.891
283.802 114.294 91.636 92.891
284.779 116.739 89.682 90.910
284.067 116.739 89.682 90.910
283.355 118.163 89.682 90.910
282.644 119.586 89.682 90.910
282.644 121.010 89.682 90.910
282.644 123.145 89.682 90.910
282.644 125.992 89.682 90.910
283.355 129.551 89.682 90.910
283.355 133.821 89.682 90.910
284.067 138.804 89.682 90.910
285.491 141.651 89.682 90.910
282.644 144.498 89.682 90.910
281.932 146.633 89.682 90.910
286.202 148.057 89.682 90.910
282.644 150.192 89.682 90.910
281.220 152.327 89.682 90.910
280.508 155.174 89.682 90.910
259.155 154.463 89.682 90.910
260.579 154.463 89.682 90.910
254.417 152.585 87.769 88.971
254.417 147.016 87.769 88.971
252.569 139.612 85.897 87.074
251.889 139.612 85.897 87.074
253.485 139.860 84.066 85.217
253.485 138.527 84.066 85.217
254.152 137.193 84.066 85.217
256.152 136.527 84.066 85.217
258.152 135.860 84.066 85.217
258.818 135.860 84.066 85.217
260.152 135.193 84.066 85.217
262.152 133.860 84.066 85.217
263.485 132.527 84.066 85.217
264.818 130.527 84.066 85.217
265.485 130.527 84.066 85.217
266.152 130.527 84.066 85.217
267.485 132.527 84.066 85.217
267.485 131.860 84.066 85.217
268.381 137.435 82.273 83.400
267.728 138.741 82.273 83.400
267.075 141.353 82.273 83.400
267.728 141.353 82.273 83.400
267.075 145.271 82.273 83.400
268.381 144.618 82.273 83.400
267.075 148.535 82.273 83.400
269.034 147.882 82.273 83.400
269.034 148.535 82.273 83.400
268.381 151.147 82.273 83.400
267.075 151.800 82.273 83.400
267.728 151.800 82.273 83.400
272.952 185.100 82.273 83.400
270.736 188.095 84.093 85.245
272.069 190.762 84.093 85.245
270.069 186.762 84.093 85.245
269.402 189.428 84.093 85.245
270.069 186.762 84.093 85.245
270.069 189.428 84.093 85.245
272.069 187.428 84.093 85.245
272.736 187.428 84.093 85.245
274.736 188.095 84.093 85.245
276.069 188.095 84.093 85.245
276.736 187.428 84.093 85.245
278.069 188.095 84.093 85.245
280.069 188.095 84.093 85.245
280.736 187.428 84.093 85.245
282.069 187.428 84.093 85.245
284.069 188.095 84.093 85.245
284.736 189.428 84.093 85.245
285.402 190.762 84.093 85.245
287.402 192.095 84.093 85.245
288.736 192.095 84.093 85.245
290.069 192.762 84.093 85.245
292.069 193.428 84.093 85.245
290.472 192.485 85.954 87.131
293.202 189.756 85.954 87.131
291.568 189.474 87.855 89.059
290.596 187.097 89.799 91.029
288.891 186.090 91.786 93.043
289.619 183.908 91.786 93.043
289.619 184.635 91.786 93.043
292.529 180.998 91.786 93.043
293.983 179.543 91.786 93.043
293.983 177.361 91.786 93.043
295.438 173.723 91.786 93.043
293.983 175.906 91.786 93.043
293.983 171.541 91.786 93.043
295.438 167.176 91.786 93.043
293.983 164.994 91.786 93.043
293.983 162.084 91.786 93.043
293.256 159.174 91.786 93.043
292.529 158.447 91.786 93.043
294.711 156.265 91.786 93.043
291.801 156.992 91.786 93.043
291.801 154.810 91.786 93.043
290.346 156.265 91.786 93.043
293.256 151.900 91.786 93.043
291.074 153.355 91.786 93.043
291.801 150.445 91.786 93.043
292.529 149.718 91.786 93.043
293.256 147.535 91.786 93.043
291.801 151.900 91.786 93.043
291.801 146.808 91.786 93.043
290.346 150.445 91.786 93.043
291.801 143.170 91.786 93.043
288.891 147.535 91.786 93.043
289.619 141.716 91.786 93.043
288.164 144.625 91.786 93.043
289.619 139.533 91.786 93.043
288.891 142.443 91.786 93.043
288.891 141.716 91.786 93.043
289.619 143.170 91.786 93.043
288.891 140.988 91.786 93.043
288.891 141.716 91.786 93.043
289.619 139.533 91.786 93.043
288.164 140.988 91.786 93.043
288.891 139.533 91.786 93.043
286.709 140.988 91.786 93.043
284.527 140.988 91.786 93.043
286.709 138.078 91.786 93.043
283.799 139.533 91.786 93.043
285.254 138.078 91.786 93.043
285.254 135.896 91.786 93.043
283.072 138.806 91.786 93.043
285.982 137.351 91.786 93.043
280.889 138.078 91.786 93.043
280.162 140.261 91.786 93.043
280.162 140.988 91.786 93.043
276.525 135.896 91.786 93.043
279.686 140.525 89.829 91.059
273.280 144.084 89.829 91.059
275.661 137.937 87.913 89.117
271.208 140.432 89.858 91.089
274.302 134.286 87.942 89.147
269.839 136.092 89.888 91.119
268.844 154.301 91.876 93.135
270.299 163.031 91.876 93.135
265.934 157.938 91.876 93.135
267.389 152.119 91.876 93.135
270.299 149.209 91.876 93.135
276.846 132.478 91.876 93.135
281.938 124.476 91.876 93.135
279.756 125.931 91.876 93.135
283.393 128.113 91.876 93.135
287.030 121.566 91.876 93.135
281.211 123.748 91.876 93.135
284.848 125.203 91.876 93.135
289.465 121.831 89.917 91.149
283.041 123.259 89.917 91.149
290.179 123.259 89.917 91.149
285.896 123.973 89.917 91.149
294.461 121.831 89.917 91.149
293.034 122.545 89.917 91.149
290.179 122.545 89.917 91.149
286.610 122.545 89.917 91.149
292.320 121.831 89.917 91.149
288.751 121.118 89.917 91.149
286.610 120.404 89.917 91.149
291.606 119.690 89.917 91.149
289.465 120.404 89.917 91.149
288.751 121.118 89.917 91.149
288.038 120.404 89.917 91.149
288.751 120.404 89.917 91.149
290.179 120.404 89.917 91.149
290.892 120.404 89.917 91.149
288.751 122.545 89.917 91.149
288.751 125.400 89.917 91.149
287.324 126.114 89.917 91.149
285.183 127.541 89.917 91.149
283.755 128.255 89.917 91.149
281.614 127.541 89.917 91.149
279.473 127.541 89.917 91.149
280.900 126.828 89.917 91.149
278.045 126.828 89.917 91.149
275.904 124.686 89.917 91.149
279.473 123.973 89.917 91.149
276.863 129.941 88.000 89.205
279.895 130.194 86.123 87.303
277.166 129.511 86.123 87.303
281.942 108.358 86.123 87.303
277.166 106.311 86.123 87.303
283.307 106.994 86.123 87.303
281.942 109.041 86.123 87.303
284.672 110.406 86.123 87.303
282.625 112.453 86.123 87.303
280.578 114.500 86.123 87.303
278.531 115.864 86.123 87.303
277.166 117.229 86.123 87.303
280.578 119.276 86.123 87.303
277.848 120.641 86.123 87.303
275.801 122.688 86.123 87.303
273.754 124.735 86.123 87.303
273.072 127.464 86.123 87.303
271.437 130.593 88.028 89.234
274.927 135.479 88.028 89.234
272.833 140.365 88.028 89.234
270.739 137.573 88.028 89.234
268.369 138.680 89.976 91.209
266.941 135.111 89.976 91.209
268.087 131.961 91.967 93.227
265.899 129.044 91.967 93.227
266.628 131.961 91.967 93.227
265.899 129.044 91.967 93.227
267.358 130.502 91.967 93.227
265.899 130.502 91.967 93.227
269.546 131.232 91.967 93.227
268.087 131.961 91.967 93.227
268.817 132.691 91.967 93.227
271.005 133.420 91.967 93.227
272.464 134.149 91.967 93.227
271.005 135.608 91.967 93.227
273.193 135.608 91.967 93.227
271.256 137.332 90.006 91.238
272.684 138.759 90.006 91.238
273.397 139.473 90.006 91.238
274.825 140.187 90.006 91.238
276.252 141.614 90.006 91.238
278.393 143.042 90.006 91.238
280.966 146.315 91.997 93.257
285.343 154.338 91.997 93.257
287.531 155.068 91.997 93.257
290.449 156.526 91.997 93.257
293.366 158.715 91.997 93.257
294.825 160.903 91.997 93.257
296.284 162.362 91.997 93.257
297.013 162.362 91.997 93.257
297.013 160.903 91.997 93.257
300.182 161.897 90.035 91.268
299.469 159.756 90.035 91.268
300.182 159.042 90.035 91.268
300.896 157.615 90.035 91.268
302.324 157.615 90.035 91.268
300.896 157.615 90.035 91.268
302.324 158.329 90.035 91.268
302.324 159.756 90.035 91.268
303.751 161.183 90.035 91.268
305.179 163.325 90.035 91.268
304.711 165.725 88.115 89.322
306.805 167.819 88.115 89.322
307.503 169.913 88.115 89.322
307.503 172.008 88.115 89.322
308.201 173.404 88.115 89.322
309.839 174.356 86.236 87.417
312.127 175.288 84.397 85.553
310.790 175.957 84.397 85.553
312.127 176.625 84.397 85.553
311.458 175.957 84.397 85.553
311.458 177.294 84.397 85.553
312.796 175.957 84.397 85.553
312.796 177.294 84.397 85.553
312.796 177.294 84.397 85.553
312.796 177.294 84.397 85.553
314.133 177.294 84.397 85.553
313.464 177.963 84.397 85.553
314.802 174.620 84.397 85.553
316.370 176.869 82.597 83.729
318.561 173.177 80.836 81.943
317.919 175.101 80.836 81.943
320.705 171.487 79.112 80.196
318.822 172.741 79.112 80.196
320.921 174.224 77.425 78.485
323.588 175.061 75.774 76.812
325.388 170.261 75.774 76.812
322.388 171.461 75.774 76.812
326.196 168.680 74.158 75.174
325.019 169.268 74.158 75.174
326.196 164.562 74.158 75.174
322.434 164.319 75.799 76.837
325.042 160.938 74.182 75.198
324.454 159.173 74.182 75.198
323.278 156.820 74.182 75.198
324.454 153.291 74.182 75.198
323.278 150.350 74.182 75.198
325.042 146.820 74.182 75.198
288.339 161.871 75.823 76.862
284.728 159.463 75.823 76.862
285.329 157.657 75.823 76.862
284.491 155.001 77.501 78.563
285.104 153.774 77.501 78.563
284.861 151.063 79.216 80.301
283.606 149.808 79.216 80.301
281.475 147.665 80.968 82.077
282.116 148.948 80.968 82.077
281.475 146.383 80.968 82.077
280.192 144.459 80.968 82.077
278.910 143.177 80.968 82.077
278.910 141.253 80.968 82.077
279.551 139.330 80.968 82.077
278.269 136.765 80.968 82.077
279.551 133.559 80.968 82.077
278.910 129.712 80.968 82.077
279.551 126.506 80.968 82.077
279.551 123.942 80.968 82.077
280.192 121.377 80.968 82.077
281.475 119.453 80.968 82.077
282.757 118.171 80.968 82.077
282.757 116.889 80.968 82.077
285.322 120.736 80.968 82.077
285.963 117.530 80.968 82.077
285.322 114.965 80.968 82.077
284.681 118.812 80.968 82.077
284.681 114.965 80.968 82.077
285.322 110.477 80.968 82.077
288.528 115.606 80.968 82.077
287.886 111.118 80.968 82.077
293.016 108.553 80.968 82.077
291.733 105.348 80.968 82.077
295.581 107.912 80.968 82.077
293.016 105.989 80.968 82.077
296.222 104.706 80.968 82.077
295.581 106.630 80.968 82.077
294.939 107.271 80.968 82.077
298.786 106.630 80.968 82.077
296.222 105.989 80.968 82.077
299.814 103.798 82.760 83.893
297.844 104.455 82.760 83.893
297.187 103.142 82.760 83.893
297.844 103.798 82.760 83.893
299.157 101.828 82.760 83.893
297.187 103.142 82.760 83.893
296.530 105.112 82.760 83.893
299.814 107.740 82.760 83.893
297.844 105.112 82.760 83.893
302.442 107.740 82.760 83.893
300.471 105.769 82.760 83.893
271.569 109.710 82.760 83.893
268.285 107.083 82.760 83.893
268.942 104.455 82.760 83.893
270.481 102.722 80.995 82.104
271.345 101.033 79.268 80.353
271.972 99.778 79.268 80.353
271.345 98.523 79.268 80.353
272.190 98.125 77.577 78.640
272.190 99.972 77.577 78.640
272.190 101.204 77.577 78.640
273.421 99.972 77.577 78.640
273.421 102.435 77.577 78.640
273.421 101.819 77.577 78.640
273.421 103.666 77.577 78.640
273.421 101.819 77.577 78.640
274.653 101.204 77.577 78.640
276.500 99.357 77.577 78.640
278.347 96.894 77.577 78.640
280.194 95.047 77.577 78.640
282.656 93.200 77.577 78.640
285.735 91.353 77.577 78.640
289.641 89.113 75.923 76.963
292.256 88.127 74.304 75.322
293.432 89.304 74.304 75.322
296.578 88.931 72.719 73.715
299.082 87.987 71.168 72.143
299.082 89.681 71.168 72.143
299.647 88.552 71.168 72.143
300.212 89.681 71.168 72.143
297.953 88.552 71.168 72.143
299.082 90.811 71.168 72.143
298.518 91.375 71.168 72.143
297.953 93.069 71.168 72.143
295.694 91.940 71.168 72.143
296.259 95.893 71.168 72.143
296.824 93.634 71.168 72.143
308.460 90.577 72.743 73.740
313.420 93.797 74.353 75.371
311.649 91.436 74.353 75.371
314.010 92.616 74.353 75.371
311.649 89.665 74.353 75.371
312.239 90.846 74.353 75.371
311.649 88.485 74.353 75.371
311.649 89.665 74.353 75.371
310.469 88.485 74.353 75.371
310.469 88.485 74.353 75.371
310.469 87.305 74.353 75.371
310.469 88.485 74.353 75.371
311.649 86.714 74.353 75.371
328.765 81.403 74.353 75.371
331.716 80.222 74.353 75.371
329.355 81.993 74.353 75.371
328.175 80.222 74.353 75.371
326.404 81.993 74.353 75.371
327.585 79.042 74.353 75.371
325.224 80.813 74.353 75.371
324.043 79.042 74.353 75.371
321.683 79.632 74.353 75.371
320.502 79.632 74.353 75.371
318.732 80.813 74.353 75.371
318.141 81.993 74.353 75.371
316.371 82.583 74.353 75.371
314.600 83.763 74.353 75.371
312.830 84.944 74.353 75.371
311.059 86.714 74.353 75.371
309.879 88.485 74.353 75.371
307.518 89.665 74.353 75.371
306.928 91.436 74.353 75.371
305.747 92.026 74.353 75.371
305.747 93.207 74.353 75.371
305.157 93.797 74.353 75.371
303.977 94.387 74.353 75.371
303.386 94.387 74.353 75.371
303.386 94.977 74.353 75.371
303.386 96.158 74.353 75.371
303.386 96.748 74.353 75.371
302.796 96.748 74.353 75.371
303.386 97.338 74.353 75.371
302.206 97.338 74.353 75.371
302.206 97.338 74.353 75.371
302.206 97.928 74.353 75.371
303.386 96.748 74.353 75.371
303.977 97.338 74.353 75.371
303.977 97.928 74.353 75.371
303.386 98.518 74.353 75.371
303.977 96.748 74.353 75.371
301.616 99.109 74.353 75.371
302.206 99.109 74.353 75.371
303.386 97.928 74.353 75.371
298.665 99.699 74.353 75.371
299.845 99.699 74.353 75.371
295.917 102.273 72.767 73.764
296.493 103.426 72.767 73.764
294.764 105.155 72.767 73.764
294.187 106.885 72.767 73.764
292.458 109.191 72.767 73.764
292.458 112.650 72.767 73.764
291.881 114.955 72.767 73.764
291.881 116.685 72.767 73.764
290.728 118.991 72.767 73.764
290.152 120.144 72.767 73.764
288.999 120.720 72.767 73.764
289.575 120.144 72.767 73.764
287.846 120.720 72.767 73.764
287.846 118.991 72.767 73.764
287.846 117.838 72.767 73.764
287.617 115.869 74.377 75.396
284.666 118.230 74.377 75.396
286.437 115.869 74.377 75.396
284.666 114.688 74.377 75.396
285.847 113.508 74.377 75.396
283.486 112.918 74.377 75.396
285.614 111.494 76.022 77.064
281.401 115.707 76.022 77.064
283.808 115.105 76.022 77.064
285.375 113.651 77.704 78.769
286.978 114.627 79.424 80.512
283.831 117.144 79.424 80.512
286.729 118.771 81.181 82.293
282.227 121.344 81.181 82.293
283.513 125.203 81.181 82.293
285.443 120.057 81.181 82.293
279.011 124.559 81.181 82.293
278.757 121.076 82.977 84.114
278.757 117.792 82.977 84.114
277.182 118.175 84.813 85.975
275.164 118.848 84.813 85.975
275.164 119.520 84.813 85.975
275.164 120.193 84.813 85.975
275.837 117.503 84.813 85.975
275.164 118.848 84.813 85.975
275.837 118.848 84.813 85.975
275.837 119.520 84.813 85.975
277.182 118.175 84.813 85.975
277.589 118.569 86.689 87.877
278.277 117.881 86.689 87.877
278.965 118.569 86.689 87.877
278.965 115.128 86.689 87.877
280.342 113.063 86.689 87.877
281.718 113.752 86.689 87.877
281.718 111.687 86.689 87.877
282.406 112.375 86.689 87.877
282.136 108.650 88.607 89.821
283.539 113.564 88.607 89.821
282.559 109.762 90.568 91.809
282.275 111.617 92.572 93.840
281.542 113.817 92.572 93.840
282.275 115.284 92.572 93.840
283.008 113.817 92.572 93.840
284.475 118.217 92.572 93.840
285.208 116.017 92.572 93.840
287.662 121.418 90.598 91.839
289.815 118.547 90.598 91.839
290.533 117.112 90.598 91.839
291.250 115.677 90.598 91.839
291.968 114.241 90.598 91.839
291.968 112.806 90.598 91.839
294.369 112.350 88.666 89.880
295.071 110.946 88.666 89.880
295.315 116.116 86.775 87.963
296.691 113.363 86.775 87.963
296.691 111.299 86.775 87.963
296.003 109.922 86.775 87.963
263.656 87.210 86.775 87.963
260.903 85.834 86.775 87.963
261.591 86.522 86.775 87.963
262.968 86.522 86.775 87.963
262.968 89.275 86.775 87.963
263.656 83.769 86.775 87.963
262.968 86.522 86.775 87.963
263.656 90.652 86.775 87.963
262.968 83.769 86.775 87.963
264.344 87.210 86.775 87.963
265.720 90.652 86.775 87.963
266.409 94.781 86.775 87.963
267.785 91.340 86.775 87.963
268.473 89.963 86.775 87.963
269.850 92.716 86.775 87.963
270.955 88.990 88.695 89.910
273.066 91.102 88.695 89.910
277.290 89.694 88.695 89.910
292.776 87.582 88.695 89.910
296.296 86.879 88.695 89.910
294.888 87.582 88.695 89.910
297.000 86.175 88.695 89.910
300.761 85.725 86.803 87.992
298.696 86.414 86.803 87.992
298.008 85.725 86.803 87.992
300.073 85.037 86.803 87.992
300.073 83.661 86.803 87.992
302.375 84.599 84.952 86.116
303.047 85.272 84.952 86.116
304.393 85.944 84.952 86.116
306.410 86.617 84.952 86.116
310.006 91.570 83.140 84.279
310.006 92.229 83.140 84.279
310.665 93.547 83.140 84.279
312.642 94.205 83.140 84.279
313.300 95.523 83.140 84.279
312.869 95.763 81.367 82.482
313.514 98.988 81.367 82.482
314.805 100.924 81.367 82.482
314.159 101.569 81.367 82.482
312.869 102.214 81.367 82.482
312.224 103.504 81.367 82.482
313.514 103.504 81.367 82.482
313.514 103.504 81.367 82.482
312.869 103.504 81.367 82.482
311.579 102.859 81.367 82.482
310.934 104.149 81.367 82.482
308.999 104.794 81.367 82.482
307.063 105.439 81.367 82.482
305.128 106.084 81.367 82.482
305.128 106.730 81.367 82.482
304.483 106.084 81.367 82.482
303.838 107.375 81.367 82.482
302.548 106.084 81.367 82.482
301.257 107.375 81.367 82.482
299.322 106.084 81.367 82.482
298.032 108.020 81.367 82.482
296.742 106.730 81.367 82.482
296.097 106.084 81.367 82.482
295.452 106.084 81.367 82.482
298.677 106.730 81.367 82.482
296.097 108.665 81.367 82.482
294.161 107.375 81.367 82.482
298.032 109.955 81.367 82.482
294.806 109.955 81.367 82.482
298.032 111.890 81.367 82.482
294.161 112.535 81.367 82.482
293.516 113.181 81.367 82.482
292.226 115.116 81.367 82.482
290.936 115.761 81.367 82.482
292.871 116.406 81.367 82.482
290.291 115.116 81.367 82.482
294.806 117.051 81.367 82.482
292.871 115.116 81.367 82.482
296.097 115.761 81.367 82.482
294.161 115.116 81.367 82.482
297.387 116.406 81.367 82.482
294.806 117.696 81.367 82.482
297.387 118.341 81.367 82.482
294.161 119.632 81.367 82.482
292.871 119.632 81.367 82.482
294.806 118.986 81.367 82.482
293.516 119.632 81.367 82.482
296.097 118.341 81.367 82.482
293.516 118.986 81.367 82.482
298.032 118.986 81.367 82.482
295.452 120.277 81.367 82.482
299.322 118.986 81.367 82.482
296.097 121.567 81.367 82.482
299.322 120.277 81.367 82.482
296.742 120.922 81.367 82.482
301.257 120.922 81.367 82.482
298.032 122.212 81.367 82.482
296.742 121.567 81.367 82.482
300.612 120.922 81.367 82.482
297.387 123.502 81.367 82.482
296.742 122.212 81.367 82.482
300.612 122.857 81.367 82.482
297.387 122.857 81.367 82.482
300.612 122.857 81.367 82.482
298.032 124.147 81.367 82.482
297.387 123.502 81.367 82.482
300.612 122.857 81.367 82.482
297.387 124.147 81.367 82.482
296.742 124.147 81.367 82.482
300.612 124.792 81.367 82.482
297.387 124.147 81.367 82.482
300.612 124.147 81.367 82.482
298.032 125.437 81.367 82.482
300.612 124.792 81.367 82.482
298.677 126.082 81.367 82.482
303.193 128.018 81.367 82.482
299.967 129.953 81.367 82.482
303.193 129.953 81.367 82.482
300.612 130.598 81.367 82.482
304.483 129.953 81.367 82.482
301.903 131.243 81.367 82.482
305.351 132.768 79.632 80.723
303.456 130.874 79.632 80.723
307.245 132.768 79.632 80.723
304.719 131.505 79.632 80.723
309.139 134.031 79.632 80.723
307.245 131.505 79.632 80.723
310.619 136.154 77.934 79.002
308.149 133.683 77.934 79.002
311.237 133.066 77.934 79.002
310.002 131.213 77.934 79.002
308.766 129.978 77.934 79.002
308.149 134.919 77.934 79.002
311.237 134.301 77.934 79.002
309.384 133.683 77.934 79.002
308.149 136.772 77.934 79.002
307.531 136.154 77.934 79.002
310.002 138.625 77.934 79.002
306.296 138.007 77.934 79.002
305.678 141.095 77.934 79.002
304.443 139.860 77.934 79.002
307.531 145.419 77.934 79.002
305.060 144.183 77.934 79.002
307.531 149.125 77.934 79.002
305.678 147.889 77.934 79.002
308.149 152.213 77.934 79.002
305.678 150.360 77.934 79.002
309.384 148.507 77.934 79.002
308.149 152.213 77.934 79.002
311.237 149.742 77.934 79.002
309.384 148.507 77.934 79.002
312.472 147.272 77.934 79.002
310.619 146.654 77.934 79.002
308.766 148.507 77.934 79.002
307.531 146.654 77.934 79.002
306.913 149.125 77.934 79.002
305.060 146.654 77.934 79.002
303.825 149.742 77.934 79.002
303.207 151.595 77.934 79.002
301.972 153.448 77.934 79.002
301.355 156.536 77.934 79.002
303.825 159.625 77.934 79.002
301.355 162.713 77.934 79.002
304.443 165.801 77.934 79.002
303.207 168.272 77.934 79.002
305.678 166.419 77.934 79.002
303.207 170.125 77.934 79.002
306.913 167.654 77.934 79.002
304.443 170.742 77.934 79.002
306.913 168.889 77.934 79.002
303.825 170.125 77.934 79.002
303.825 167.654 77.934 79.002
303.825 166.419 77.934 79.002
303.825 165.183 77.934 79.002
306.296 163.948 77.934 79.002
304.443 165.801 77.934 79.002
308.149 163.331 77.934 79.002
306.913 161.478 77.934 79.002
309.384 159.007 77.934 79.002
308.766 155.919 77.934 79.002
310.619 153.448 77.934 79.002
308.766 150.978 77.934 79.002
312.472 147.889 77.934 79.002
314.943 144.801 77.934 79.002
312.472 142.331 77.934 79.002
311.237 140.478 77.934 79.002
314.943 137.389 77.934 79.002
312.472 134.919 77.934 79.002
309.384 132.448 77.934 79.002
306.296 130.595 77.934 79.002
303.825 131.213 77.934 79.002
300.737 129.978 77.934 79.002
298.266 132.448 77.934 79.002
297.649 129.978 77.934 79.002
294.560 132.448 77.934 79.002
292.707 130.595 77.934 79.002
296.413 130.595 77.934 79.002
293.325 134.301 77.934 79.002
292.707 131.831 77.934 79.002
290.855 134.919 77.934 79.002
292.707 132.448 77.934 79.002
289.619 135.536 77.934 79.002
289.002 133.683 77.934 79.002
290.855 135.536 77.934 79.002
288.384 134.301 77.934 79.002
292.090 132.448 77.934 79.002
289.002 135.536 77.934 79.002
292.090 133.066 77.934 79.002
289.002 134.919 77.934 79.002
292.707 132.448 77.934 79.002
289.619 134.919 77.934 79.002
292.463 131.574 79.658 80.750
290.569 130.943 79.658 80.750
293.726 129.049 79.658 80.750
291.832 130.311 79.658 80.750
294.739 127.524 81.421 82.536
292.158 128.814 81.421 82.536
296.029 126.234 81.421 82.536
292.803 128.814 81.421 82.536
291.258 125.321 83.222 84.362
295.210 124.003 83.222 84.362
291.916 128.615 83.222 84.362
294.552 125.980 83.222 84.362
292.575 127.297 83.222 84.362
296.528 124.662 83.222 84.362
293.234 126.638 83.222 84.362
296.528 124.003 83.222 84.362
293.234 124.003 83.222 84.362
297.187 122.027 83.222 84.362
294.552 124.662 83.222 84.362
298.505 122.027 83.222 84.362
295.210 126.638 83.222 84.362
294.552 124.003 83.222 84.362
297.187 126.638 83.222 84.362
293.234 125.980 83.222 84.362
295.869 127.956 83.222 84.362
293.234 129.933 83.222 84.362
291.916 130.591 83.222 84.362
292.575 129.933 83.222 84.362
291.258 134.544 83.222 84.362
291.258 133.886 83.222 84.362
290.599 137.838 83.222 84.362
293.893 135.862 83.222 84.362
290.599 140.474 83.222 84.362
294.552 137.838 83.222 84.362
291.916 140.474 83.222 84.362
294.552 138.497 83.222 84.362
292.575 137.180 83.222 84.362
296.528 138.497 83.222 84.362
293.893 136.521 83.222 84.362
297.846 135.862 83.222 84.362
295.869 137.180 83.222 84.362
300.481 133.227 83.222 84.362
299.163 136.521 83.222 84.362
297.846 135.203 83.222 84.362
302.458 137.180 83.222 84.362
297.846 140.474 83.222 84.362
301.140 137.180 83.222 84.362
303.775 135.862 83.222 84.362
301.799 133.886 83.222 84.362
305.752 135.203 83.222 84.362
303.116 135.203 83.222 84.362
306.410 133.227 83.222 84.362
303.775 134.544 83.222 84.362
307.728 131.909 83.222 84.362
306.410 135.203 83.222 84.362
310.363 133.227 83.222 84.362
309.705 135.862 83.222 84.362
314.316 134.544 83.222 84.362
312.340 137.838 83.222 84.362
316.952 135.862 83.222 84.362
320.246 138.497 83.222 84.362
318.928 136.521 83.222 84.362
323.540 139.815 83.222 84.362
327.493 137.838 83.222 84.362
325.516 141.791 83.222 84.362
330.128 138.497 83.222 84.362
326.834 136.521 83.222 84.362
332.105 135.862 83.222 84.362
328.152 138.497 83.222 84.362
326.175 134.544 83.222 84.362
329.469 131.909 83.222 84.362
325.516 133.227 83.222 84.362
322.881 129.933 83.222 84.362
325.516 127.956 83.222 84.362
320.905 127.297 83.222 84.362
316.952 126.638 83.222 84.362
314.316 124.003 83.222 84.362
312.999 121.368 83.222 84.362
310.363 120.050 83.222 84.362
309.705 118.733 83.222 84.362
308.387 116.756 83.222 84.362
306.410 118.733 83.222 84.362
305.093 116.756 83.222 84.362
302.458 120.050 83.222 84.362
301.140 118.074 83.222 84.362
298.505 122.686 83.222 84.362
301.140 120.050 83.222 84.362
297.187 124.662 83.222 84.362
295.869 122.686 83.222 84.362
295.210 125.980 83.222 84.362
293.234 125.321 83.222 84.362
292.575 127.956 83.222 84.362
294.552 127.956 83.222 84.362
291.916 129.933 83.222 84.362
291.258 128.615 83.222 84.362
294.552 127.297 83.222 84.362
293.234 130.591 83.222 84.362
291.258 131.250 83.222 84.362
287.305 124.003 83.222 84.362
294.552 135.862 83.222 84.362
299.822 133.227 83.222 84.362
302.458 137.180 83.222 84.362
301.140 135.862 83.222 84.362
304.434 137.180 83.222 84.362
307.069 136.521 83.222 84.362
306.410 139.156 83.222 84.362
310.363 137.838 83.222 84.362
308.387 141.791 83.222 84.362
311.681 139.156 83.222 84.362
309.046 142.450 83.222 84.362
307.728 140.474 83.222 84.362
311.681 138.497 83.222 84.362
309.046 139.815 83.222 84.362
312.340 137.838 83.222 84.362
311.022 140.474 83.222 84.362
314.316 137.838 83.222 84.362
311.022 139.815 83.222 84.362
314.975 137.838 83.222 84.362
311.681 141.791 83.222 84.362
315.634 139.815 83.222 84.362
311.022 143.768 83.222 84.362
309.046 141.791 83.222 84.362
307.728 140.474 83.222 84.362
307.069 141.791 83.222 84.362
303.775 141.791 83.222 84.362
306.410 140.474 83.222 84.362
302.458 141.791 83.222 84.362
301.799 140.474 83.222 84.362
305.093 139.156 83.222 84.362
301.140 141.791 83.222 84.362
305.093 139.815 83.222 84.362
302.458 141.791 83.222 84.362
306.410 140.474 83.222 84.362
304.434 142.450 83.222 84.362
307.728 141.791 83.222 84.362
305.093 142.450 83.222 84.362
304.434 143.109 83.222 84.362
307.728 143.109 83.222 84.362
305.752 143.109 83.222 84.362
309.046 143.768 83.222 84.362
304.434 145.086 83.222 84.362
307.728 144.427 83.222 84.362
305.093 145.744 83.222 84.362
303.775 145.744 83.222 84.362
307.728 145.086 83.222 84.362
305.093 145.744 83.222 84.362
303.775 145.086 83.222 84.362
308.387 145.744 83.222 84.362
304.434 144.427 83.222 84.362
307.728 145.744 83.222 84.362
304.434 144.427 83.222 84.362
306.410 145.744 83.222 84.362
303.775 146.403 83.222 84.362
307.069 145.086 83.222 84.362
303.116 145.744 83.222 84.362
305.752 145.086 83.222 84.362
303.116 145.086 83.222 84.362
302.458 145.744 83.222 84.362
305.093 145.086 83.222 84.362
301.140 147.062 83.222 84.362
300.481 147.721 83.222 84.362
299.163 150.356 83.222 84.362
296.528 149.697 83.222 84.362
295.210 152.333 83.222 84.362
292.575 153.650 83.222 84.362
291.258 156.286 83.222 84.362
290.599 159.580 83.222 84.362
292.575 160.238 83.222 84.362
289.940 162.215 83.222 84.362
285.725 159.964 85.064 86.229
284.376 161.988 85.064 86.229
287.749 162.662 85.064 86.229
285.725 161.313 85.064 86.229
289.772 163.337 85.064 86.229
286.400 161.313 85.064 86.229
284.376 163.337 85.064 86.229
287.749 162.662 85.064 86.229
284.376 160.639 85.064 86.229
280.063 158.336 86.946 88.137
277.992 159.716 86.946 88.137
281.443 158.336 86.946 88.137
277.302 157.645 86.946 88.137
272.470 155.575 86.946 88.137
276.612 156.265 86.946 88.137
271.780 155.575 86.946 88.137
275.921 155.575 86.946 88.137
271.780 156.265 86.946 88.137
275.231 156.955 86.946 88.137
271.090 157.645 86.946 88.137
269.710 156.955 86.946 88.137
273.161 159.026 86.946 88.137
271.090 159.716 86.946 88.137
273.851 160.406 86.946 88.137
275.921 161.787 86.946 88.137
277.302 161.096 86.946 88.137
274.959 162.192 88.869 90.087
279.183 158.672 88.869 90.087
276.792 157.676 90.835 92.080
278.231 155.517 90.835 92.080
278.231 156.237 90.835 92.080
280.390 151.199 90.835 92.080
279.670 152.639 90.835 92.080
279.670 153.358 90.835 92.080
281.110 152.639 90.835 92.080
281.110 147.601 90.835 92.080
281.110 149.760 90.835 92.080
280.390 149.760 90.835 92.080
274.348 147.302 92.845 94.117
260.377 126.714 92.845 94.117
258.907 127.449 92.845 94.117
258.907 123.038 92.845 94.117
258.907 127.449 92.845 94.117
258.172 128.185 92.845 94.117
255.230 132.596 92.845 94.117
252.289 130.390 92.845 94.117
253.024 133.332 92.845 94.117
252.289 131.126 92.845 94.117
253.024 132.596 92.845 94.117
252.289 131.861 92.845 94.117
250.083 133.332 92.845 94.117
250.819 131.861 92.845 94.117
251.554 131.126 92.845 94.117
248.613 132.596 92.845 94.117
252.289 131.126 92.845 94.117
247.877 134.067 92.845 94.117
251.554 137.008 92.845 94.117
246.407 140.685 92.845 94.117
252.289 144.361 92.845 94.117
256.701 142.155 92.845 94.117
258.172 148.038 92.845 94.117
273.613 128.920 92.845 94.117
278.760 128.920 92.845 94.117
283.172 126.714 92.845 94.117
286.848 123.773 92.845 94.117
284.642 125.979 92.845 94.117
288.319 122.302 92.845 94.117
291.260 122.302 92.845 94.117
294.936 117.890 92.845 94.117
293.466 118.626 92.845 94.117
297.142 113.479 92.845 94.117
294.936 112.008 92.845 94.117
298.613 111.273 92.845 94.117
297.142 112.008 92.845 94.117
297.877 112.008 92.845 94.117
300.819 112.743 92.845 94.117
300.083 113.479 92.845 94.117
299.348 113.479 92.845 94.117
301.554 113.479 92.845 94.117
304.014 114.482 90.865 92.110
302.575 115.202 90.865 92.110
306.423 116.904 88.928 90.146
308.077 117.865 87.031 88.223
307.386 117.865 87.031 88.223
310.147 119.245 87.031 88.223
313.146 121.566 85.175 86.342
311.797 123.590 85.175 86.342
314.495 126.288 85.175 86.342
312.471 130.335 85.175 86.342
314.728 133.954 83.359 84.501
312.313 134.194 81.581 82.699
311.019 135.488 81.581 82.699
309.725 136.135 81.581 82.699
309.301 134.429 79.841 80.935
308.252 132.758 78.139 79.209
306.393 133.378 78.139 79.209
308.252 130.280 78.139 79.209
304.535 132.139 78.139 79.209
308.466 131.124 76.472 77.520
305.436 132.942 76.472 77.520
304.830 134.154 76.472 77.520
306.648 134.760 76.472 77.520
306.042 135.971 76.472 77.520
308.466 137.183 76.472 77.520
307.860 137.789 76.472 77.520
309.072 138.395 76.472 77.520
309.072 139.607 76.472 77.520
309.072 139.607 76.472 77.520
307.860 139.001 76.472 77.520
308.832 135.720 78.164 79.235
306.353 136.339 78.164 79.235
303.875 137.579 78.164 79.235
299.537 139.437 78.164 79.235
296.439 142.535 78.164 79.235
301.396 141.296 78.164 79.235
302.390 141.039 79.894 80.988
297.957 144.839 79.894 80.988
300.490 142.939 79.894 80.988
302.140 142.043 81.661 82.780
305.119 141.128 83.468 84.612
297.189 141.788 83.468 84.612
291.641 142.174 85.315 86.484
286.905 142.850 85.315 86.484
287.991 141.894 87.202 88.397
283.146 141.894 87.202 88.397
283.565 138.839 89.132 90.353
284.977 138.839 89.132 90.353
279.050 139.252 91.104 92.352
281.936 139.252 91.104 92.352
282.658 140.695 91.104 92.352
280.493 142.138 91.104 92.352
281.215 142.138 91.104 92.352
281.215 141.416 91.104 92.352
281.936 142.138 91.104 92.352
284.101 143.581 91.104 92.352
287.709 147.189 91.104 92.352
280.207 141.116 93.120 94.395
286.121 147.769 93.120 94.395
281.394 145.246 95.180 96.484
283.659 148.266 95.180 96.484
282.904 149.776 95.180 96.484
282.149 146.001 95.180 96.484
281.394 148.266 95.180 96.484
279.885 144.492 95.180 96.484
281.394 146.001 95.180 96.484
279.885 142.982 95.180 96.484
283.164 145.520 93.150 94.426
279.468 141.085 93.150 94.426
281.940 144.309 91.164 92.412
282.663 140.692 91.164 92.412
281.216 142.862 91.164 92.412
281.940 137.798 91.164 92.412
279.769 137.074 91.164 92.412
280.493 133.457 91.164 92.412
278.322 133.457 91.164 92.412
280.493 129.839 91.164 92.412
277.599 127.668 91.164 92.412
279.769 128.392 91.164 92.412
277.599 126.221 91.164 92.412
277.599 128.392 91.164 92.412
276.875 126.945 91.164 92.412
277.599 126.221 91.164 92.412
274.704 127.668 91.164 92.412
276.875 126.221 91.164 92.412
273.981 125.498 91.164 92.412
277.599 124.051 91.164 92.412
273.981 122.604 91.164 92.412
276.875 121.880 91.164 92.412
273.257 120.433 91.164 92.412
275.428 120.433 91.164 92.412
271.087 118.986 91.164 92.412
274.704 118.262 91.164 92.412
269.640 117.539 91.164 92.412
272.534 117.539 91.164 92.412
268.193 116.092 91.164 92.412
272.534 116.815 91.164 92.412
268.193 116.815 91.164 92.412
272.534 117.539 91.164 92.412
268.916 119.709 91.164 92.412
272.534 121.880 91.164 92.412
271.810 124.051 91.164 92.412
273.981 125.498 91.164 92.412
273.981 129.115 91.164 92.412
273.981 131.286 91.164 92.412
275.428 134.180 91.164 92.412
276.875 132.009 91.164 92.412
277.599 134.904 91.164 92.412
279.046 132.733 91.164 92.412
279.769 135.627 91.164 92.412
280.493 137.074 91.164 92.412
281.216 131.286 91.164 92.412
281.940 134.180 91.164 92.412
284.110 137.074 91.164 92.412
284.834 130.562 91.164 92.412
284.834 134.180 91.164 92.412
285.557 137.074 91.164 92.412
285.557 139.245 91.164 92.412
285.557 139.968 91.164 92.412
283.102 136.052 93.181 94.457
280.593 135.007 95.242 96.547
282.102 132.742 95.242 96.547
279.083 131.987 95.242 96.547
275.764 129.409 97.349 98.683
273.142 126.773 99.503 100.866
271.566 124.408 99.503 100.866
270.778 122.832 99.503 100.866
269.201 122.832 99.503 100.866
269.990 120.467 99.503 100.866
267.625 119.679 99.503 100.866
266.837 120.467 99.503 100.866
264.948 119.351 101.705 103.098
263.017 117.405 103.955 105.379
261.043 117.062 106.255 107.711
257.671 116.219 106.255 107.711
253.123 113.341 108.606 110.094
247.617 112.984 111.009 112.530
243.215 108.582 111.009 112.530
236.705 109.098 113.465 115.019
229.150 106.026 115.975 117.564
225.471 103.267 115.975 117.564
222.712 98.669 115.975 117.564
216.831 98.288 118.541 120.165
211.763 91.323 121.164 122.824
209.842 85.559 121.164 122.824
207.920 82.676 121.164 122.824
205.998 85.559 121.164 122.824
208.501 74.592 123.845 125.541
207.519 76.557 123.845 125.541
213.413 66.733 123.845 125.541
210.466 70.663 123.845 125.541
214.395 63.786 123.845 125.541
212.431 65.751 123.845 125.541
214.395 61.822 123.845 125.541
211.448 66.733 123.845 125.541
214.990 69.274 126.585 128.319
219.006 71.282 126.585 128.319
211.978 65.258 126.585 128.319
205.955 54.215 126.585 128.319
205.955 58.231 126.585 128.319
208.966 61.243 126.585 128.319
208.966 61.243 126.585 128.319
205.955 52.207 126.585 128.319
202.943 48.192 126.585 128.319
203.947 40.160 126.585 128.319
206.959 34.137 126.585 128.319
211.978 28.113 126.585 128.319
215.994 23.093 126.585 128.319
219.006 20.082 126.585 128.319
223.021 14.058 126.585 128.319
226.033 11.046 126.585 128.319
229.045 6.027 126.585 128.319
232.057 4.019 126.585 128.319
235.068 4.019 126.585 128.319
237.076 1.007 126.585 128.319
238.080 1.007 126.585 128.319
239.084 2.011 126.585 128.319
239.084 2.011 126.585 128.319
240.088 1.007 126.585 128.319
242.096 0.003 126.585 128.319
243.100 -2.005 126.585 128.319
243.100 -2.005 126.585 128.319
242.096 -6.020 126.585 128.319
242.096 -8.028 126.585 128.319
242.703 -9.448 129.386 131.158
243.323 -12.950 132.248 134.060
237.029 -9.802 132.248 134.060
