225.000 135.000 61.000 71.000
222.922 136.039 61.000 71.000
223.441 137.078 61.000 71.000
221.882 135.520 61.000 71.000
219.284 135.000 61.000 71.000
217.206 135.000 61.000 71.000
215.127 131.882 61.000 71.000
216.167 127.725 61.000 71.000
212.529 123.569 61.000 71.000
209.931 119.931 61.000 71.000
204.216 106.422 61.000 71.000
199.539 99.147 61.000 71.000
195.513 95.228 59.699 69.486
192.974 91.673 59.699 69.486
190.943 88.118 59.699 69.486
189.419 84.563 59.699 69.486
189.927 82.532 59.699 69.486
188.911 82.024 59.699 69.486
190.435 79.992 59.699 69.486
191.958 79.992 59.699 69.486
191.450 82.024 59.699 69.486
191.958 83.039 59.699 69.486
192.974 85.579 59.699 69.486
193.482 89.134 59.699 69.486
194.497 92.181 59.699 69.486
195.513 95.228 59.699 69.486
197.545 98.783 59.699 69.486
199.576 100.814 59.699 69.486
201.607 102.845 59.699 69.486
202.623 102.845 59.699 69.486
203.639 102.337 59.699 69.486
205.162 99.290 59.699 69.486
206.178 93.704 59.699 69.486
206.686 88.118 59.699 69.486
206.686 81.516 59.699 69.486
208.209 76.437 59.699 69.486
210.748 71.867 59.699 69.486
212.272 67.804 59.699 69.486
214.811 65.773 59.699 69.486
216.335 65.773 59.699 69.486
217.858 67.296 59.699 69.486
218.874 69.328 59.699 69.486
219.382 72.883 59.699 69.486
219.890 77.453 59.699 69.486
218.366 82.532 59.699 69.486
218.366 88.118 59.699 69.486
218.366 93.704 59.699 69.486
217.858 102.337 59.699 69.486
218.874 107.416 59.699 69.486
220.905 114.018 59.699 69.486
222.937 118.588 59.699 69.486
224.460 120.620 59.699 69.486
226.999 119.096 59.699 69.486
228.523 115.541 59.699 69.486
232.078 110.463 59.699 69.486
234.109 103.353 59.699 69.486
236.648 97.259 59.699 69.486
238.172 87.610 59.699 69.486
239.696 82.024 59.699 69.486
235.125 79.484 59.699 69.486
236.141 81.516 59.699 69.486
238.809 85.304 58.426 68.004
238.311 88.790 58.426 68.004
240.801 89.288 58.426 68.004
242.793 92.276 58.426 68.004
243.789 94.269 58.426 68.004
244.785 95.763 58.426 68.004
244.785 95.763 58.426 68.004
245.781 96.261 58.426 68.004
245.283 97.257 58.426 68.004
247.275 98.751 58.426 68.004
248.271 100.743 58.426 68.004
249.267 104.727 58.426 68.004
249.765 108.214 58.426 68.004
249.765 111.202 58.426 68.004
250.761 112.198 58.426 68.004
250.761 109.708 58.426 68.004
251.260 105.723 58.426 68.004
252.754 100.245 58.426 68.004
253.252 93.771 58.426 68.004
254.746 82.814 58.426 68.004
255.742 72.355 58.426 68.004
256.240 65.880 58.426 68.004
257.236 60.900 58.426 68.004
258.232 57.912 58.426 68.004
259.228 56.418 58.426 68.004
258.730 56.418 58.426 68.004
259.726 56.916 58.426 68.004
261.220 57.912 58.426 68.004
262.714 59.406 58.426 68.004
262.714 61.896 58.426 68.004
263.212 64.386 58.426 68.004
263.212 67.872 58.426 68.004
263.711 71.359 58.426 68.004
262.216 74.845 58.426 68.004
260.224 78.829 58.426 68.004
257.734 83.810 58.426 68.004
256.240 88.790 58.426 68.004
253.252 92.774 58.426 68.004
248.621 92.520 59.719 69.509
243.035 89.473 59.719 69.509
237.956 85.410 59.719 69.509
235.417 75.761 59.719 69.509
238.464 65.097 59.719 69.509
242.019 59.510 59.719 69.509
245.066 53.924 59.719 69.509
245.066 48.846 59.719 69.509
247.097 50.369 59.719 69.509
249.992 58.234 61.040 71.047
252.590 63.949 61.040 71.047
254.668 69.665 61.040 71.047
255.707 73.822 61.040 71.047
256.227 77.979 61.040 71.047
254.149 80.057 61.040 71.047
254.149 81.616 61.040 71.047
252.590 81.096 61.040 71.047
252.070 77.979 61.040 71.047
249.992 77.979 61.040 71.047
248.433 77.459 61.040 71.047
246.355 80.057 61.040 71.047
243.237 84.214 61.040 71.047
239.444 88.104 62.391 72.618
237.160 90.489 63.771 74.225
240.418 89.403 63.771 74.225
240.962 87.774 63.771 74.225
244.220 83.429 63.771 74.225
245.688 75.547 65.182 75.867
247.741 68.603 66.624 77.546
251.708 62.937 66.624 77.546
253.408 60.103 66.624 77.546
257.374 61.803 66.624 77.546
261.341 64.637 66.624 77.546
264.741 72.003 66.624 77.546
265.874 79.370 66.624 77.546
267.008 83.903 66.624 77.546
267.574 88.437 66.624 77.546
269.274 89.570 66.624 77.546
268.141 91.837 66.624 77.546
265.874 92.403 66.624 77.546
263.041 90.137 66.624 77.546
259.641 91.270 66.624 77.546
256.808 92.403 66.624 77.546
253.408 94.103 66.624 77.546
250.574 96.937 66.624 77.546
246.608 99.203 66.624 77.546
239.241 101.470 66.624 77.546
233.008 103.170 66.624 77.546
229.041 100.903 66.624 77.546
231.308 94.103 66.624 77.546
234.708 87.870 66.624 77.546
237.371 81.912 68.098 79.262
243.175 70.885 68.098 79.262
245.496 63.340 68.098 79.262
247.237 59.277 68.098 79.262
250.720 62.759 68.098 79.262
252.461 67.403 68.098 79.262
253.622 73.206 68.098 79.262
253.622 80.171 68.098 79.262
251.880 86.555 68.098 79.262
251.300 92.359 68.098 79.262
250.139 96.422 68.098 79.262
247.818 95.842 68.098 79.262
245.496 93.520 68.098 79.262
242.014 90.618 68.098 79.262
239.112 87.716 68.098 79.262
235.629 86.555 68.098 79.262
232.147 87.716 68.098 79.262
232.147 90.038 68.098 79.262
227.504 92.359 68.098 79.262
221.700 95.842 68.098 79.262
218.218 98.744 68.098 79.262
218.218 98.163 68.098 79.262
220.366 93.224 69.605 81.015
223.919 86.710 69.605 81.015
226.880 79.012 69.605 81.015
228.656 70.722 69.605 81.015
231.617 63.024 69.605 81.015
235.762 58.286 69.605 81.015
238.723 60.655 69.605 81.015
240.500 65.392 69.605 81.015
241.684 71.906 69.605 81.015
242.868 76.643 69.605 81.015
244.645 81.381 69.605 81.015
245.829 86.118 69.605 81.015
243.460 88.486 69.605 81.015
241.684 90.855 69.605 81.015
239.315 91.447 69.605 81.015
236.355 92.039 69.605 81.015
234.578 92.632 69.605 81.015
232.209 93.224 69.605 81.015
230.433 96.184 69.605 81.015
230.433 99.145 69.605 81.015
228.064 100.330 69.605 81.015
223.919 100.922 69.605 81.015
220.366 98.553 69.605 81.015
216.221 96.184 69.605 81.015
217.228 90.551 71.145 82.808
218.439 82.675 71.145 82.808
217.228 72.375 71.145 82.808
217.834 63.892 71.145 82.808
215.410 56.016 71.145 82.808
214.198 48.139 71.145 82.808
211.775 44.504 71.145 82.808
209.957 45.110 71.145 82.808
210.563 45.110 71.145 82.808
211.775 46.322 71.145 82.808
212.986 48.139 71.145 82.808
213.592 50.563 71.145 82.808
215.563 55.081 69.628 81.042
215.121 58.906 68.143 79.314
216.862 64.129 68.143 79.314
216.862 69.353 68.143 79.314
217.442 76.318 68.143 79.314
218.023 82.702 68.143 79.314
219.184 88.506 68.143 79.314
220.344 93.729 68.143 79.314
222.086 98.373 68.143 79.314
223.973 102.120 66.690 77.622
224.542 103.258 66.690 77.622
226.816 99.846 66.690 77.622
228.522 95.297 66.690 77.622
230.796 89.042 66.690 77.622
232.076 81.909 65.267 75.967
231.521 75.250 65.267 75.967
231.521 68.591 65.267 75.967
232.076 61.932 65.267 75.967
233.019 54.433 66.711 77.648
234.555 46.751 68.187 79.366
234.381 39.488 69.696 81.122
236.758 32.953 69.696 81.122
239.134 28.200 69.696 81.122
242.105 24.635 69.696 81.122
241.511 22.853 69.696 81.122
242.699 23.447 69.696 81.122
243.887 24.635 69.696 81.122
245.670 26.418 69.696 81.122
246.858 29.388 69.696 81.122
247.452 32.359 69.696 81.122
245.493 35.026 71.238 82.916
244.705 40.168 72.814 84.751
243.899 45.426 74.425 86.626
245.166 51.126 74.425 86.626
243.899 54.293 74.425 86.626
239.466 51.760 74.425 86.626
234.209 46.368 76.072 88.543
230.327 39.897 76.072 88.543
223.662 34.388 77.755 90.502
218.360 29.086 77.755 90.502
213.721 24.447 77.755 90.502
209.081 23.122 77.755 90.502
204.442 23.784 77.755 90.502
199.605 24.109 79.475 92.504
196.223 26.815 79.475 92.504
193.517 28.844 79.475 92.504
190.135 31.550 79.475 92.504
186.753 34.932 79.475 92.504
182.694 38.315 79.475 92.504
179.988 41.697 79.475 92.504
175.929 45.756 79.475 92.504
172.547 48.462 79.475 92.504
169.164 52.521 79.475 92.504
167.135 56.579 79.475 92.504
166.458 60.638 79.475 92.504
159.491 64.350 81.234 94.551
154.646 68.503 81.234 94.551
152.363 72.302 83.031 96.643
155.902 70.179 83.031 96.643
160.857 65.932 83.031 96.643
165.812 58.853 83.031 96.643
170.767 51.067 83.031 96.643
175.014 41.157 83.031 96.643
178.553 32.663 83.031 96.643
182.092 26.292 83.031 96.643
185.632 22.753 83.031 96.643
188.463 19.214 83.031 96.643
192.710 18.506 83.031 96.643
196.249 16.383 83.031 96.643
200.496 14.967 83.031 96.643
204.743 14.967 83.031 96.643
208.283 13.551 83.031 96.643
213.237 15.675 83.031 96.643
216.069 18.506 83.031 96.643
218.192 22.045 83.031 96.643
221.024 25.585 83.031 96.643
223.147 31.247 83.031 96.643
226.686 38.326 83.031 96.643
225.979 46.820 83.031 96.643
227.394 53.190 83.031 96.643
224.352 60.615 84.868 98.781
221.466 64.223 84.868 98.781
213.529 64.223 84.868 98.781
205.591 54.843 84.868 98.781
199.097 40.412 84.868 98.781
195.490 31.031 84.868 98.781
190.439 22.372 84.868 98.781
186.109 15.157 84.868 98.781
182.685 11.159 83.058 96.674
178.438 13.282 83.058 96.674
175.784 17.145 81.287 94.613
173.707 14.376 81.287 94.613
174.193 17.482 83.085 96.706
176.494 22.760 81.314 94.644
172.516 27.230 79.580 92.625
174.721 32.967 77.883 90.650
168.262 35.922 76.222 88.717
167.127 40.762 74.596 86.825
160.774 42.668 74.596 86.825
154.422 45.209 74.596 86.825
151.245 50.291 74.596 86.825
146.798 59.821 74.596 86.825
145.527 68.080 74.596 86.825
145.527 74.433 74.596 86.825
143.622 78.244 74.596 86.825
142.161 77.919 76.247 88.746
145.406 73.376 76.247 88.746
145.861 63.957 77.934 90.710
151.163 52.690 77.934 90.710
155.139 39.435 77.934 90.710
159.778 30.820 77.934 90.710
163.755 23.530 77.934 90.710
166.406 17.565 77.934 90.710
168.394 14.251 77.934 90.710
170.382 12.926 77.934 90.710
174.359 13.588 77.934 90.710
178.503 11.242 76.272 88.775
181.099 13.838 76.272 88.775
183.696 15.136 76.272 88.775
185.643 17.083 76.272 88.775
186.941 20.328 76.272 88.775
185.643 22.924 76.272 88.775
187.590 26.818 76.272 88.775
186.746 31.028 77.959 90.739
188.071 37.656 77.959 90.739
186.546 42.617 79.684 92.747
186.546 47.366 79.684 92.747
185.189 52.793 79.684 92.747
183.833 56.864 79.684 92.747
182.476 56.864 79.684 92.747
182.476 52.793 79.684 92.747
181.797 48.723 79.684 92.747
180.440 42.617 79.684 92.747
180.237 36.163 81.447 94.799
180.237 29.916 81.447 94.799
180.931 27.140 81.447 94.799
180.237 25.057 81.447 94.799
179.543 26.446 81.447 94.799
179.543 26.446 81.447 94.799
178.849 27.140 81.447 94.799
176.767 25.751 81.447 94.799
177.461 27.140 81.447 94.799
176.767 22.281 81.447 94.799
176.767 22.975 81.447 94.799
176.767 25.751 81.447 94.799
175.378 29.222 81.447 94.799
171.908 32.693 81.447 94.799
167.743 36.857 81.447 94.799
164.273 43.799 81.447 94.799
158.720 54.904 81.447 94.799
154.555 63.234 81.447 94.799
150.390 74.340 81.447 94.799
148.308 79.199 81.447 94.799
143.449 86.140 81.447 94.799
140.673 90.304 81.447 94.799
139.284 94.469 81.447 94.799
134.913 97.585 83.249 96.896
