298.000 149.000 67.000 122.000
298.000 148.265 67.000 122.000
297.265 147.529 67.000 122.000
297.265 146.794 67.000 122.000
296.529 146.794 67.000 122.000
295.059 146.059 67.000 122.000
295.059 144.588 67.000 122.000
293.588 146.059 67.000 122.000
291.382 144.588 67.000 122.000
292.832 142.948 65.571 119.398
292.112 143.668 65.571 119.398
292.112 144.387 65.571 119.398
287.795 142.948 65.571 119.398
288.514 138.630 65.571 119.398
284.916 141.509 65.571 119.398
280.599 140.069 65.571 119.398
277.720 140.069 65.571 119.398
272.683 142.228 65.571 119.398
269.085 140.789 65.571 119.398
266.207 141.509 65.571 119.398
263.328 140.069 65.571 119.398
262.609 139.350 65.571 119.398
261.169 139.350 65.571 119.398
258.291 138.630 65.571 119.398
256.132 139.350 65.571 119.398
253.973 137.191 65.571 119.398
253.254 136.471 65.571 119.398
250.375 135.752 65.571 119.398
246.771 135.870 67.022 122.040
242.348 134.396 67.022 122.040
241.588 134.222 65.593 119.437
238.680 135.496 64.194 116.890
234.423 138.154 62.825 114.398
233.712 137.303 61.485 111.958
233.712 138.656 61.485 111.958
231.683 136.627 61.485 111.958
230.309 136.468 60.174 109.571
227.647 135.654 58.891 107.234
227.000 136.301 58.891 107.234
225.686 136.150 57.635 104.947
222.520 136.783 57.635 104.947
220.620 133.617 57.635 104.947
218.086 135.517 57.635 104.947
217.434 134.102 56.406 102.709
217.434 132.863 56.406 102.709
214.956 133.483 56.406 102.709
214.956 132.243 56.406 102.709
214.336 131.004 56.406 102.709
213.717 129.145 56.406 102.709
212.477 131.004 56.406 102.709
211.238 128.526 56.406 102.709
209.379 129.765 56.406 102.709
208.760 126.047 56.406 102.709
207.521 128.526 56.406 102.709
205.662 127.287 56.406 102.709
204.423 127.287 56.406 102.709
203.803 123.569 56.406 102.709
201.944 125.428 56.406 102.709
201.325 127.287 56.406 102.709
200.705 124.808 56.406 102.709
202.564 121.091 56.406 102.709
201.926 124.045 55.203 100.519
200.697 122.693 54.026 98.375
200.103 125.069 54.026 98.375
199.509 122.099 54.026 98.375
198.320 120.910 54.026 98.375
197.132 121.505 54.026 98.375
197.726 122.099 54.026 98.375
199.491 122.553 52.874 96.277
197.169 120.232 52.874 96.277
196.589 120.812 52.874 96.277
197.749 120.232 52.874 96.277
197.749 119.071 52.874 96.277
196.589 118.491 52.874 96.277
196.008 117.910 52.874 96.277
196.008 117.910 52.874 96.277
200.071 149.252 52.874 96.277
200.635 153.180 51.746 94.224
199.481 149.636 50.643 92.215
200.021 150.619 49.563 90.248
200.021 148.439 49.563 90.248
200.004 147.220 48.506 88.324
199.988 146.029 47.471 86.440
200.509 144.464 47.471 86.440
200.509 143.421 47.471 86.440
197.380 141.335 47.471 86.440
197.902 139.770 47.471 86.440
198.423 140.813 47.471 86.440
196.843 136.519 46.459 84.597
192.255 144.676 46.459 84.597
192.255 144.166 46.459 84.597
190.725 143.656 46.459 84.597
189.706 142.127 46.459 84.597
190.216 139.578 46.459 84.597
186.137 138.558 46.459 84.597
187.157 136.009 46.459 84.597
183.078 135.500 46.459 84.597
180.015 134.564 47.487 86.469
178.447 133.607 48.537 88.382
175.247 132.007 48.537 88.382
172.580 129.874 48.537 88.382
170.447 129.874 48.537 88.382
165.631 128.683 47.502 86.497
162.498 128.248 48.553 88.411
158.227 129.936 49.628 90.367
153.321 135.387 49.628 90.367
149.506 133.752 49.628 90.367
147.325 130.481 49.628 90.367
142.965 129.936 49.628 90.367
137.514 120.124 49.628 90.367
136.969 123.395 49.628 90.367
130.969 123.486 50.726 92.366
130.969 120.701 50.726 92.366
124.286 121.258 50.726 92.366
122.059 123.486 50.726 92.366
119.815 121.129 49.644 90.396
120.345 122.638 48.585 88.469
117.129 120.382 47.549 86.582
112.435 122.989 47.549 86.582
107.220 120.382 47.549 86.582
106.176 117.252 47.549 86.582
100.439 119.860 47.549 86.582
98.353 113.601 47.549 86.582
94.702 118.295 47.549 86.582
89.993 124.956 46.535 84.736
87.946 125.979 46.535 84.736
86.411 124.956 46.535 84.736
82.317 127.515 46.535 84.736
81.805 125.467 46.535 84.736
79.758 129.050 46.535 84.736
77.199 127.003 46.535 84.736
78.223 127.515 46.535 84.736
78.734 127.003 46.535 84.736
76.687 130.073 46.535 84.736
75.152 128.026 46.535 84.736
75.664 129.050 46.535 84.736
75.664 130.073 46.535 84.736
77.199 129.050 46.535 84.736
78.223 126.491 46.535 84.736
79.246 128.538 46.535 84.736
79.246 128.538 46.535 84.736
81.293 127.515 46.535 84.736
82.317 130.073 46.535 84.736
84.348 132.512 45.543 82.929
86.348 135.512 45.543 82.929
88.848 132.012 45.543 82.929
89.848 136.512 45.543 82.929
91.344 132.095 46.550 84.763
92.365 133.716 47.580 86.639
93.412 136.334 47.580 86.639
94.982 134.763 47.580 86.639
96.553 137.381 47.580 86.639
99.694 139.998 47.580 86.639
101.265 143.139 47.580 86.639
107.024 144.186 47.580 86.639
114.876 140.522 47.580 86.639
123.774 138.516 48.633 88.556
131.251 138.390 47.596 86.667
135.963 137.866 47.596 86.667
141.722 139.960 47.596 86.667
149.572 139.525 48.649 88.585
152.248 139.525 48.649 88.585
155.457 135.334 49.725 90.545
159.283 139.255 50.826 92.548
162.074 137.114 51.950 94.596
164.356 123.420 51.950 94.596
166.064 118.950 53.099 96.689
168.986 117.197 53.099 96.689
173.660 118.366 53.099 96.689
177.166 118.950 53.099 96.689
180.088 121.287 53.099 96.689
182.425 122.456 53.099 96.689
185.346 124.793 53.099 96.689
187.099 125.377 53.099 96.689
187.684 124.209 53.099 96.689
194.111 144.075 53.099 96.689
196.445 144.174 54.274 98.828
199.426 141.790 54.274 98.828
201.214 142.982 54.274 98.828
198.825 135.332 55.475 101.014
203.094 138.991 55.475 101.014
207.972 141.430 55.475 101.014
209.802 142.040 55.475 101.014
211.021 140.820 55.475 101.014
212.241 141.430 55.475 101.014
217.101 144.946 54.292 98.860
218.872 143.616 53.134 96.752
220.041 140.695 53.134 96.752
221.794 145.953 53.134 96.752
224.715 143.616 53.134 96.752
227.052 145.369 53.134 96.752
227.637 143.032 53.134 96.752
230.541 146.985 52.001 94.689
232.252 144.132 52.001 94.689
233.964 146.414 52.001 94.689
236.246 142.991 52.001 94.689
237.958 146.414 52.001 94.689
239.654 142.859 50.892 92.669
241.889 146.771 50.892 92.669
242.448 142.301 50.892 92.669
244.683 145.654 50.892 92.669
244.124 142.301 50.892 92.669
245.801 140.624 50.892 92.669
244.679 141.275 52.018 94.720
249.798 140.003 50.909 92.700
250.916 139.444 50.909 92.700
253.151 139.444 50.909 92.700
255.946 140.003 50.909 92.700
259.841 140.991 49.823 90.723
258.196 138.347 50.926 92.730
260.431 138.347 50.926 92.730
262.667 137.788 50.926 92.730
266.020 138.905 50.926 92.730
263.784 134.994 50.926 92.730
268.814 136.111 50.926 92.730
272.725 135.553 50.926 92.730
269.368 133.968 52.052 94.782
275.648 136.696 50.942 92.761
281.221 139.362 49.856 90.782
280.111 137.047 48.793 88.846
284.914 139.065 47.752 86.952
284.372 138.416 46.734 85.098
285.913 139.957 46.734 85.098
284.886 135.847 46.734 85.098
287.455 135.847 46.734 85.098
288.482 136.361 46.734 85.098
289.510 136.875 46.734 85.098
291.047 136.961 47.768 86.980
301.541 153.653 46.749 85.125
310.274 155.194 46.749 85.125
313.870 155.708 46.749 85.125
314.898 155.194 46.749 85.125
304.094 154.047 45.752 83.310
296.063 158.063 45.752 83.310
297.067 161.074 45.752 83.310
298.071 162.078 45.752 83.310
299.563 162.465 44.777 81.534
299.563 162.957 44.777 81.534
300.547 162.465 44.777 81.534
300.547 160.004 44.777 81.534
302.023 152.129 44.777 81.534
299.071 152.621 44.777 81.534
300.532 151.030 43.822 79.795
297.153 152.559 44.791 81.560
294.693 156.004 44.791 81.560
291.740 160.434 44.791 81.560
292.232 157.973 44.791 81.560
287.310 161.910 44.791 81.560
285.342 159.941 44.791 81.560
283.373 156.496 44.791 81.560
281.404 157.973 44.791 81.560
278.944 157.973 44.791 81.560
276.975 154.528 44.791 81.560
274.514 151.083 44.791 81.560
273.530 153.543 44.791 81.560
269.100 155.512 44.791 81.560
266.147 156.496 44.791 81.560
262.207 159.039 45.782 83.365
258.176 162.063 45.782 83.365
256.160 160.551 45.782 83.365
252.632 159.039 45.782 83.365
249.102 158.117 46.795 85.209
248.075 154.521 46.795 85.209
244.993 149.384 46.795 85.209
242.938 146.815 46.795 85.209
239.338 147.414 47.831 87.094
235.134 152.143 47.831 87.094
230.930 148.465 47.831 87.094
230.930 144.786 47.831 87.094
224.624 153.719 47.831 87.094
219.369 155.821 47.831 87.094
215.165 157.398 47.831 87.094
211.997 157.801 46.811 85.237
206.859 158.828 46.811 85.237
204.291 155.746 46.811 85.237
207.359 147.408 45.812 83.419
200.304 148.416 45.812 83.419
194.257 148.416 45.812 83.419
187.199 148.501 46.826 85.265
182.062 147.473 46.826 85.265
174.869 149.528 46.826 85.265
176.411 143.877 46.826 85.265
177.424 141.190 45.827 83.447
167.849 144.718 45.827 83.447
164.826 141.694 45.827 83.447
162.810 137.663 45.827 83.447
157.771 135.143 45.827 83.447
152.731 137.663 45.827 83.447
148.196 134.135 45.827 83.447
142.653 136.151 45.827 83.447
137.107 131.197 46.841 85.293
130.942 132.738 46.841 85.293
124.264 134.279 46.841 85.293
118.099 133.252 46.841 85.293
111.421 134.279 46.841 85.293
106.797 132.738 46.841 85.293
99.605 133.252 46.841 85.293
94.468 133.765 46.841 85.293
90.353 131.281 47.878 87.180
69.859 136.010 47.878 87.180
77.737 130.842 48.937 89.109
75.051 130.842 48.937 89.109
69.679 130.842 48.937 89.109
65.381 130.842 48.937 89.109
60.545 131.379 48.937 89.109
56.247 131.916 48.937 89.109
52.486 131.379 48.937 89.109
40.130 133.528 48.937 89.109
36.902 134.154 50.020 91.081
36.353 128.664 50.020 91.081
33.059 126.468 50.020 91.081
30.314 125.919 50.020 91.081
27.020 126.468 50.020 91.081
25.922 125.370 50.020 91.081
27.020 121.526 50.020 91.081
31.961 117.683 50.020 91.081
33.604 115.029 51.126 93.096
25.187 111.195 52.258 95.155
26.332 112.440 53.414 97.261
33.368 110.095 53.414 97.261
35.713 106.577 53.414 97.261
33.363 109.605 54.595 99.413
35.759 95.306 55.803 101.612
39.438 99.705 57.038 103.860
33.160 92.909 58.300 106.158
25.466 90.986 58.300 106.158
17.127 85.964 59.590 108.507
22.366 80.725 59.590 108.507
18.432 88.693 60.908 110.908
45.841 92.815 62.256 113.362
74.577 147.675 63.633 115.870
71.774 160.393 65.041 118.433
73.909 160.510 66.480 121.054
77.566 160.510 66.480 121.054
79.760 161.242 66.480 121.054
81.954 162.705 66.480 121.054
86.342 162.705 66.480 121.054
90.730 163.436 66.480 121.054
91.458 161.365 67.951 123.732
92.200 164.479 69.455 126.470
96.777 168.293 69.455 126.470
103.641 166.004 69.455 126.470
109.743 168.293 69.455 126.470
117.371 170.581 69.455 126.470
124.998 172.106 69.455 126.470
137.202 169.055 69.455 126.470
144.067 171.344 69.455 126.470
150.932 175.157 69.455 126.470
154.723 188.710 67.973 123.773
165.924 178.376 69.477 126.511
174.292 179.725 67.996 123.813
181.758 177.608 69.500 126.552
190.148 176.845 69.500 126.552
196.250 174.557 69.500 126.552
202.352 178.371 69.500 126.552
211.505 173.794 69.500 126.552
216.822 180.483 68.018 123.854
228.775 178.242 68.018 123.854
234.005 183.471 68.018 123.854
239.229 179.860 69.523 126.594
243.817 185.213 69.523 126.594
254.523 179.095 69.523 126.594
260.641 185.213 69.523 126.594
277.460 178.459 71.061 129.395
283.703 180.801 71.061 129.395
283.703 185.483 71.061 129.395
