51.000 53.000 87.000 290.000
54.786 58.951 85.145 283.816
58.490 61.977 83.329 277.763
59.859 59.240 83.329 277.763
62.596 59.240 83.329 277.763
67.591 62.202 81.552 271.840
70.269 62.202 81.552 271.840
72.948 60.862 81.552 271.840
74.287 60.862 81.552 271.840
78.304 62.202 81.552 271.840
80.983 59.523 81.552 271.840
82.322 60.862 81.552 271.840
87.679 59.523 81.552 271.840
90.357 60.862 81.552 271.840
93.036 58.184 81.552 271.840
97.923 65.100 79.813 266.043
100.547 61.165 79.813 266.043
105.333 67.937 78.111 260.369
107.901 66.653 78.111 260.369
109.186 66.653 78.111 260.369
113.039 65.368 78.111 260.369
115.607 65.368 78.111 260.369
118.176 66.653 78.111 260.369
121.577 70.713 76.445 254.817
123.649 72.173 74.815 249.383
128.135 76.062 73.219 244.065
128.135 76.062 73.219 244.065
130.937 70.954 74.839 249.465
133.396 70.954 74.839 249.465
135.423 72.385 73.243 244.145
137.831 73.588 73.243 244.145
141.443 73.588 73.243 244.145
144.632 76.192 71.681 238.938
147.753 77.561 70.153 233.843
147.753 76.408 70.153 233.843
153.113 80.054 68.657 228.856
153.481 76.395 70.176 233.919
155.787 76.395 70.176 233.919
157.316 74.960 71.728 239.095
160.438 75.153 70.199 233.996
163.120 71.411 71.752 239.173
166.242 76.318 70.222 234.073
167.395 75.166 70.222 234.073
169.297 76.508 68.724 229.081
174.547 81.210 67.259 224.196
170.841 82.494 65.824 219.415
179.119 86.999 64.421 214.736
179.806 87.171 63.047 210.157
182.549 90.447 61.702 205.675
187.262 94.667 60.387 201.289
190.238 93.675 60.387 201.289
190.882 95.821 59.099 196.996
191.853 95.821 59.099 196.996
197.336 95.010 57.839 192.795
195.434 97.863 57.839 192.795
198.287 97.863 57.839 192.795
200.805 99.919 56.605 188.684
204.197 101.001 55.398 184.660
206.017 101.911 55.398 184.660
208.746 101.001 55.398 184.660
206.017 101.001 55.398 184.660
211.475 101.001 55.398 184.660
213.886 102.970 54.217 180.722
217.447 102.080 54.217 180.722
212.396 103.642 55.416 184.721
217.242 97.049 56.642 188.808
221.571 99.062 55.434 184.781
219.134 98.842 56.661 188.869
222.860 99.773 56.661 188.869
223.791 97.910 56.661 188.869
224.723 99.773 56.661 188.869
224.723 98.842 56.661 188.869
229.052 98.061 55.453 184.842
231.467 100.944 54.270 180.900
230.261 100.197 53.113 177.042
235.190 103.829 51.980 173.267
237.454 106.532 50.872 169.572
240.503 106.669 49.787 165.956
242.669 105.986 48.725 162.417
239.730 104.989 49.803 166.010
243.531 108.394 48.741 162.470
246.451 112.527 47.702 159.005
244.883 109.390 47.702 159.005
244.883 112.527 47.702 159.005
246.960 115.791 46.684 155.614
249.758 113.617 45.689 152.296
247.241 117.494 44.714 149.048
249.188 121.289 43.761 145.870
250.374 121.405 42.828 142.759
253.190 124.925 42.828 142.759
255.759 122.927 41.914 139.714
258.048 122.070 42.842 142.806
259.912 125.704 41.928 139.760
257.607 124.441 41.034 136.780
260.742 128.598 40.159 133.863
257.206 128.043 39.302 131.008
262.366 128.043 39.302 131.008
265.157 123.368 40.172 133.907
266.479 126.011 40.172 133.907
265.818 124.029 40.172 133.907
269.338 124.530 41.061 136.870
270.451 125.989 40.185 133.951
274.183 129.400 39.328 131.094
276.124 125.518 39.328 131.094
273.955 131.445 38.490 128.299
278.596 124.959 39.341 131.137
276.427 131.534 38.502 128.341
280.005 128.469 37.681 125.604
280.406 127.949 36.878 122.925
284.240 130.225 37.693 125.645
280.304 135.282 36.890 122.965
286.150 135.381 36.103 120.343
284.563 133.456 36.902 123.006
287.986 134.767 36.115 120.383
287.986 129.420 36.115 120.383
290.362 133.579 36.115 120.383
287.392 131.203 36.115 120.383
289.559 136.051 35.345 117.815
292.650 131.846 36.127 120.422
289.086 129.469 36.127 120.422
287.689 134.912 35.356 117.854
286.905 139.071 34.602 115.341
284.630 135.659 34.602 115.341
285.768 136.796 34.602 115.341
285.953 134.383 35.368 117.893
281.891 136.124 35.368 117.893
283.241 130.177 36.150 120.501
285.617 127.800 36.150 120.501
282.052 130.771 36.150 120.501
285.617 127.206 36.150 120.501
281.458 129.583 36.150 120.501
285.023 127.206 36.150 120.501
281.458 128.989 36.150 120.501
284.814 128.491 35.379 117.931
285.584 123.704 36.162 120.541
287.366 122.516 36.162 120.541
289.742 120.139 36.162 120.541
286.772 123.704 36.162 120.541
288.748 118.212 36.962 123.208
289.555 111.986 37.780 125.934
290.177 113.851 37.780 125.934
290.798 110.121 37.780 125.934
292.041 110.743 37.780 125.934
290.380 109.971 38.616 128.720
292.494 107.277 39.470 131.568
293.792 109.224 39.470 131.568
292.707 105.172 40.344 134.479
295.574 104.347 41.236 137.454
297.153 102.148 42.149 140.495
296.218 105.031 41.250 137.499
298.932 107.745 41.250 137.499
299.610 106.388 41.250 137.499
300.289 107.066 41.250 137.499
301.868 104.867 42.162 140.541
303.478 104.004 43.095 143.651
303.478 103.296 43.095 143.651
303.709 103.123 44.049 146.829
304.902 106.135 43.109 143.698
307.734 104.720 43.109 143.698
305.133 101.714 44.063 146.877
304.156 104.004 43.123 143.745
305.572 101.880 43.123 143.745
306.279 101.880 43.123 143.745
304.387 98.875 44.078 146.925
306.557 101.045 44.078 146.925
305.580 100.441 43.138 143.792
307.934 100.266 44.092 146.974
306.957 100.386 43.152 143.839
309.087 102.516 43.152 143.839
307.190 97.375 44.107 147.022
308.878 95.024 45.082 150.275
308.137 95.765 45.082 150.275
311.583 98.108 44.121 147.070
310.602 98.951 43.180 143.934
313.441 98.951 43.180 143.934
313.192 101.195 42.259 140.864
315.725 102.003 41.358 137.860
314.364 101.323 41.358 137.860
315.485 102.112 40.476 134.920
318.576 104.880 39.613 132.043
319.649 107.590 38.768 129.227
319.649 105.679 38.768 129.227
319.649 106.953 38.768 129.227
319.649 105.041 38.768 129.227
320.924 105.679 38.768 129.227
320.924 106.316 38.768 129.227
323.249 107.694 37.941 126.471
322.002 106.447 37.941 126.471
323.249 107.070 37.941 126.471
323.653 107.795 37.132 123.774
323.852 106.426 37.954 126.513
324.476 107.673 37.954 126.513
325.100 107.049 37.954 126.513
325.100 106.426 37.954 126.513
325.723 107.049 37.954 126.513
326.970 105.802 37.954 126.513
328.217 105.802 37.954 126.513
328.622 108.398 37.144 123.815
329.841 109.618 37.144 123.815
331.061 108.398 37.144 123.815
329.841 109.618 37.144 123.815
332.281 107.789 37.144 123.815
331.061 108.398 37.144 123.815
332.281 107.789 37.144 123.815
332.891 107.179 37.144 123.815
333.500 106.569 37.144 123.815
332.891 108.398 37.144 123.815
334.720 106.569 37.144 123.815
332.891 107.789 37.144 123.815
333.896 106.670 36.352 121.175
332.896 105.927 37.157 123.856
335.945 105.927 37.157 123.856
333.506 106.537 37.157 123.856
335.122 106.638 36.364 121.214
334.911 109.127 35.589 118.629
335.875 109.223 34.830 116.100
337.392 110.461 34.087 113.624
337.755 112.233 33.360 111.201
336.288 109.905 34.098 113.661
337.970 111.026 34.098 113.661
337.032 108.087 34.853 116.176
339.122 108.753 34.109 113.698
337.623 107.495 34.864 116.214
338.195 108.068 34.864 116.214
337.050 108.640 34.864 116.214
338.768 107.495 34.864 116.214
337.623 108.068 34.864 116.214
338.195 107.495 34.864 116.214
337.623 106.923 34.864 116.214
338.768 106.350 34.864 116.214
338.195 108.068 34.864 116.214
339.712 108.162 34.121 113.735
339.151 107.601 34.121 113.735
340.273 108.162 34.121 113.735
339.712 107.040 34.121 113.735
339.712 107.601 34.121 113.735
339.335 105.782 34.876 116.252
339.335 105.209 34.876 116.252
338.190 104.637 34.876 116.252
340.852 107.021 34.132 113.773
339.730 106.461 34.132 113.773
340.852 105.900 34.132 113.773
340.655 106.552 33.404 111.347
339.557 106.003 33.404 111.347
341.204 107.650 33.404 111.347
341.204 106.552 33.404 111.347
342.302 106.552 33.404 111.347
340.655 108.748 33.404 111.347
341.753 107.101 33.404 111.347
341.204 109.297 33.404 111.347
342.302 108.199 33.404 111.347
341.204 108.748 33.404 111.347
342.302 108.199 33.404 111.347
340.655 109.297 33.404 111.347
340.655 108.748 33.404 111.347
340.106 107.650 33.404 111.347
342.658 109.387 32.692 108.972
340.858 111.086 31.994 106.648
340.504 109.380 32.702 109.008
343.001 111.617 32.005 106.683
340.899 111.092 32.005 106.683
342.817 111.178 31.322 104.408
341.276 111.178 31.322 104.408
341.790 110.665 31.322 104.408
341.790 112.206 31.322 104.408
343.665 112.292 30.654 102.182
343.161 114.307 30.654 102.182
344.673 113.299 30.654 102.182
343.161 113.299 30.654 102.182
343.665 112.795 30.654 102.182
344.169 111.788 30.654 102.182
344.334 110.153 31.333 104.442
344.152 111.267 30.665 102.215
345.487 113.869 30.011 100.035
345.315 113.459 29.371 97.902
346.110 116.914 28.744 95.814
345.944 116.991 28.131 93.771
346.244 118.454 27.531 91.771
345.487 117.438 28.141 93.802
345.024 116.513 28.141 93.802
345.787 117.513 27.540 91.801
346.080 118.039 26.953 89.844
346.523 117.153 26.953 89.844
346.080 117.153 26.953 89.844
346.967 116.266 26.953 89.844
346.967 117.153 26.953 89.844
347.254 117.224 26.378 87.928
348.121 119.391 26.378 87.928
346.962 117.118 26.962 89.873
346.221 114.795 27.558 91.862
346.968 117.586 26.971 89.903
348.141 117.658 26.396 87.985
349.008 117.225 26.396 87.985
348.141 118.958 26.396 87.985
349.441 117.658 26.396 87.985
348.141 116.792 26.396 87.985
349.723 119.463 25.833 86.109
348.452 119.040 25.833 86.109
349.723 119.463 25.833 86.109
347.743 117.240 26.404 88.014
349.325 119.045 25.841 86.137
349.325 118.194 25.841 86.137
349.600 119.538 25.290 84.300
348.073 119.021 25.850 86.166
349.625 119.089 25.298 84.328
348.514 118.156 25.858 86.194
350.066 119.926 25.307 84.356
350.066 118.679 25.307 84.356
350.336 120.410 24.767 82.557
349.928 118.778 24.767 82.557
350.744 120.002 24.767 82.557
350.192 120.474 24.239 80.796
349.526 119.183 24.775 82.584
349.526 119.998 24.775 82.584
350.198 120.063 24.247 80.823
349.800 121.257 24.247 80.823
349.800 120.063 24.247 80.823
348.338 119.567 24.783 82.611
349.153 118.751 24.783 82.611
348.746 119.159 24.783 82.611
349.153 119.567 24.783 82.611
347.930 118.751 24.783 82.611
349.153 119.567 24.783 82.611
347.930 118.751 24.783 82.611
348.746 119.159 24.783 82.611
347.930 119.567 24.783 82.611
348.746 118.344 24.783 82.611
347.930 118.344 24.783 82.611
347.248 116.614 25.332 84.439
347.248 117.445 25.332 84.439
346.832 117.030 25.332 84.439
346.417 116.198 25.332 84.439
346.001 116.614 25.332 84.439
346.832 117.445 25.332 84.439
346.417 116.614 25.332 84.439
346.001 117.445 25.332 84.439
347.248 117.030 25.332 84.439
346.832 116.614 25.332 84.439
346.417 117.445 25.332 84.439
346.001 117.030 25.332 84.439
347.664 117.030 25.332 84.439
346.417 117.030 25.332 84.439
346.001 116.614 25.332 84.439
347.664 117.445 25.332 84.439
346.832 117.445 25.332 84.439
346.832 117.030 25.332 84.439
347.248 117.030 25.332 84.439
349.181 118.761 24.791 82.638
347.814 118.827 24.263 80.876
349.008 120.021 24.263 80.876
348.869 120.485 23.745 79.151
