163.000 44.000 47.000 164.000
163.798 40.808 47.000 164.000
164.874 36.599 48.040 167.629
165.690 35.784 48.040 167.629
165.158 33.929 49.103 171.337
164.615 31.201 50.189 175.128
164.060 30.116 51.300 179.003
162.622 29.877 52.435 182.963
163.822 30.524 53.595 187.011
164.394 36.157 52.452 183.023
161.723 37.937 52.452 183.023
165.284 39.718 52.452 183.023
158.162 -14.584 52.452 183.023
159.943 -20.816 52.452 183.023
158.722 -13.523 51.333 179.120
160.467 -9.160 51.333 179.120
159.899 -7.651 52.469 183.083
161.679 11.043 52.469 183.083
163.129 19.226 51.350 179.179
166.619 31.442 51.350 179.179
171.854 42.785 51.350 179.179
173.599 49.765 51.350 179.179
172.727 52.383 51.350 179.179
177.962 55.001 51.350 179.179
172.727 55.873 51.350 179.179
176.217 58.491 51.350 179.179
170.982 56.746 51.350 179.179
164.001 55.001 51.350 179.179
156.148 56.746 51.350 179.179
145.678 61.109 51.350 179.179
138.698 55.873 51.350 179.179
134.335 48.893 51.350 179.179
139.570 42.785 51.350 179.179
143.060 39.295 51.350 179.179
137.257 26.842 52.486 183.143
141.718 26.842 52.486 183.143
140.826 24.166 52.486 183.143
143.502 25.058 52.486 183.143
146.178 25.950 52.486 183.143
149.747 25.058 52.486 183.143
153.316 25.950 52.486 183.143
153.316 31.303 52.486 183.143
153.875 35.040 51.367 179.238
150.933 39.569 50.271 175.415
150.616 43.145 49.199 171.675
152.811 44.976 48.150 168.014
151.994 46.611 48.150 168.014
150.358 53.152 48.150 168.014
149.541 56.423 48.150 168.014
148.723 59.693 48.150 168.014
150.358 59.693 48.150 168.014
149.541 62.964 48.150 168.014
148.723 65.417 48.150 168.014
147.088 67.870 48.150 168.014
149.541 65.417 48.150 168.014
144.635 70.323 48.150 168.014
140.546 68.687 48.150 168.014
136.458 71.958 48.150 168.014
132.370 70.323 48.150 168.014
129.917 71.958 48.150 168.014
124.194 71.140 48.150 168.014
118.755 68.464 49.216 171.731
114.034 65.729 50.304 175.530
108.348 62.932 51.417 179.414
103.417 58.330 52.555 183.384
102.835 57.193 53.718 187.441
99.188 57.193 53.718 187.441
102.835 59.017 53.718 187.441
98.276 56.281 53.718 187.441
102.496 61.015 52.572 183.444
102.165 64.756 51.451 179.532
105.663 59.509 51.451 179.532
108.835 63.172 50.354 175.703
111.081 59.916 49.280 171.956
110.770 63.424 48.229 168.289
111.589 56.048 48.229 168.289
112.409 52.769 48.229 168.289
117.841 51.285 47.201 164.700
119.146 54.645 46.194 161.188
120.423 54.795 45.209 157.751
118.886 55.564 45.209 157.751
120.905 59.552 44.245 154.387
121.656 61.805 44.245 154.387
124.660 63.307 44.245 154.387
126.634 63.451 43.301 151.094
130.036 64.327 42.378 147.872
129.317 65.766 42.378 147.872
131.476 61.448 42.378 147.872
134.354 60.729 42.378 147.872
135.793 57.850 42.378 147.872
138.672 61.448 42.378 147.872
140.831 63.607 42.378 147.872
142.002 63.745 41.474 144.719
141.298 67.968 41.474 144.719
142.002 71.488 41.474 144.719
144.114 77.119 41.474 144.719
144.114 81.343 41.474 144.719
146.226 84.862 41.474 144.719
147.633 89.086 41.474 144.719
151.153 92.605 41.474 144.719
155.377 86.974 41.474 144.719
160.304 87.678 41.474 144.719
157.488 83.454 41.474 144.719
162.416 84.862 41.474 144.719
165.935 80.639 41.474 144.719
165.231 78.527 41.474 144.719
170.159 76.415 41.474 144.719
168.751 75.711 41.474 144.719
170.159 76.415 41.474 144.719
168.047 78.527 41.474 144.719
165.231 76.415 41.474 144.719
165.674 77.254 40.590 141.633
166.364 81.395 40.590 141.633
163.603 83.466 40.590 141.633
168.434 86.917 40.590 141.633
164.984 81.395 40.590 141.633
160.152 84.156 40.590 141.633
158.772 83.466 40.590 141.633
158.082 84.156 40.590 141.633
160.152 78.635 40.590 141.633
155.321 75.184 40.590 141.633
149.799 72.423 40.590 141.633
150.489 71.733 40.590 141.633
146.348 69.662 40.590 141.633
143.587 68.972 40.590 141.633
143.587 66.901 40.590 141.633
144.968 69.662 40.590 141.633
148.660 70.856 41.488 144.766
146.793 71.366 42.406 147.969
151.111 74.245 42.406 147.969
148.952 74.964 42.406 147.969
149.672 76.404 42.406 147.969
148.232 74.245 42.406 147.969
151.830 73.525 42.406 147.969
153.989 73.525 42.406 147.969
155.428 72.086 42.406 147.969
153.270 73.525 42.406 147.969
157.587 72.806 42.406 147.969
161.185 74.245 42.406 147.969
164.783 70.647 42.406 147.969
162.625 70.647 42.406 147.969
159.746 72.806 42.406 147.969
151.111 67.049 42.406 147.969
141.756 69.208 42.406 147.969
130.962 64.890 42.406 147.969
124.016 63.253 43.344 151.243
116.663 61.782 43.344 151.243
111.516 63.988 43.344 151.243
107.104 65.459 43.344 151.243
104.163 67.665 43.344 151.243
105.634 69.871 43.344 151.243
107.360 70.403 44.303 154.589
108.866 75.674 44.303 154.589
108.866 77.933 44.303 154.589
111.878 80.192 44.303 154.589
113.384 82.450 44.303 154.589
116.396 84.709 44.303 154.589
119.407 86.215 44.303 154.589
121.666 86.968 44.303 154.589
125.431 83.956 44.303 154.589
127.690 81.698 44.303 154.589
132.960 77.933 44.303 154.589
134.466 75.674 44.303 154.589
135.219 75.674 44.303 154.589
136.725 70.403 44.303 154.589
134.466 71.909 44.303 154.589
135.972 66.639 44.303 154.589
132.207 66.639 44.303 154.589
133.433 68.287 43.358 151.293
128.272 64.601 43.358 151.293
124.843 64.402 44.318 154.640
121.551 69.815 43.372 151.342
117.865 72.027 43.372 151.342
113.904 75.852 42.448 148.115
114.356 78.153 41.542 144.956
112.239 79.565 41.542 144.956
112.682 81.817 40.656 141.865
111.301 81.817 40.656 141.865
111.735 84.019 39.789 138.840
111.735 86.725 39.789 138.840
111.058 89.431 39.789 138.840
110.382 87.402 39.789 138.840
110.130 89.559 38.941 135.879
113.188 88.364 38.110 132.981
113.413 85.599 38.954 135.923
110.770 86.921 38.954 135.923
109.203 89.031 38.123 133.025
109.850 85.795 38.123 133.025
103.786 89.802 37.310 130.188
100.620 86.635 37.310 130.188
95.951 89.924 36.514 127.412
89.755 85.586 36.514 127.412
85.417 84.967 36.514 127.412
80.460 82.488 36.514 127.412
78.817 77.981 37.322 130.231
74.604 75.273 38.148 133.112
69.428 75.920 38.148 133.112
74.604 72.685 38.148 133.112
77.840 71.391 38.148 133.112
77.840 73.979 38.148 133.112
79.134 70.097 38.148 133.112
81.722 71.391 38.148 133.112
76.546 75.273 38.148 133.112
79.134 80.450 38.148 133.112
79.134 75.273 38.148 133.112
80.428 80.450 38.148 133.112
81.722 75.273 38.148 133.112
84.310 71.391 38.148 133.112
86.899 73.979 38.148 133.112
97.252 68.803 38.148 133.112
100.065 69.918 38.992 136.057
110.669 64.617 38.992 136.057
110.900 66.425 39.855 139.067
112.930 69.807 39.855 139.067
117.665 73.866 39.855 139.067
116.312 78.602 39.855 139.067
118.341 83.337 39.855 139.067
120.371 77.925 39.855 139.067
119.018 78.602 39.855 139.067
119.443 85.496 39.005 136.102
118.117 92.124 39.005 136.102
115.219 90.261 38.173 133.199
117.166 85.069 38.173 133.199
111.325 90.261 38.173 133.199
111.974 89.612 38.173 133.199
111.974 90.910 38.173 133.199
113.272 90.261 38.173 133.199
117.166 92.857 38.173 133.199
119.763 97.400 38.173 133.199
121.710 103.891 38.173 133.199
124.306 100.645 38.173 133.199
127.551 96.102 38.173 133.199
132.094 101.294 38.173 133.199
137.286 95.453 38.173 133.199
142.478 88.314 38.173 133.199
138.584 90.261 38.173 133.199
140.109 93.980 39.018 136.146
142.760 87.352 39.018 136.146
143.423 90.003 39.018 136.146
138.783 91.992 39.018 136.146
141.434 94.643 39.018 136.146
144.316 86.509 39.881 139.159
159.875 86.509 39.881 139.159
163.258 85.832 39.881 139.159
167.993 85.832 39.881 139.159
163.934 88.538 39.881 139.159
162.816 83.617 40.763 142.237
160.740 91.922 40.763 142.237
160.289 84.120 41.665 145.384
155.334 88.367 41.665 145.384
158.873 94.029 41.665 145.384
164.075 85.343 42.587 148.601
158.539 76.463 43.529 151.889
152.883 76.262 44.492 155.249
154.393 81.546 44.492 155.249
149.864 87.585 44.492 155.249
145.334 83.811 44.492 155.249
140.050 64.938 44.492 155.249
149.109 64.938 44.492 155.249
157.413 62.673 44.492 155.249
166.472 66.448 44.492 155.249
167.701 60.554 43.543 151.939
168.440 68.686 43.543 151.939
176.571 72.382 43.543 151.939
175.832 67.207 43.543 151.939
169.918 62.772 43.543 151.939
176.571 67.946 43.543 151.939
180.268 62.772 43.543 151.939
181.746 67.946 43.543 151.939
166.962 62.772 43.543 151.939
156.613 64.989 43.543 151.939
145.043 54.438 44.507 155.300
130.207 54.985 45.492 158.736
120.433 58.637 46.498 162.248
117.273 57.846 46.498 162.248
111.741 59.427 46.498 162.248
107.790 61.797 46.498 162.248
109.371 62.588 46.498 162.248
109.371 62.588 46.498 162.248
111.741 63.378 46.498 162.248
116.482 64.958 46.498 162.248
118.853 65.748 46.498 162.248
122.804 70.490 46.498 162.248
125.965 68.909 46.498 162.248
128.335 71.280 46.498 162.248
128.335 75.231 46.498 162.248
129.125 73.650 46.498 162.248
130.982 67.904 47.527 165.838
135.021 48.516 47.527 165.838
139.868 38.014 47.527 165.838
143.381 31.333 48.578 169.507
148.027 29.838 47.542 165.893
148.027 29.030 47.542 165.893
150.450 29.030 47.542 165.893
149.643 31.454 47.542 165.893
145.603 37.916 47.542 165.893
143.988 37.109 47.542 165.893
139.422 38.505 48.594 169.563
133.932 55.615 49.669 173.314
131.696 57.071 50.768 177.149
128.546 56.836 51.892 181.068
127.972 55.714 53.040 185.075
130.086 55.466 54.213 189.169
130.086 55.466 54.213 189.169
130.086 55.466 54.213 189.169
128.242 53.623 54.213 189.169
127.321 54.545 54.213 189.169
130.086 55.466 54.213 189.169
131.929 55.466 54.213 189.169
133.772 58.231 54.213 189.169
135.615 56.388 54.213 189.169
138.036 63.013 53.057 185.135
138.938 56.699 53.057 185.135
140.742 58.503 53.057 185.135
141.644 57.601 53.057 185.135
138.938 56.699 53.057 185.135
138.036 54.895 53.057 185.135
134.428 53.993 53.057 185.135
135.330 52.189 53.057 185.135
131.722 52.189 53.057 185.135
131.722 50.385 53.057 185.135
129.919 47.679 53.057 185.135
129.017 54.895 53.057 185.135
129.919 56.699 53.057 185.135
130.820 56.699 53.057 185.135
131.722 61.209 53.057 185.135
135.330 63.915 53.057 185.135
141.644 66.621 53.057 185.135
142.546 67.523 53.057 185.135
142.546 67.523 53.057 185.135
140.742 68.424 53.057 185.135
138.938 65.719 53.057 185.135
135.330 62.111 53.057 185.135
130.820 60.307 53.057 185.135
126.626 52.847 54.231 189.231
122.018 52.847 54.231 189.231
122.018 52.847 54.231 189.231
115.567 47.318 54.231 189.231
110.037 43.631 54.231 189.231
106.351 40.867 54.231 189.231
106.351 38.102 54.231 189.231
102.665 37.180 54.231 189.231
99.900 37.180 54.231 189.231
101.743 37.180 54.231 189.231
100.822 38.102 54.231 189.231
101.743 37.180 54.231 189.231
103.586 37.180 54.231 189.231
102.665 37.180 54.231 189.231
102.665 37.180 54.231 189.231
99.900 35.337 54.231 189.231
100.822 38.102 54.231 189.231
98.979 34.416 54.231 189.231
98.979 37.180 54.231 189.231
98.979 39.023 54.231 189.231
98.979 42.710 54.231 189.231
100.822 36.259 54.231 189.231
103.586 40.867 54.231 189.231
106.351 46.396 54.231 189.231
110.959 40.867 54.231 189.231
114.645 45.474 54.231 189.231
116.488 49.161 54.231 189.231
119.253 39.945 54.231 189.231
122.018 44.553 54.231 189.231
124.783 51.004 54.231 189.231
128.469 42.710 54.231 189.231
129.969 50.257 53.074 185.196
130.871 54.767 53.074 185.196
135.380 46.649 53.074 185.196
133.576 51.159 53.074 185.196
135.380 45.747 53.074 185.196
137.184 50.257 53.074 185.196
139.890 52.061 53.074 185.196
141.694 44.845 53.074 185.196
157.027 69.198 53.074 185.196
152.518 70.100 53.074 185.196
148.008 67.394 53.074 185.196
140.456 72.977 51.943 181.247
133.951 71.380 50.835 177.382
132.768 79.310 49.751 173.599
129.073 82.852 48.690 169.897
131.555 80.369 48.690 169.897
129.592 87.146 47.652 166.274
129.290 92.158 46.635 162.728
128.203 90.724 45.641 159.258
128.203 95.371 45.641 159.258
127.429 92.273 45.641 159.258
131.013 96.295 44.668 155.861
133.007 94.163 43.715 152.538
135.703 92.816 42.783 149.285
140.067 90.634 42.783 149.285
145.160 87.724 42.783 149.285
142.250 90.634 42.783 149.285
150.979 87.724 42.783 149.285
158.254 85.542 42.783 149.285
166.256 81.905 42.783 149.285
170.147 78.071 43.729 152.588
173.120 79.557 43.729 152.588
176.835 78.814 43.729 152.588
180.551 81.787 43.729 152.588
187.239 83.273 43.729 152.588
193.927 80.300 43.729 152.588
196.900 75.841 43.729 152.588
200.616 80.300 43.729 152.588
202.102 81.043 43.729 152.588
204.331 82.530 43.729 152.588
208.306 83.814 44.697 155.964
207.548 86.091 44.697 155.964
209.065 90.644 44.697 155.964
211.342 86.091 44.697 155.964
223.483 89.885 44.697 155.964
217.412 84.573 44.697 155.964
213.336 82.442 43.744 152.638
226.712 83.928 43.744 152.638
224.483 85.415 43.744 152.638
225.969 82.442 43.744 152.638
220.767 76.497 43.744 152.638
223.740 73.524 43.744 152.638
224.483 75.011 43.744 152.638
220.024 64.607 43.744 152.638
214.079 54.946 43.744 152.638
211.107 49.744 43.744 152.638
204.418 40.083 43.744 152.638
213.336 46.771 43.744 152.638
220.767 59.405 43.744 152.638
211.850 46.771 43.744 152.638
209.620 48.258 43.744 152.638
208.134 40.083 43.744 152.638
206.648 43.056 43.744 152.638
201.446 36.367 43.744 152.638
197.730 38.597 43.744 152.638
192.251 48.399 42.811 149.383
192.708 58.721 41.898 146.197
194.131 65.839 41.898 146.197
188.437 70.109 41.898 146.197
182.743 72.956 41.898 146.197
