347.000 58.000 103.000 251.000
344.275 58.000 103.000 251.000
342.912 58.000 103.000 251.000
338.824 58.000 103.000 251.000
336.098 58.000 103.000 251.000
329.284 58.000 103.000 251.000
325.196 59.363 103.000 251.000
318.382 60.725 103.000 251.000
315.657 60.725 103.000 251.000
310.206 60.725 103.000 251.000
308.843 60.725 103.000 251.000
302.029 62.088 103.000 251.000
299.304 64.814 103.000 251.000
302.029 64.814 103.000 251.000
293.853 64.814 103.000 251.000
293.853 67.539 103.000 251.000
284.314 68.902 103.000 251.000
291.127 59.363 103.000 251.000
287.039 60.725 103.000 251.000
285.676 59.363 103.000 251.000
289.765 55.275 103.000 251.000
295.216 56.637 103.000 251.000
293.853 55.275 103.000 251.000
293.853 58.000 103.000 251.000
291.351 59.312 105.279 256.553
295.527 55.135 105.279 256.553
298.312 59.312 105.279 256.553
303.880 48.174 105.279 256.553
319.194 42.606 105.279 256.553
323.370 37.037 105.279 256.553
319.194 37.037 105.279 256.553
323.370 35.645 105.279 256.553
316.410 32.861 105.279 256.553
312.233 35.645 105.279 256.553
316.410 31.468 105.279 256.553
309.449 32.861 105.279 256.553
310.841 31.468 105.279 256.553
310.841 31.468 105.279 256.553
324.763 34.253 105.279 256.553
323.370 38.429 105.279 256.553
324.493 45.341 103.034 251.082
323.130 80.773 103.034 251.082
325.856 78.047 103.034 251.082
327.218 71.233 103.034 251.082
338.120 60.331 103.034 251.082
332.669 58.969 103.034 251.082
357.199 50.792 103.034 251.082
351.484 61.646 100.837 245.728
356.817 52.313 100.837 245.728
350.150 49.646 100.837 245.728
344.817 48.313 100.837 245.728
347.484 48.313 100.837 245.728
353.892 52.266 98.686 240.488
356.504 54.878 98.686 240.488
349.975 56.184 98.686 240.488
352.586 57.489 98.686 240.488
359.116 53.572 98.686 240.488
359.116 54.878 98.686 240.488
355.198 45.737 98.686 240.488
360.422 43.125 98.686 240.488
364.339 39.207 98.686 240.488
365.645 37.901 98.686 240.488
373.480 44.431 98.686 240.488
372.175 43.125 98.686 240.488
369.563 41.819 98.686 240.488
365.645 40.513 98.686 240.488
359.116 41.819 98.686 240.488
353.892 39.207 98.686 240.488
344.751 37.901 98.686 240.488
339.528 37.901 98.686 240.488
330.386 37.901 98.686 240.488
324.909 40.465 96.582 235.359
319.547 44.253 94.522 230.340
315.794 41.752 94.522 230.340
312.041 40.501 94.522 230.340
312.041 40.501 94.522 230.340
308.288 37.999 94.522 230.340
308.288 36.748 94.522 230.340
304.535 37.999 94.522 230.340
305.786 37.999 94.522 230.340
307.037 35.497 94.522 230.340
304.292 39.204 92.506 225.428
311.396 45.278 90.534 220.621
310.198 46.476 90.534 220.621
310.198 46.476 90.534 220.621
311.396 44.080 90.534 220.621
314.990 39.288 90.534 220.621
317.386 38.090 90.534 220.621
320.980 45.278 90.534 220.621
322.178 46.476 90.534 220.621
324.574 51.268 90.534 220.621
324.574 52.466 90.534 220.621
320.980 53.664 90.534 220.621
322.178 52.466 90.534 220.621
323.376 52.466 90.534 220.621
323.376 53.664 90.534 220.621
324.574 53.664 90.534 220.621
326.970 53.664 90.534 220.621
323.376 52.466 90.534 220.621
326.970 52.466 90.534 220.621
318.584 46.476 90.534 220.621
322.178 46.476 90.534 220.621
314.990 41.684 90.534 220.621
314.990 40.486 90.534 220.621
304.208 36.892 90.534 220.621
301.812 36.892 90.534 220.621
298.218 35.694 90.534 220.621
295.821 35.694 90.534 220.621
289.831 33.297 90.534 220.621
292.227 34.496 90.534 220.621
285.039 32.099 90.534 220.621
284.806 33.254 88.603 215.916
283.634 32.081 88.603 215.916
284.806 32.081 88.603 215.916
283.406 30.866 86.713 211.311
285.700 30.866 86.713 211.311
288.919 31.972 84.864 206.805
293.194 33.053 83.055 202.395
298.685 31.955 83.055 202.395
299.783 30.857 83.055 202.395
305.273 30.857 83.055 202.395
307.469 31.955 83.055 202.395
315.155 34.152 83.055 202.395
314.057 35.250 83.055 202.395
319.547 29.759 83.055 202.395
319.547 30.857 83.055 202.395
326.135 31.955 83.055 202.395
328.332 30.857 83.055 202.395
329.430 31.955 83.055 202.395
331.413 34.114 81.283 198.079
335.719 34.114 81.283 198.079
335.719 33.037 81.283 198.079
336.586 30.843 79.550 193.855
334.275 29.751 77.854 189.721
337.164 27.657 76.193 185.675
335.961 29.636 74.568 181.715
334.783 24.670 72.978 177.840
337.491 24.637 71.422 174.048
332.765 21.802 71.422 174.048
330.692 22.712 69.899 170.336
325.884 25.454 68.408 166.704
324.978 25.454 68.408 166.704
324.802 23.608 66.949 163.149
323.743 24.461 65.522 159.669
320.276 21.861 65.522 159.669
321.842 20.097 64.124 156.264
320.993 18.399 64.124 156.264
320.144 17.550 64.124 156.264
324.389 16.701 64.124 156.264
318.446 15.852 64.124 156.264
319.295 15.003 64.124 156.264
317.597 16.701 64.124 156.264
317.597 18.399 64.124 156.264
317.597 20.097 64.124 156.264
318.446 20.946 64.124 156.264
319.295 21.795 64.124 156.264
316.038 48.084 65.543 159.722
320.513 87.051 66.993 163.256
337.498 100.311 68.476 166.868
341.269 98.465 69.991 170.560
337.567 87.359 69.991 170.560
344.971 90.136 69.991 170.560
354.973 96.582 68.498 166.922
355.703 99.268 67.037 163.363
351.986 91.261 65.608 159.879
345.906 89.523 65.608 159.879
356.329 90.392 65.608 159.879
364.147 92.129 65.608 159.879
369.359 83.443 65.608 159.879
365.016 82.574 65.608 159.879
373.702 82.574 65.608 159.879
371.096 82.574 65.608 159.879
351.986 83.443 65.608 159.879
356.329 13.084 65.608 159.879
355.461 9.610 65.608 159.879
354.592 9.610 65.608 159.879
350.249 9.610 65.608 159.879
349.523 7.841 67.059 163.416
351.446 1.592 68.543 167.032
352.354 2.500 68.543 167.032
353.262 3.408 68.543 167.032
364.156 69.680 68.543 167.032
368.845 69.648 70.059 170.727
369.925 63.122 71.610 174.505
366.291 63.086 73.194 178.366
360.638 58.207 74.813 182.312
358.658 56.226 74.813 182.312
356.678 57.217 74.813 182.312
350.736 60.187 74.813 182.312
340.835 66.128 74.813 182.312
350.736 62.168 74.813 182.312
362.619 60.187 74.813 182.312
361.629 63.158 74.813 182.312
361.791 58.170 76.469 186.346
359.768 62.217 76.469 186.346
356.898 56.109 78.160 190.469
353.798 61.276 78.160 190.469
348.800 54.002 79.890 194.683
359.369 47.661 79.890 194.683
362.539 48.717 79.890 194.683
360.426 43.433 79.890 194.683
369.732 47.623 78.186 190.531
380.085 48.658 78.186 190.531
383.191 50.729 78.186 190.531
377.150 51.727 79.916 194.746
362.527 58.027 81.684 199.055
360.543 50.423 83.491 203.459
361.827 57.004 85.339 207.961
328.130 49.056 87.227 212.562
327.165 37.466 89.157 217.265
327.359 27.980 91.129 222.072
329.968 37.582 93.145 226.985
331.405 32.604 95.206 232.007
330.352 27.520 97.313 237.140
332.928 24.943 97.313 237.140
336.793 32.673 97.313 237.140
336.793 36.538 97.313 237.140
335.504 39.114 97.313 237.140
335.504 36.538 97.313 237.140
330.352 41.691 97.313 237.140
335.504 35.249 97.313 237.140
338.081 27.520 97.313 237.140
338.293 23.608 99.466 242.387
334.346 26.240 99.466 242.387
339.608 22.293 99.466 242.387
343.555 27.555 99.466 242.387
346.402 22.243 101.666 247.750
353.128 27.623 101.666 247.750
358.508 22.243 101.666 247.750
364.109 24.882 103.916 253.232
366.858 20.759 103.916 253.232
359.985 31.755 103.916 253.232
355.862 26.257 103.916 253.232
351.472 35.829 101.700 247.831
344.746 23.724 101.700 247.831
347.176 41.162 99.531 242.546
340.331 46.384 97.408 237.374
334.929 47.626 95.331 232.312
332.407 46.366 95.331 232.312
332.407 43.844 95.331 232.312
332.407 47.626 95.331 232.312
324.842 46.366 95.331 232.312
321.060 42.583 95.331 232.312
312.234 38.801 95.331 232.312
317.278 36.279 95.331 232.312
312.234 42.583 95.331 232.312
313.495 41.323 95.331 232.312
307.191 50.148 95.331 232.312
309.713 45.105 95.331 232.312
299.627 43.844 95.331 232.312
304.670 42.583 95.331 232.312
312.234 40.062 95.331 232.312
305.686 50.104 93.298 227.358
311.863 52.574 93.298 227.358
305.446 53.763 91.309 222.509
315.108 54.971 91.309 222.509
324.771 61.010 91.309 222.509
335.642 67.049 91.309 222.509
342.889 69.465 91.309 222.509
350.136 75.504 91.309 222.509
347.720 75.504 91.309 222.509
343.862 76.669 89.361 217.764
337.721 75.444 87.456 213.120
335.407 73.130 87.456 213.120
330.780 68.503 87.456 213.120
326.153 74.287 87.456 213.120
320.368 68.503 87.456 213.120
313.616 74.243 89.391 217.835
315.981 69.514 89.391 217.835
324.258 77.790 89.391 217.835
320.711 73.061 89.391 217.835
323.075 84.884 89.391 217.835
319.528 83.702 89.391 217.835
312.434 86.067 89.391 217.835
313.616 90.796 89.391 217.835
305.340 87.249 89.391 217.835
299.622 81.292 91.368 222.655
297.401 84.878 93.390 227.581
299.872 83.643 93.390 227.581
299.872 76.231 93.390 227.581
299.872 71.290 93.390 227.581
302.342 72.525 93.390 227.581
296.166 71.290 93.390 227.581
289.989 70.054 93.390 227.581
286.044 72.481 91.398 222.728
276.366 70.061 91.398 222.728
279.995 76.110 91.398 222.728
281.205 74.901 91.398 222.728
284.834 79.740 91.398 222.728
290.883 77.320 91.398 222.728
294.513 76.110 91.398 222.728
303.956 76.066 89.449 217.978
305.140 74.881 89.449 217.978
307.278 74.837 87.542 213.330
303.576 73.635 85.675 208.781
306.756 73.595 83.848 204.328
307.651 80.213 82.060 199.971
308.737 78.040 82.060 199.971
307.439 80.172 80.310 195.706
308.296 89.698 78.597 191.533
311.413 87.620 78.597 191.533
313.290 95.897 76.921 187.448
318.379 97.933 76.921 187.448
323.467 103.021 76.921 187.448
317.361 105.056 76.921 187.448
313.290 105.056 76.921 187.448
312.273 106.074 76.921 187.448
308.202 104.039 76.921 187.448
302.096 104.039 76.921 187.448
291.920 99.968 76.921 187.448
283.779 93.862 76.921 187.448
280.892 50.065 78.623 191.596
282.975 50.065 78.623 191.596
288.181 51.106 78.623 191.596
291.304 51.106 78.623 191.596
292.345 50.065 78.623 191.596
295.469 93.794 78.623 191.596
296.510 99.000 78.623 191.596
289.393 96.881 80.363 195.835
294.707 96.881 80.363 195.835
297.006 93.651 82.141 200.168
294.834 93.651 82.141 200.168
290.489 96.910 82.141 200.168
290.489 94.738 82.141 200.168
291.575 92.565 82.141 200.168
295.920 95.824 82.141 200.168
298.092 93.651 82.141 200.168
294.834 89.306 82.141 200.168
299.179 88.220 82.141 200.168
293.747 87.134 82.141 200.168
300.265 90.393 82.141 200.168
310.042 91.479 82.141 200.168
319.818 89.306 82.141 200.168
328.508 91.479 82.141 200.168
330.681 94.738 82.141 200.168
336.112 95.824 82.141 200.168
335.026 100.169 82.141 200.168
337.198 102.342 82.141 200.168
338.285 102.342 82.141 200.168
337.198 102.342 82.141 200.168
337.198 104.514 82.141 200.168
335.026 108.859 82.141 200.168
330.470 115.339 80.389 195.899
323.888 118.490 78.675 191.721
320.562 119.493 76.997 187.633
295.072 69.533 76.997 187.633
303.229 68.513 76.997 187.633
307.307 69.533 76.997 187.633
310.366 72.591 76.997 187.633
315.464 74.631 76.997 187.633
312.406 79.729 76.997 187.633
308.327 77.689 76.997 187.633
286.915 72.591 76.997 187.633
281.985 65.418 78.700 191.784
284.907 73.710 77.022 187.694
283.887 76.768 77.022 187.694
284.907 76.768 77.022 187.694
288.985 73.710 77.022 187.694
284.907 70.651 77.022 187.694
279.976 69.594 78.726 191.847
271.647 72.718 78.726 191.847
261.235 82.088 78.726 191.847
265.400 76.882 78.726 191.847
268.523 74.800 78.726 191.847
277.894 70.635 78.726 191.847
281.017 69.594 78.726 191.847
282.229 68.513 80.468 196.092
285.423 64.254 80.468 196.092
288.617 64.254 80.468 196.092
290.746 65.319 80.468 196.092
297.135 66.384 80.468 196.092
302.458 66.384 80.468 196.092
307.782 67.448 80.468 196.092
313.105 67.448 80.468 196.092
320.558 69.578 80.468 196.092
324.817 66.384 80.468 196.092
330.141 67.448 80.468 196.092
330.141 66.384 80.468 196.092
329.250 66.344 82.248 200.430
328.340 63.038 84.068 204.865
330.564 68.597 84.068 204.865
332.788 70.821 84.068 204.865
331.676 77.491 84.068 204.865
337.235 74.156 84.068 204.865
333.899 76.379 84.068 204.865
331.676 75.268 84.068 204.865
328.340 73.044 84.068 204.865
323.893 71.932 84.068 204.865
330.564 63.038 84.068 204.865
328.522 59.660 85.928 209.397
333.071 56.248 85.928 209.397
325.110 59.660 85.928 209.397
335.532 58.481 87.829 214.030
337.858 60.806 87.829 214.030
328.556 54.993 87.829 214.030
322.933 52.625 89.772 218.766
331.446 44.264 91.759 223.606
307.172 21.203 91.759 223.606
306.157 35.721 93.789 228.553
305.119 36.917 95.864 233.610
296.239 43.260 95.864 233.610
291.164 41.991 95.864 233.610
298.776 40.722 95.864 233.610
288.627 43.260 95.864 233.610
292.433 44.528 95.864 233.610
292.433 43.260 95.864 233.610
289.896 43.260 95.864 233.610
291.164 44.528 95.864 233.610
286.090 45.797 95.864 233.610
287.112 48.288 93.820 228.628
276.942 54.449 91.819 223.753
273.295 59.312 91.819 223.753
267.216 62.959 91.819 223.753
261.138 65.390 91.819 223.753
253.844 66.606 91.819 223.753
246.549 67.822 91.819 223.753
240.471 61.743 91.819 223.753
238.040 59.312 91.819 223.753
235.608 56.881 91.819 223.753
233.177 55.665 91.819 223.753
228.314 56.881 91.819 223.753
230.509 60.482 89.861 218.981
231.467 64.005 87.944 214.311
228.916 68.616 86.069 209.741
228.916 69.755 86.069 209.741
227.777 69.755 86.069 209.741
223.220 66.337 86.069 209.741
223.220 64.059 86.069 209.741
217.524 61.780 86.069 209.741
214.107 62.920 86.069 209.741
212.967 66.337 86.069 209.741
214.107 68.616 86.069 209.741
217.524 73.173 86.069 209.741
216.385 74.312 86.069 209.741
215.246 75.451 86.069 209.741
212.967 75.451 86.069 209.741
209.550 74.312 86.069 209.741
209.550 72.033 86.069 209.741
208.411 70.894 86.069 209.741
211.828 70.894 86.069 209.741
213.885 74.270 84.234 205.268
215.181 69.772 86.097 209.810
221.795 75.426 84.261 205.336
226.258 76.542 84.261 205.336
235.183 78.773 84.261 205.336
240.762 79.889 84.261 205.336
244.109 78.773 84.261 205.336
239.429 82.079 82.464 200.957
240.308 86.406 80.706 196.671
239.031 90.640 78.985 192.477
234.648 96.873 77.300 188.372
238.742 90.731 77.300 188.372
232.601 95.849 77.300 188.372
224.413 101.990 77.300 188.372
216.224 123.484 77.300 188.372
216.393 126.518 79.011 192.540
247.746 93.075 79.011 192.540
251.723 96.173 77.326 188.434
306.994 86.961 77.326 188.434
309.041 84.914 77.326 188.434
315.182 84.914 77.326 188.434
322.347 86.961 77.326 188.434
335.653 82.867 77.326 188.434
337.700 79.797 77.326 188.434
313.303 69.524 79.036 192.603
287.347 70.528 80.785 196.865
305.688 65.145 82.572 201.220
310.057 65.145 82.572 201.220
302.412 66.237 82.572 201.220
306.569 66.198 80.812 196.929
307.637 68.335 80.812 196.929
315.979 68.298 79.088 192.730
319.121 68.298 79.088 192.730
