162.000 188.000 34.000 84.000
161.545 187.545 34.000 84.000
162.000 188.000 34.000 84.000
161.545 187.545 34.000 84.000
161.545 187.545 34.000 84.000
161.545 187.545 34.000 84.000
161.545 186.635 34.000 84.000
161.090 186.635 34.000 84.000
160.635 186.635 34.000 84.000
160.635 186.180 34.000 84.000
160.635 185.271 34.000 84.000
160.180 184.816 34.000 84.000
160.180 185.725 34.000 84.000
160.180 186.180 34.000 84.000
160.180 184.816 34.000 84.000
159.725 184.816 34.000 84.000
159.725 186.180 34.000 84.000
158.361 185.271 34.000 84.000
158.816 186.635 34.000 84.000
159.271 188.000 34.000 84.000
159.271 188.455 34.000 84.000
160.180 189.365 34.000 84.000
159.271 188.455 34.000 84.000
159.725 188.000 34.000 84.000
159.725 186.635 34.000 84.000
157.906 184.816 34.000 84.000
158.361 187.090 34.000 84.000
157.530 184.341 34.752 85.859
158.459 185.271 34.752 85.859
163.106 187.130 34.752 85.859
165.894 185.271 34.752 85.859
167.753 184.806 34.752 85.859
166.359 185.271 34.752 85.859
164.500 184.806 34.752 85.859
164.036 186.665 34.752 85.859
161.712 189.453 34.752 85.859
158.459 189.918 34.752 85.859
175.189 187.130 34.752 85.859
171.471 186.200 34.752 85.859
166.359 187.130 34.752 85.859
162.642 188.988 34.752 85.859
159.389 190.383 34.752 85.859
156.600 190.383 34.752 85.859
153.347 191.312 34.752 85.859
148.700 193.171 34.752 85.859
157.065 192.241 34.752 85.859
156.136 192.241 34.752 85.859
155.206 189.918 34.752 85.859
154.183 190.369 34.011 84.028
152.271 193.084 33.286 82.236
148.265 195.755 33.286 82.236
153.606 191.749 33.286 82.236
156.722 190.414 33.286 82.236
153.606 191.304 33.286 82.236
150.936 192.194 33.286 82.236
148.265 192.639 33.286 82.236
146.485 193.529 33.286 82.236
145.594 192.639 33.286 82.236
148.265 191.304 33.286 82.236
149.155 190.414 33.286 82.236
146.039 189.078 33.286 82.236
143.891 187.278 34.022 84.055
143.514 185.894 34.775 85.915
142.585 186.823 34.775 85.915
140.726 186.358 34.775 85.915
138.403 187.288 34.775 85.915
137.938 187.752 34.775 85.915
139.877 186.802 35.544 87.816
138.453 186.802 35.544 87.816
135.132 186.327 35.544 87.816
130.387 190.124 35.544 87.816
129.438 190.124 35.544 87.816
127.146 188.678 36.331 89.759
127.146 190.131 36.331 89.759
127.713 189.622 37.135 91.745
143.673 187.119 37.956 93.774
155.814 185.601 37.956 93.774
159.355 185.601 37.956 93.774
161.885 183.578 37.956 93.774
166.438 184.083 37.956 93.774
165.006 182.540 38.796 95.849
165.524 180.987 38.796 95.849
168.629 179.434 38.796 95.849
171.735 182.023 38.796 95.849
174.841 181.505 38.796 95.849
180.431 181.492 37.969 93.805
183.986 180.476 37.969 93.805
188.049 183.015 37.969 93.805
189.572 186.570 37.969 93.805
190.080 184.031 37.969 93.805
195.056 183.507 37.159 91.805
197.932 182.998 36.367 89.847
198.905 182.026 36.367 89.847
199.391 181.539 36.367 89.847
198.905 185.429 36.367 89.847
198.016 183.949 37.171 91.835
196.117 184.422 37.994 93.867
197.640 186.453 37.994 93.867
197.133 185.945 37.994 93.867
196.117 185.945 37.994 93.867
196.117 183.914 37.994 93.867
195.609 183.406 37.994 93.867
198.656 181.882 37.994 93.867
196.625 182.898 37.994 93.867
199.759 180.844 38.834 95.943
197.777 179.783 39.693 98.066
201.483 178.724 39.693 98.066
200.424 178.194 39.693 98.066
203.071 176.077 39.693 98.066
205.718 174.488 39.693 98.066
205.279 172.345 40.572 100.236
204.738 173.427 40.572 100.236
208.077 169.071 41.469 102.454
208.171 169.044 42.387 104.720
211.571 167.910 42.387 104.720
212.138 167.910 42.387 104.720
214.971 166.210 42.387 104.720
215.538 164.510 42.387 104.720
216.671 165.077 42.387 104.720
218.371 164.510 42.387 104.720
219.505 162.244 42.387 104.720
220.071 162.810 42.387 104.720
221.657 164.494 41.483 102.487
222.099 163.367 40.598 100.302
221.558 164.990 40.598 100.302
221.017 164.990 40.598 100.302
220.475 165.532 40.598 100.302
219.485 161.716 41.497 102.521
218.930 163.381 41.497 102.521
217.820 160.606 41.497 102.521
219.485 161.161 41.497 102.521
220.595 161.716 41.497 102.521
219.026 159.472 42.415 104.789
220.045 162.289 41.510 102.554
218.935 160.625 41.510 102.554
221.710 160.070 41.510 102.554
221.710 160.625 41.510 102.554
221.710 160.625 41.510 102.554
221.155 161.735 41.510 102.554
220.600 162.844 41.510 102.554
219.586 160.600 42.429 104.823
219.683 159.440 43.367 107.143
220.360 158.834 44.327 109.513
220.462 155.846 45.307 111.936
219.856 157.663 45.307 111.936
221.068 157.057 45.307 111.936
219.856 156.452 45.307 111.936
219.250 158.269 45.307 111.936
219.856 157.663 45.307 111.936
219.250 158.269 45.307 111.936
218.038 158.875 45.307 111.936
216.221 159.481 45.307 111.936
216.221 159.481 45.307 111.936
218.038 159.481 45.307 111.936
221.068 160.087 45.307 111.936
222.885 160.087 45.307 111.936
224.097 161.904 45.307 111.936
224.703 163.116 45.307 111.936
224.097 161.299 45.307 111.936
225.915 163.722 45.307 111.936
226.521 164.328 45.307 111.936
225.309 164.328 45.307 111.936
224.703 164.328 45.307 111.936
223.491 163.722 45.307 111.936
222.280 164.934 45.307 111.936
222.885 165.540 45.307 111.936
219.856 161.904 45.307 111.936
216.827 161.299 45.307 111.936
216.221 158.875 45.307 111.936
214.403 158.875 45.307 111.936
214.403 157.057 45.307 111.936
218.143 154.001 46.310 114.413
222.572 153.353 47.335 116.944
223.203 155.248 47.335 116.944
223.942 150.797 48.382 119.532
225.878 151.442 48.382 119.532
228.974 154.007 47.350 116.982
247.915 155.270 47.350 116.982
252.966 152.744 47.350 116.982
281.251 155.254 46.340 114.488
288.067 154.015 46.340 114.488
293.024 153.395 46.340 114.488
286.083 156.475 45.352 112.046
289.596 153.428 44.385 109.657
292.066 155.768 45.367 112.083
296.913 157.586 45.367 112.083
299.440 155.134 46.371 114.563
302.645 151.388 47.397 117.098
305.287 150.726 48.445 119.688
307.987 146.814 49.517 122.336
313.140 145.475 48.461 119.728
311.846 142.887 48.461 119.728
317.022 146.122 48.461 119.728
320.258 144.181 48.461 119.728
324.787 140.299 48.461 119.728
325.434 137.064 48.461 119.728
330.611 140.299 48.461 119.728
333.846 139.005 48.461 119.728
335.140 139.005 48.461 119.728
335.251 135.092 49.533 122.377
334.703 131.756 50.629 125.084
334.027 131.079 50.629 125.084
335.496 131.049 51.749 127.852
331.355 129.668 51.749 127.852
333.425 128.288 51.749 127.852
334.233 124.803 52.894 130.680
335.645 124.097 52.894 130.680
336.351 124.803 52.894 130.680
337.057 122.685 52.894 130.680
339.174 121.274 52.894 130.680
339.880 119.862 52.894 130.680
342.562 122.667 51.766 127.894
343.254 121.283 51.766 127.894
345.331 119.898 51.766 127.894
348.099 117.822 51.766 127.894
350.176 119.206 51.766 127.894
311.415 117.822 51.766 127.894
307.954 121.975 51.766 127.894
310.723 126.128 51.766 127.894
311.415 128.896 51.766 127.894
312.919 128.174 52.912 130.723
314.451 126.728 54.082 133.615
317.337 126.006 54.082 133.615
341.871 123.120 54.082 133.615
348.365 120.955 54.082 133.615
351.251 118.790 54.082 133.615
346.777 125.988 52.929 130.766
341.956 121.717 54.100 133.659
342.677 115.945 54.100 133.659
338.925 121.699 52.946 130.809
419.476 128.049 51.817 128.019
416.567 129.414 50.712 125.289
415.891 128.061 50.712 125.289
413.726 134.132 49.631 122.618
410.278 132.126 48.573 120.003
409.498 130.810 47.537 117.444
406.322 128.268 47.537 117.444
403.145 128.904 47.537 117.444
401.111 131.427 46.523 114.939
398.499 132.031 45.531 112.488
395.460 133.854 45.531 112.488
392.906 132.014 44.560 110.089
390.530 132.014 44.560 110.089
394.095 135.579 44.560 110.089
404.195 134.391 44.560 110.089
434.970 146.853 43.610 107.741
436.717 137.535 43.610 107.741
439.629 139.282 43.610 107.741
460.593 141.612 43.610 107.741
462.923 143.941 43.610 107.741
454.770 145.106 43.610 107.741
446.617 145.688 43.610 107.741
434.970 145.688 43.610 107.741
427.981 145.106 43.610 107.741
415.635 150.331 42.680 105.444
411.739 145.170 43.624 107.777
420.474 148.082 43.624 107.777
450.174 148.665 43.624 107.777
451.921 149.247 43.624 107.777
466.480 149.247 43.624 107.777
463.568 149.247 43.624 107.777
460.657 148.665 43.624 107.777
461.821 149.829 43.624 107.777
468.227 150.994 43.624 107.777
479.292 153.323 43.624 107.777
483.951 153.906 43.624 107.777
483.951 155.070 43.624 107.777
498.975 151.561 42.694 105.478
497.263 154.414 42.694 105.478
496.006 153.827 41.783 103.229
495.448 154.944 41.783 103.229
498.801 156.062 41.783 103.229
495.544 157.714 42.708 105.513
472.150 156.573 42.708 105.513
469.753 158.839 41.797 103.263
458.673 158.256 42.722 105.548
448.973 158.256 42.722 105.548
447.261 149.697 42.722 105.548
451.255 151.409 42.722 105.548
427.959 153.094 43.667 107.883
427.376 154.841 43.667 107.883
429.805 158.306 44.633 110.270
412.995 157.098 43.681 107.918
407.754 155.933 43.681 107.918
408.435 151.827 44.648 110.306
406.153 148.819 45.635 112.746
395.786 148.209 45.635 112.746
396.273 153.070 44.662 110.342
393.292 150.090 44.662 110.342
384.453 147.677 45.650 112.783
383.234 146.457 45.650 112.783
377.745 148.897 45.650 112.783
369.818 151.336 45.650 112.783
365.044 147.039 46.660 115.279
363.671 154.504 45.665 112.820
358.670 158.146 44.692 110.414
367.015 160.530 44.692 110.414
360.458 158.146 44.692 110.414
352.709 158.146 44.692 110.414
346.152 159.338 44.692 110.414
337.092 160.515 43.738 108.060
330.180 157.567 44.706 110.451
326.604 158.759 44.706 110.451
330.061 158.148 43.753 108.095
318.375 158.733 43.753 108.095
312.531 158.148 43.753 108.095
305.520 158.733 43.753 108.095
302.014 159.901 43.753 108.095
297.806 161.638 42.820 105.790
293.798 161.638 42.820 105.790
291.392 163.339 41.907 103.534
294.281 161.635 42.834 105.825
291.991 160.490 42.834 105.825
289.585 162.763 41.920 103.568
261.644 158.851 41.920 103.568
253.820 158.851 41.920 103.568
247.673 155.498 41.920 103.568
239.850 142.645 41.920 103.568
235.938 139.292 41.920 103.568
238.173 143.204 41.920 103.568
235.938 140.410 41.920 103.568
232.680 136.470 42.848 105.859
231.992 135.881 41.934 103.602
231.431 140.368 41.934 103.602
231.431 137.564 41.934 103.602
226.481 135.857 42.862 105.894
226.007 130.678 43.810 108.237
225.422 135.936 43.810 108.237
224.254 132.431 43.810 108.237
218.878 128.326 42.876 105.929
220.121 122.001 43.825 108.273
224.679 124.908 42.890 105.964
224.106 128.916 42.890 105.964
225.708 134.054 41.975 103.704
227.391 131.811 41.975 103.704
223.913 135.160 41.080 101.492
221.606 140.085 40.204 99.328
223.646 138.458 39.347 97.210
222.595 133.203 39.347 97.210
225.223 135.830 39.347 97.210
228.376 133.203 39.347 97.210
238.254 133.714 38.508 95.137
240.309 132.687 38.508 95.137
243.391 131.659 38.508 95.137
245.960 134.228 38.508 95.137
245.960 132.173 38.508 95.137
293.736 130.632 38.508 95.137
298.360 126.522 38.508 95.137
303.071 127.011 39.360 97.242
317.154 132.777 38.520 95.168
322.805 122.502 38.520 95.168
328.866 115.811 37.699 93.138
332.394 116.315 37.699 93.138
312.324 111.253 38.533 95.199
291.775 116.904 38.533 95.199
281.397 121.002 37.711 93.169
267.186 133.585 36.907 91.182
265.301 135.037 37.724 93.200
263.789 138.565 37.724 93.200
264.191 144.094 36.919 91.212
261.632 146.051 36.132 89.267
261.150 123.380 36.132 89.267
257.773 120.004 36.132 89.267
272.147 121.438 35.361 87.363
274.591 117.164 36.144 89.296
272.179 107.034 36.144 89.296
271.214 110.411 36.144 89.296
267.838 129.705 36.144 89.296
251.823 124.386 35.373 87.392
249.933 122.969 35.373 87.392
259.384 136.200 35.373 87.392
261.274 139.981 35.373 87.392
263.718 144.684 36.156 89.325
267.577 150.473 36.156 89.325
260.824 153.849 36.156 89.325
256.001 153.849 36.156 89.325
251.742 161.543 36.955 91.302
251.827 165.968 37.773 93.322
247.292 146.819 37.773 93.322
252.835 137.749 37.773 93.322
243.347 122.607 38.609 95.387
244.378 107.652 38.609 95.387
244.894 99.916 38.609 95.387
247.472 100.948 38.609 95.387
229.939 102.495 38.609 95.387
236.127 108.167 38.609 95.387
239.737 112.293 38.609 95.387
247.988 108.683 38.609 95.387
251.598 118.481 38.609 95.387
251.598 122.091 38.609 95.387
246.956 121.060 38.609 95.387
259.849 123.638 38.609 95.387
260.364 124.154 38.609 95.387
277.382 113.324 38.609 95.387
279.960 116.418 38.609 95.387
284.086 107.136 38.609 95.387
285.633 94.760 38.609 95.387
282.539 86.509 38.609 95.387
286.664 87.024 38.609 95.387
281.507 95.791 38.609 95.387
