289.000 67.000 64.000 236.000
287.869 65.869 64.000 236.000
285.606 65.869 64.000 236.000
282.212 64.737 64.000 236.000
281.080 65.869 64.000 236.000
275.424 67.000 64.000 236.000
273.161 68.131 64.000 236.000
266.373 69.263 64.000 236.000
265.241 70.394 64.000 236.000
258.453 71.525 64.000 236.000
255.059 71.525 64.000 236.000
251.665 73.788 64.000 236.000
249.402 76.051 64.000 236.000
247.563 75.703 65.416 241.221
245.249 81.487 65.416 241.221
248.719 71.076 65.416 241.221
242.935 75.703 65.416 241.221
240.621 79.174 65.416 241.221
245.249 65.291 65.416 241.221
245.249 65.291 65.416 241.221
249.876 62.977 65.416 241.221
254.504 64.134 65.416 241.221
257.974 64.134 65.416 241.221
256.817 64.134 65.416 241.221
264.916 64.134 65.416 241.221
275.327 66.448 65.416 241.221
268.819 63.780 66.863 246.559
277.538 57.505 68.343 252.014
267.120 49.886 69.855 257.589
272.061 42.474 69.855 257.589
272.061 37.533 69.855 257.589
268.355 35.062 69.855 257.589
278.237 33.827 69.855 257.589
273.296 32.592 69.855 257.589
281.943 31.356 69.855 257.589
277.002 30.121 69.855 257.589
270.826 35.062 69.855 257.589
265.884 35.062 69.855 257.589
274.531 37.533 69.855 257.589
302.943 40.003 69.855 257.589
298.002 41.239 69.855 257.589
297.512 42.750 68.365 252.096
286.641 47.581 68.365 252.096
279.394 51.205 68.365 252.096
273.355 49.997 68.365 252.096
308.382 56.036 68.365 252.096
304.280 57.516 66.907 246.720
309.723 63.694 65.480 241.459
303.938 63.694 65.480 241.459
299.311 62.537 65.480 241.459
291.911 63.955 64.084 236.310
293.044 62.822 64.084 236.310
302.111 65.088 64.084 236.310
299.844 63.955 64.084 236.310
300.978 61.688 64.084 236.310
305.511 62.822 64.084 236.310
299.844 63.955 64.084 236.310
302.111 66.222 64.084 236.310
302.111 62.822 64.084 236.310
306.644 60.555 64.084 236.310
312.311 58.288 64.084 236.310
314.578 59.422 64.084 236.310
317.528 60.808 62.717 231.270
318.637 60.808 62.717 231.270
316.418 58.588 62.717 231.270
315.977 59.945 61.380 226.338
309.041 59.105 60.071 221.512
302.665 56.979 60.071 221.512
292.037 54.854 60.071 221.512
286.723 55.917 60.071 221.512
281.410 52.728 60.071 221.512
282.472 51.666 60.071 221.512
275.033 52.728 60.071 221.512
275.033 50.603 60.071 221.512
279.925 48.714 58.790 216.788
275.768 46.635 58.790 216.788
278.885 46.635 58.790 216.788
286.160 44.557 58.790 216.788
279.925 44.557 58.790 216.788
275.768 43.518 58.790 216.788
269.532 47.675 58.790 216.788
272.650 48.714 58.790 216.788
267.454 50.792 58.790 216.788
276.807 48.714 58.790 216.788
287.199 49.753 58.790 216.788
295.513 49.753 58.790 216.788
291.356 41.439 58.790 216.788
277.846 35.204 58.790 216.788
285.748 46.869 57.536 212.165
290.836 48.904 57.536 212.165
282.695 49.922 57.536 212.165
287.379 56.254 56.309 207.640
277.022 55.480 55.108 203.212
277.997 54.506 55.108 203.212
277.997 54.506 55.108 203.212
277.997 54.506 55.108 203.212
277.610 56.672 53.933 198.879
276.657 57.625 53.933 198.879
278.563 57.625 53.933 198.879
275.704 55.719 53.933 198.879
281.422 54.767 53.933 198.879
275.704 51.908 53.933 198.879
270.561 49.264 52.783 194.638
277.095 51.130 52.783 194.638
271.495 49.264 52.783 194.638
273.924 54.139 51.657 190.487
264.787 53.225 51.657 190.487
262.046 50.484 51.657 190.487
258.028 48.860 50.556 186.425
259.461 50.848 49.478 182.449
255.089 47.350 49.478 182.449
254.214 48.224 49.478 182.449
252.993 43.174 48.423 178.558
254.706 44.887 48.423 178.558
253.849 44.887 48.423 178.558
253.849 42.317 48.423 178.558
255.563 39.746 48.423 178.558
257.277 41.460 48.423 178.558
261.561 42.317 48.423 178.558
264.132 43.174 48.423 178.558
269.789 38.223 47.390 174.751
269.789 41.572 47.390 174.751
273.976 51.619 47.390 174.751
275.650 50.782 47.390 174.751
280.674 51.619 47.390 174.751
282.348 46.595 47.390 174.751
288.209 48.270 47.390 174.751
291.558 49.107 47.390 174.751
295.744 49.107 47.390 174.751
300.768 49.944 47.390 174.751
300.768 43.246 47.390 174.751
305.791 44.921 47.390 174.751
300.244 43.825 48.438 178.617
300.244 43.825 48.438 178.617
299.387 36.970 48.438 178.617
295.959 36.970 48.438 178.617
293.710 25.569 49.510 182.569
295.459 23.820 49.510 182.569
291.614 18.770 48.454 178.675
292.131 21.532 47.421 174.865
287.935 23.211 47.421 174.865
285.417 24.050 47.421 174.865
284.053 21.276 48.470 178.734
287.481 21.276 48.470 178.734
283.196 15.278 48.470 178.734
288.337 15.278 48.470 178.734
290.051 12.707 48.470 178.734
291.765 14.421 48.470 178.734
293.799 6.446 49.543 182.689
273.092 81.554 50.639 186.731
277.573 85.139 50.639 186.731
281.493 87.553 51.759 190.862
287.330 81.779 52.904 195.085
296.683 77.103 52.904 195.085
299.489 78.038 52.904 195.085
303.230 78.038 52.904 195.085
309.777 82.714 52.904 195.085
307.907 85.520 52.904 195.085
317.260 86.456 52.904 195.085
312.583 80.844 52.904 195.085
309.777 74.297 52.904 195.085
307.907 78.973 52.904 195.085
315.389 79.909 52.904 195.085
317.260 77.103 52.904 195.085
309.777 66.814 52.904 195.085
312.583 69.620 52.904 195.085
318.195 69.620 52.904 195.085
321.936 70.556 52.904 195.085
327.548 67.750 52.904 195.085
327.548 66.814 52.904 195.085
330.354 64.944 52.904 195.085
325.677 65.879 52.904 195.085
321.001 62.138 52.904 195.085
322.871 61.203 52.904 195.085
323.807 65.879 52.904 195.085
319.480 68.398 54.075 199.401
312.782 70.311 54.075 199.401
313.141 67.149 55.271 203.813
318.023 60.313 55.271 203.813
319.365 62.941 56.494 208.322
322.359 65.935 56.494 208.322
327.349 63.939 56.494 208.322
330.716 59.638 57.744 212.931
337.228 53.196 59.022 217.642
329.274 51.832 60.328 222.458
320.740 49.699 60.328 222.458
318.607 50.765 60.328 222.458
316.474 46.499 60.328 222.458
317.540 45.432 60.328 222.458
319.674 50.765 60.328 222.458
317.540 49.699 60.328 222.458
317.540 52.899 60.328 222.458
315.407 51.832 60.328 222.458
312.207 55.032 60.328 222.458
309.007 56.099 60.328 222.458
309.007 53.965 60.328 222.458
309.007 52.899 60.328 222.458
306.874 52.899 60.328 222.458
306.874 48.632 60.328 222.458
300.474 51.832 60.328 222.458
290.874 48.632 60.328 222.458
275.940 46.499 60.328 222.458
268.474 45.432 60.328 222.458
262.074 46.499 60.328 222.458
265.274 44.365 60.328 222.458
270.607 49.699 60.328 222.458
274.874 47.565 60.328 222.458
275.273 50.438 61.662 227.380
274.183 48.257 61.662 227.380
270.912 44.987 61.662 227.380
266.551 43.896 61.662 227.380
272.410 35.930 63.027 232.410
274.638 33.703 63.027 232.410
271.297 39.271 63.027 232.410
275.751 35.930 63.027 232.410
280.623 42.269 64.421 237.552
281.762 42.269 64.421 237.552
278.344 50.243 64.421 237.552
277.205 50.243 64.421 237.552
278.344 55.939 64.421 237.552
279.484 57.079 64.421 237.552
282.189 52.172 65.846 242.808
284.518 47.514 65.846 242.808
286.847 41.690 65.846 242.808
290.778 29.686 67.303 248.180
290.778 35.637 67.303 248.180
293.158 29.686 67.303 248.180
295.539 36.827 67.303 248.180
297.919 38.018 67.303 248.180
301.490 42.778 67.303 248.180
303.870 45.159 67.303 248.180
302.680 42.778 67.303 248.180
303.397 50.185 65.868 242.888
304.100 45.787 64.463 237.708
301.821 43.509 64.463 237.708
301.369 51.739 63.089 232.639
299.138 51.739 63.089 232.639
288.654 49.757 61.743 227.678
290.838 54.126 61.743 227.678
295.207 50.849 61.743 227.678
289.746 46.481 61.743 227.678
282.101 48.665 61.743 227.678
284.285 48.665 61.743 227.678
274.456 46.481 61.743 227.678
274.456 46.481 61.743 227.678
272.272 50.849 61.743 227.678
272.272 49.757 61.743 227.678
266.811 49.757 61.743 227.678
270.087 50.849 61.743 227.678
274.456 49.757 61.743 227.678
276.640 48.665 61.743 227.678
282.101 51.941 61.743 227.678
287.128 53.277 60.426 222.823
282.853 58.620 60.426 222.823
284.991 57.551 60.426 222.823
290.334 57.551 60.426 222.823
295.677 61.826 60.426 222.823
302.089 69.306 60.426 222.823
304.226 69.306 60.426 222.823
307.432 76.787 60.426 222.823
308.500 74.649 60.426 222.823
310.638 74.649 60.426 222.823
306.363 72.512 60.426 222.823
304.226 71.444 60.426 222.823
296.746 69.306 60.426 222.823
288.197 66.100 60.426 222.823
280.048 61.498 61.763 227.753
258.205 59.314 61.763 227.753
231.559 58.466 60.446 222.896
221.942 63.809 60.446 222.896
218.736 59.535 60.446 222.896
209.118 67.015 60.446 222.896
201.638 69.152 60.446 222.896
190.951 73.427 60.446 222.896
185.608 76.633 60.446 222.896
190.283 74.167 61.784 227.827
246.391 73.831 63.151 232.868
261.312 74.602 64.548 238.020
267.445 74.251 65.976 243.286
294.279 69.584 65.976 243.286
288.445 67.251 65.976 243.286
273.279 64.918 65.976 243.286
262.779 63.751 65.976 243.286
263.945 63.751 65.976 243.286
265.112 67.251 65.976 243.286
267.445 71.918 65.976 243.286
262.779 74.251 65.976 243.286
256.945 78.918 65.976 243.286
258.112 77.751 65.976 243.286
264.649 76.845 64.569 238.098
267.620 75.960 63.192 233.021
264.941 75.092 61.844 228.051
263.412 76.429 60.526 223.188
264.482 74.288 60.526 223.188
262.341 73.218 60.526 223.188
262.986 74.527 59.235 218.429
262.986 72.433 59.235 218.429
264.034 75.574 59.235 218.429
268.222 73.480 59.235 218.429
274.504 77.668 59.235 218.429
278.692 78.715 59.235 218.429
281.418 87.326 57.972 213.771
284.087 89.606 56.735 209.212
287.704 96.856 55.526 204.750
283.775 100.786 55.526 204.750
279.845 104.715 55.526 204.750
276.898 102.750 55.526 204.750
271.986 102.750 55.526 204.750
268.057 103.733 55.526 204.750
259.216 101.768 55.526 204.750
261.180 103.733 55.526 204.750
253.322 101.768 55.526 204.750
257.251 101.768 55.526 204.750
250.743 98.521 56.754 209.280
258.774 96.513 56.754 209.280
252.123 92.190 58.010 213.911
257.250 95.266 58.010 213.911
262.378 96.292 58.010 213.911
254.557 97.002 59.293 218.644
257.704 97.002 59.293 218.644
261.900 95.953 59.293 218.644
263.343 90.387 60.605 223.481
256.249 95.409 61.946 228.426
252.960 103.081 61.946 228.426
257.345 97.601 61.946 228.426
264.582 97.844 60.625 223.554
269.944 86.046 60.625 223.554
275.307 76.393 60.625 223.554
271.017 72.103 60.625 223.554
273.162 80.684 60.625 223.554
273.162 78.539 60.625 223.554
276.380 75.321 60.625 223.554
279.597 69.958 60.625 223.554
284.960 73.176 60.625 223.554
288.178 75.321 60.625 223.554
292.468 68.886 60.625 223.554
292.468 80.684 60.625 223.554
293.540 68.886 60.625 223.554
294.613 56.015 60.625 223.554
294.613 60.305 60.625 223.554
287.752 56.254 59.332 218.787
291.948 79.332 59.332 218.787
286.703 91.920 59.332 218.787
288.801 100.312 59.332 218.787
281.458 99.263 59.332 218.787
273.698 97.400 58.067 214.121
275.753 94.318 58.067 214.121
269.588 84.043 58.067 214.121
274.317 75.024 56.828 209.555
271.911 74.247 55.617 205.086
270.929 75.229 55.617 205.086
269.947 80.141 55.617 205.086
270.929 82.106 55.617 205.086
267.982 79.159 55.617 205.086
249.317 68.353 55.617 205.086
250.300 70.318 55.617 205.086
258.158 70.318 55.617 205.086
263.070 69.335 55.617 205.086
249.317 64.424 55.617 205.086
240.476 70.318 55.617 205.086
231.635 69.335 55.617 205.086
229.670 67.371 55.617 205.086
228.688 64.424 55.617 205.086
229.670 64.424 55.617 205.086
234.582 66.388 55.617 205.086
236.547 64.424 55.617 205.086
238.511 65.406 55.617 205.086
240.476 61.477 55.617 205.086
247.352 61.477 55.617 205.086
252.857 64.646 54.431 200.713
261.522 64.646 54.431 200.713
267.298 65.608 54.431 200.713
275.000 66.571 54.431 200.713
280.777 66.571 54.431 200.713
285.591 64.646 54.431 200.713
287.516 64.646 54.431 200.713
290.404 70.422 54.431 200.713
285.591 73.310 54.431 200.713
280.777 69.459 54.431 200.713
278.851 70.422 54.431 200.713
278.851 70.422 54.431 200.713
278.851 72.348 54.431 200.713
282.702 74.273 54.431 200.713
286.553 74.273 54.431 200.713
290.404 76.199 54.431 200.713
278.249 75.904 55.635 205.153
271.359 73.935 55.635 205.153
274.312 71.966 55.635 205.153
277.634 67.728 56.866 209.692
278.640 69.740 56.866 209.692
285.681 69.740 56.866 209.692
291.716 67.728 56.866 209.692
297.751 68.734 56.866 209.692
302.781 68.734 56.866 209.692
290.710 72.758 56.866 209.692
290.710 69.740 56.866 209.692
283.669 58.675 56.866 209.692
261.140 46.829 55.653 205.221
253.859 59.845 54.466 200.844
254.822 61.770 54.466 200.844
260.958 63.399 55.671 205.288
269.817 60.446 55.671 205.288
274.739 59.462 55.671 205.288
271.786 54.540 55.671 205.288
265.264 50.301 56.903 209.830
263.252 54.324 56.903 209.830
260.235 51.307 56.903 209.830
265.264 54.324 56.903 209.830
261.241 53.318 56.903 209.830
265.264 57.342 56.903 209.830
258.223 61.365 56.903 209.830
256.211 62.371 56.903 209.830
248.164 63.377 56.903 209.830
244.141 61.365 56.903 209.830
236.094 57.342 56.903 209.830
209.941 68.407 56.903 209.830
200.888 65.389 56.903 209.830
197.870 63.377 56.903 209.830
200.888 62.371 56.903 209.830
203.905 60.360 56.903 209.830
214.970 65.389 56.903 209.830
208.935 66.395 56.903 209.830
195.858 67.401 56.903 209.830
197.870 68.407 56.903 209.830
199.882 69.412 56.903 209.830
194.852 70.418 56.903 209.830
186.805 69.412 56.903 209.830
175.741 67.401 56.903 209.830
169.705 64.383 56.903 209.830
165.682 62.371 56.903 209.830
151.976 66.085 58.162 214.472
142.729 66.085 58.162 214.472
137.592 72.250 58.162 214.472
144.784 73.277 58.162 214.472
137.976 70.905 59.449 219.218
146.777 68.480 60.764 224.068
152.149 68.480 60.764 224.068
156.447 67.405 60.764 224.068
151.075 63.107 60.764 224.068
156.447 59.884 60.764 224.068
157.522 59.884 60.764 224.068
158.596 58.809 60.764 224.068
205.875 65.256 60.764 224.068
210.173 65.256 60.764 224.068
209.746 70.869 59.468 219.290
211.431 76.360 58.200 214.613
213.081 80.707 56.959 210.036
210.058 81.715 56.959 210.036
209.657 82.947 55.744 205.557
208.279 86.125 54.556 201.174
208.861 89.235 53.392 196.884
213.576 86.405 53.392 196.884
192.454 92.277 52.254 192.685
195.781 96.179 51.139 188.576
207.532 97.986 51.139 188.576
206.628 93.467 51.139 188.576
196.327 99.093 50.049 184.555
206.054 93.787 50.049 184.555
211.360 93.787 50.049 184.555
243.195 84.944 50.049 184.555
267.956 93.787 50.049 184.555
280.870 101.061 48.981 180.619
299.592 103.854 47.937 176.767
308.910 99.618 47.937 176.767
305.522 100.465 47.937 176.767
236.063 89.454 47.937 176.767
249.933 84.110 48.997 180.678
255.999 83.243 48.997 180.678
262.588 79.970 47.953 176.825
266.824 80.817 47.953 176.825
275.806 79.314 46.930 173.054
284.929 76.826 46.930 173.054
293.724 73.695 45.929 169.364
