138.000 57.000 39.000 137.000
138.665 57.000 39.000 137.000
138.665 56.335 39.000 137.000
138.665 57.000 39.000 137.000
138.665 57.000 39.000 137.000
138.665 57.000 39.000 137.000
138.665 57.665 39.000 137.000
138.665 58.329 39.000 137.000
138.665 60.324 39.000 137.000
138.665 62.318 39.000 137.000
138.665 65.641 39.000 137.000
138.665 64.976 39.000 137.000
138.665 69.629 39.000 137.000
138.665 74.282 39.000 137.000
138.665 76.941 39.000 137.000
139.329 80.265 39.000 137.000
141.324 84.253 39.000 137.000
140.659 84.253 39.000 137.000
139.994 85.582 39.000 137.000
142.653 84.253 39.000 137.000
142.653 84.918 39.000 137.000
143.318 86.912 39.000 137.000
145.312 86.912 39.000 137.000
145.312 86.912 39.000 137.000
146.641 86.247 39.000 137.000
147.306 85.582 39.000 137.000
147.306 84.918 39.000 137.000
146.641 85.582 39.000 137.000
145.312 82.924 39.000 137.000
145.312 82.924 39.000 137.000
145.976 82.259 39.000 137.000
145.976 82.259 39.000 137.000
146.641 80.265 39.000 137.000
146.641 78.935 39.000 137.000
147.306 76.941 39.000 137.000
147.306 78.271 39.000 137.000
149.300 74.947 39.000 137.000
147.971 72.288 39.000 137.000
147.971 70.959 39.000 137.000
147.971 67.635 39.000 137.000
147.971 66.971 39.000 137.000
147.971 68.300 39.000 137.000
147.971 65.641 39.000 137.000
146.641 61.653 39.000 137.000
145.312 62.318 39.000 137.000
143.982 64.312 39.000 137.000
141.324 64.312 39.000 137.000
140.659 62.318 39.000 137.000
139.329 66.971 39.000 137.000
136.671 65.641 39.000 137.000
133.347 66.971 39.000 137.000
130.024 66.306 39.000 137.000
126.700 62.982 39.000 137.000
126.035 60.988 39.000 137.000
124.041 62.982 39.000 137.000
122.047 65.641 39.000 137.000
118.724 64.976 39.000 137.000
117.394 66.306 39.000 137.000
117.394 65.641 39.000 137.000
117.394 64.976 39.000 137.000
116.729 64.312 39.000 137.000
116.065 66.971 39.000 137.000
115.400 64.312 39.000 137.000
114.071 62.982 39.000 137.000
111.412 59.659 39.000 137.000
112.741 58.329 39.000 137.000
112.076 59.659 39.000 137.000
114.071 60.988 39.000 137.000
114.071 61.653 39.000 137.000
118.724 64.312 39.000 137.000
122.047 68.300 39.000 137.000
122.712 67.635 39.000 137.000
128.029 68.965 39.000 137.000
133.347 68.300 39.000 137.000
138.000 70.959 39.000 137.000
138.000 73.618 39.000 137.000
138.665 72.288 39.000 137.000
138.665 74.947 39.000 137.000
137.335 71.624 39.000 137.000
141.988 70.294 39.000 137.000
140.659 67.635 39.000 137.000
139.329 63.647 39.000 137.000
138.665 60.988 39.000 137.000
135.341 60.988 39.000 137.000
136.006 60.988 39.000 137.000
132.682 59.659 39.000 137.000
128.694 57.665 39.000 137.000
124.041 57.665 39.000 137.000
121.382 58.329 39.000 137.000
118.059 58.994 39.000 137.000
118.059 58.994 39.000 137.000
113.406 57.665 39.000 137.000
111.645 60.137 39.863 140.031
107.122 59.269 40.745 143.129
105.033 59.965 40.745 143.129
100.857 58.573 40.745 143.129
100.857 57.877 40.745 143.129
98.769 59.269 40.745 143.129
95.984 59.965 40.745 143.129
94.592 58.573 40.745 143.129
93.896 57.877 40.745 143.129
91.112 57.180 40.745 143.129
91.808 56.484 40.745 143.129
91.112 55.092 40.745 143.129
92.504 53.004 40.745 143.129
88.328 50.916 40.745 143.129
86.935 48.131 40.745 143.129
84.847 46.043 40.745 143.129
84.151 46.043 40.745 143.129
84.151 48.828 40.745 143.129
84.847 45.347 40.745 143.129
87.632 48.131 40.745 143.129
92.504 43.259 40.745 143.129
98.073 44.651 40.745 143.129
97.377 43.955 40.745 143.129
100.857 44.651 40.745 143.129
103.191 45.852 41.646 146.296
106.989 48.492 42.568 149.533
112.793 52.120 42.568 149.533
116.420 53.571 42.568 149.533
114.244 52.120 42.568 149.533
120.047 53.571 42.568 149.533
124.400 49.943 42.568 149.533
123.675 52.120 42.568 149.533
125.851 47.041 42.568 149.533
123.204 45.387 43.510 152.841
126.177 44.644 43.510 152.841
122.723 43.696 44.472 156.223
126.517 40.661 44.472 156.223
124.240 42.938 44.472 156.223
123.482 39.902 44.472 156.223
128.034 39.902 44.472 156.223
125.758 39.902 44.472 156.223
124.999 41.420 44.472 156.223
122.723 43.696 44.472 156.223
128.034 42.938 44.472 156.223
124.240 42.938 44.472 156.223
127.276 39.143 44.472 156.223
126.517 39.902 44.472 156.223
131.070 45.214 44.472 156.223
137.140 45.973 44.472 156.223
135.623 38.385 44.472 156.223
140.176 30.796 44.472 156.223
139.417 32.314 44.472 156.223
138.658 30.038 44.472 156.223
142.452 31.555 44.472 156.223
140.934 33.073 44.472 156.223
148.523 49.767 44.472 156.223
151.558 49.008 44.472 156.223
154.101 48.039 45.456 159.679
153.325 47.262 45.456 159.679
155.654 48.039 45.456 159.679
154.878 48.039 45.456 159.679
155.654 44.933 45.456 159.679
156.431 46.486 45.456 159.679
154.878 47.262 45.456 159.679
153.598 43.166 46.462 163.212
155.975 45.543 46.462 163.212
156.767 47.919 46.462 163.212
157.559 50.296 46.462 163.212
