446.000 181.000 29.000 26.000
442.333 174.529 29.000 26.000
440.824 171.294 29.000 26.000
438.451 167.843 29.000 26.000
435.863 163.961 29.000 26.000
434.784 162.235 29.000 26.000
436.294 157.275 29.000 26.000
436.941 155.549 29.000 26.000
438.451 154.471 29.000 26.000
436.941 146.922 29.000 26.000
437.157 146.059 29.000 26.000
450.856 145.124 29.642 26.575
458.726 146.824 30.297 27.163
466.167 146.599 30.297 27.163
473.498 145.847 30.968 27.764
481.948 146.466 31.653 28.378
499.125 145.524 31.653 28.378
508.301 144.819 31.653 28.378
517.477 144.348 31.653 28.378
526.419 143.407 31.653 28.378
535.595 141.995 31.653 28.378
555.125 139.877 31.653 28.378
563.480 137.916 32.353 29.006
572.404 135.987 32.353 29.006
581.327 133.575 32.353 29.006
590.010 131.646 32.353 29.006
609.304 129.475 32.353 29.006
613.508 128.096 31.663 28.388
611.372 140.434 31.663 28.388
612.659 139.313 30.988 27.782
613.122 138.387 30.988 27.782
612.196 130.521 30.988 27.782
613.221 126.652 30.327 27.190
616.378 110.191 30.327 27.190
612.770 107.485 30.327 27.190
612.770 115.378 30.327 27.190
614.123 122.819 30.327 27.190
611.417 123.270 30.327 27.190
610.966 120.789 30.327 27.190
610.966 124.397 30.327 27.190
612.770 128.005 30.327 27.190
611.868 133.417 30.327 27.190
612.868 135.962 29.681 26.610
612.203 134.854 29.681 26.610
612.539 126.583 30.337 27.199
613.667 122.299 30.337 27.199
614.569 122.524 30.337 27.199
615.343 122.363 29.690 26.619
613.021 125.614 30.347 27.208
610.064 129.253 30.347 27.208
610.973 131.073 30.347 27.208
612.111 131.755 30.347 27.208
612.793 130.390 30.347 27.208
613.021 131.300 30.347 27.208
611.656 131.755 30.347 27.208
610.638 131.909 31.019 27.810
612.125 131.049 30.357 27.217
611.670 131.731 30.357 27.217
612.904 130.656 29.710 26.636
612.999 131.162 29.076 26.068
613.092 130.352 28.456 25.512
613.607 131.047 27.849 24.968
613.815 131.879 27.849 24.968
614.438 131.047 27.849 24.968
614.527 130.274 27.255 24.436
615.022 131.350 26.674 23.915
615.822 131.750 26.674 23.915
615.622 130.550 26.674 23.915
616.106 130.005 26.105 23.405
616.494 130.976 26.105 23.405
615.912 131.364 26.105 23.405
616.494 131.558 26.105 23.405
615.912 131.947 26.105 23.405
616.011 130.911 26.683 23.923
616.411 131.311 26.683 23.923
616.296 131.966 26.114 23.412
617.072 130.608 26.114 23.412
616.878 131.772 26.114 23.412
616.684 132.549 26.114 23.412
616.684 131.966 26.114 23.412
616.684 131.190 26.114 23.412
