302.000 135.000 67.000 81.000
300.835 139.659 67.000 81.000
297.182 142.839 68.482 82.792
297.776 148.186 68.482 82.792
299.559 150.563 68.482 82.792
300.747 149.969 68.482 82.792
304.312 148.780 68.482 82.792
306.688 147.592 68.482 82.792
307.876 148.780 68.482 82.792
308.471 152.345 68.482 82.792
307.876 154.127 68.482 82.792
312.466 154.994 69.998 84.624
316.554 147.372 71.546 86.496
324.013 140.534 71.546 86.496
330.229 136.183 71.546 86.496
332.715 133.697 71.546 86.496
333.337 131.211 71.546 86.496
333.337 133.075 71.546 86.496
337.688 133.697 71.546 86.496
341.417 126.238 71.546 86.496
345.146 120.644 71.546 86.496
350.119 114.428 71.546 86.496
353.227 110.077 71.546 86.496
358.030 111.607 73.129 88.410
362.938 116.982 74.747 90.366
371.847 128.962 76.401 92.365
378.292 130.592 78.091 94.409
374.714 128.869 79.819 96.498
360.643 109.754 81.585 98.633
350.733 93.474 81.585 98.633
341.531 86.395 81.585 98.633
335.160 82.148 81.585 98.633
333.745 80.025 81.585 98.633
332.329 82.148 81.585 98.633
335.868 95.597 81.585 98.633
344.362 110.462 81.585 98.633
361.864 134.853 83.390 100.815
366.205 133.406 83.390 100.815
363.835 124.332 85.235 103.046
362.892 118.745 87.121 105.325
360.622 111.177 87.121 105.325
356.081 89.984 87.121 105.325
353.810 83.173 87.121 105.325
354.567 79.388 87.121 105.325
353.053 82.416 87.121 105.325
352.296 86.957 87.121 105.325
358.351 102.094 87.121 105.325
368.190 118.745 87.121 105.325
374.245 133.126 87.121 105.325
371.975 139.180 87.121 105.325
369.704 146.749 87.121 105.325
362.892 130.855 87.121 105.325
356.081 114.204 87.121 105.325
354.567 108.906 87.121 105.325
348.512 103.608 87.121 105.325
346.241 109.663 87.121 105.325
346.791 123.635 89.049 107.656
349.889 142.223 89.049 107.656
342.919 159.262 89.049 107.656
346.966 175.126 87.150 105.360
338.641 184.208 87.150 105.360
329.351 165.635 89.078 107.691
315.410 143.949 89.078 107.691
308.440 129.233 89.078 107.691
307.066 130.381 87.178 105.394
302.697 126.207 85.319 103.147
269.883 83.560 87.207 105.429
271.397 86.587 87.207 105.429
269.883 103.238 87.207 105.429
286.326 139.158 89.136 107.762
283.791 150.358 91.108 110.146
283.791 164.617 91.108 110.146
278.822 178.450 93.124 112.583
273.963 170.352 93.124 112.583
267.485 153.346 93.124 112.583
260.380 138.350 91.138 110.182
255.807 137.149 89.195 107.832
258.905 136.374 89.195 107.832
286.787 106.168 89.195 107.832
248.836 110.041 89.195 107.832
245.915 117.387 87.293 105.533
249.122 134.447 85.431 103.282
249.863 150.753 85.431 103.282
249.291 165.937 83.609 101.080
248.732 170.642 81.826 98.924
245.334 174.544 80.081 96.815
239.765 172.455 80.081 96.815
237.677 171.063 80.081 96.815
233.311 172.081 81.853 98.957
231.887 177.775 81.853 98.957
235.964 180.239 83.664 101.146
274.321 161.661 85.515 103.384
289.184 148.285 85.515 103.384
292.156 154.973 85.515 103.384
294.386 157.202 85.515 103.384
291.582 153.846 83.691 101.179
296.839 160.017 81.907 99.022
293.280 165.711 81.907 99.022
293.992 171.405 81.907 99.022
296.127 167.846 81.907 99.022
298.974 162.152 81.907 99.022
314.795 169.614 80.160 96.910
362.286 187.353 78.451 94.843
359.711 183.588 76.778 92.821
344.378 178.254 76.778 92.821
335.711 168.254 76.778 92.821
329.711 176.921 76.778 92.821
330.378 174.254 76.778 92.821
315.863 153.244 75.140 90.841
329.723 165.966 73.538 88.904
309.908 137.840 73.538 88.904
315.021 162.130 73.538 88.904
311.186 161.491 73.538 88.904
316.939 169.162 73.538 88.904
311.186 174.275 73.538 88.904
304.155 179.389 73.538 88.904
307.990 167.883 73.538 88.904
295.845 155.738 73.538 88.904
303.515 158.934 73.538 88.904
280.009 157.325 71.970 87.008
285.781 102.584 70.435 85.153
281.498 125.832 70.435 85.153
363.614 208.104 68.933 83.337
380.496 204.806 67.463 81.560
314.833 177.252 67.463 81.560
314.247 170.803 67.463 81.560
288.451 154.387 67.463 81.560
255.753 124.184 66.024 79.820
277.009 135.674 66.024 79.820
216.686 93.735 66.024 79.820
213.813 89.713 66.024 79.820
289.493 144.558 67.485 81.586
297.248 158.326 66.046 79.846
298.526 163.199 64.637 78.144
311.985 160.956 64.637 78.144
313.668 157.591 64.637 78.144
308.621 153.105 64.637 78.144
319.836 157.591 64.637 78.144
313.107 160.956 64.637 78.144
312.114 168.518 63.259 76.477
315.957 166.871 63.259 76.477
315.957 169.067 63.259 76.477
319.800 173.459 63.259 76.477
320.474 171.530 61.910 74.846
314.688 175.014 60.590 73.250
315.068 176.831 61.930 74.871
316.143 166.623 61.930 74.871
262.417 136.537 61.930 74.871
256.897 135.172 63.300 76.527
281.603 148.897 63.300 76.527
289.289 151.093 63.300 76.527
275.564 163.172 63.300 76.527
264.583 162.074 63.300 76.527
275.564 163.172 63.300 76.527
270.073 164.819 63.300 76.527
271.171 161.525 63.300 76.527
276.113 157.132 63.300 76.527
277.211 152.740 63.300 76.527
276.238 149.713 61.951 74.895
278.387 156.697 61.951 74.895
276.238 159.921 61.951 74.895
278.925 163.144 61.951 74.895
276.776 162.070 61.951 74.895
285.909 166.368 61.951 74.895
294.505 172.278 61.951 74.895
306.862 172.815 61.951 74.895
309.548 177.113 61.951 74.895
316.533 172.815 61.951 74.895
329.964 169.054 61.951 74.895
334.799 174.964 61.951 74.895
346.619 179.262 61.951 74.895
275.164 152.399 61.951 74.895
285.372 161.533 61.951 74.895
290.207 165.293 61.951 74.895
294.505 167.442 61.951 74.895
293.431 155.086 61.951 74.895
296.117 158.309 61.951 74.895
305.911 168.241 60.629 73.298
319.624 170.878 60.629 73.298
313.295 167.714 60.629 73.298
310.515 170.595 61.971 74.920
315.368 159.811 61.971 74.920
318.064 164.124 61.971 74.920
329.926 166.281 61.971 74.920
402.303 165.462 60.649 73.322
332.152 162.298 60.649 73.322
345.338 158.078 60.649 73.322
351.140 168.100 60.649 73.322
362.217 168.627 60.649 73.322
364.854 171.264 60.649 73.322
366.436 170.209 60.649 73.322
353.250 157.023 60.649 73.322
350.085 150.694 60.649 73.322
326.350 171.264 60.649 73.322
340.710 150.421 59.356 71.759
342.257 160.734 59.356 71.759
338.132 172.595 59.356 71.759
347.531 180.064 58.090 70.228
356.098 191.151 58.090 70.228
346.524 181.072 58.090 70.228
338.461 169.986 58.090 70.228
349.663 156.121 56.851 68.731
347.192 157.603 56.851 68.731
344.721 148.709 56.851 68.731
322.486 173.415 56.851 68.731
319.521 177.368 56.851 68.731
323.474 187.250 56.851 68.731
310.627 199.603 56.851 68.731
306.292 203.795 55.639 67.265
300.986 195.595 55.639 67.265
303.265 191.474 56.870 68.753
304.253 164.298 56.870 68.753
299.671 160.078 58.128 70.274
295.487 161.325 59.414 71.829
292.767 164.655 60.729 73.419
290.657 168.348 60.729 73.419
292.767 174.677 60.729 73.419
288.403 184.941 62.073 75.043
291.638 193.030 62.073 75.043
292.717 186.020 62.073 75.043
293.918 173.879 60.749 73.443
290.753 174.934 60.749 73.443
291.663 170.429 62.093 75.068
289.629 172.847 60.769 73.467
290.157 174.957 60.769 73.467
291.212 179.704 60.769 73.467
289.629 189.198 60.769 73.467
283.300 201.857 60.769 73.467
278.025 206.076 60.769 73.467
266.804 202.626 62.113 75.092
246.853 197.234 62.113 75.092
235.114 192.104 60.789 73.491
222.982 174.170 60.789 73.491
233.531 170.478 60.789 73.491
262.541 168.368 60.789 73.491
271.508 163.094 60.789 73.491
277.310 165.204 60.789 73.491
270.980 183.664 60.789 73.491
276.255 170.478 60.789 73.491
277.310 168.896 60.789 73.491
283.760 182.866 59.492 71.924
283.876 188.291 58.224 70.390
286.912 184.244 58.224 70.390
285.394 172.609 58.224 70.390
283.371 161.480 58.224 70.390
285.394 158.950 58.224 70.390
291.074 162.230 56.982 68.889
294.152 159.012 55.767 67.420
303.838 180.322 55.767 67.420
304.322 185.649 55.767 67.420
298.137 167.964 54.578 65.982
295.290 164.168 54.578 65.982
293.499 155.381 53.414 64.575
294.069 137.482 52.275 63.198
273.700 105.857 51.160 61.850
270.685 104.736 50.069 60.531
259.031 100.594 49.001 59.240
254.873 106.757 47.956 57.977
253.210 109.666 47.956 57.977
256.631 106.959 46.933 56.740
259.987 98.999 45.933 55.530
260.476 96.407 44.953 54.346
256.273 96.206 43.994 53.187
252.919 98.685 43.056 52.053
248.425 102.430 43.056 52.053
240.935 94.940 43.056 52.053
239.521 94.746 42.138 50.943
240.621 96.579 42.138 50.943
237.222 93.816 43.070 52.070
227.859 105.051 43.070 52.070
231.230 106.549 43.070 52.070
234.226 105.051 43.070 52.070
235.724 104.302 43.070 52.070
231.604 108.796 43.070 52.070
217.373 105.426 43.070 52.070
209.508 110.294 43.070 52.070
200.145 122.653 43.070 52.070
195.651 126.773 43.070 52.070
193.404 123.777 43.070 52.070
196.026 114.039 43.070 52.070
197.983 106.730 42.152 50.960
204.666 110.207 41.253 49.873
205.383 112.360 41.253 49.873
201.077 110.924 41.253 49.873
197.211 112.533 40.373 48.809
200.370 121.307 40.373 48.809
202.731 125.330 41.267 49.889
199.583 122.274 40.386 48.825
200.285 117.360 40.386 48.825
201.338 113.148 40.386 48.825
203.875 111.563 39.525 47.784
205.247 110.190 39.525 47.784
202.845 106.759 39.525 47.784
205.933 110.877 39.525 47.784
206.277 118.426 39.525 47.784
205.590 126.661 39.525 47.784
207.384 134.033 38.682 46.765
213.084 126.657 38.682 46.765
214.090 121.627 38.682 46.765
215.431 115.257 38.682 46.765
216.102 114.251 38.682 46.765
215.844 114.749 37.857 45.768
216.832 115.079 37.857 45.768
217.731 117.537 38.695 46.781
216.390 119.884 38.695 46.781
218.309 130.767 39.551 47.816
219.681 138.659 39.551 47.816
222.083 135.571 39.551 47.816
223.456 129.051 39.551 47.816
226.623 127.502 38.708 46.796
230.646 129.849 38.708 46.796
229.976 129.849 38.708 46.796
229.640 132.531 38.708 46.796
228.206 135.367 39.564 47.831
223.402 138.455 39.564 47.831
227.177 151.837 39.564 47.831
223.402 151.837 39.564 47.831
220.657 150.122 39.564 47.831
218.598 143.259 39.564 47.831
220.314 140.857 39.564 47.831
219.285 142.916 39.564 47.831
217.991 145.141 38.720 46.811
214.281 133.000 38.720 46.811
212.932 136.710 38.720 46.811
210.908 145.141 38.720 46.811
213.606 156.945 38.720 46.811
217.316 159.643 38.720 46.811
216.979 152.224 38.720 46.811
219.340 147.502 38.720 46.811
222.375 146.490 38.720 46.811
223.387 145.816 38.720 46.811
224.061 147.502 38.720 46.811
222.038 150.200 38.720 46.811
219.677 157.283 38.720 46.811
221.701 163.353 38.720 46.811
219.753 166.213 37.895 45.813
223.121 164.725 37.087 44.836
228.019 156.842 36.296 43.880
228.650 154.633 36.296 43.880
230.229 156.211 36.296 43.880
230.544 156.842 36.296 43.880
229.597 158.737 36.296 43.880
228.966 166.313 36.296 43.880
231.491 177.993 36.296 43.880
232.754 176.731 36.296 43.880
234.088 171.832 35.522 42.944
232.241 171.832 35.522 42.944
229.778 173.987 35.522 42.944
231.933 165.675 35.522 42.944
231.696 164.594 34.764 42.028
232.218 160.203 35.533 42.958
231.825 158.497 36.319 43.909
189.838 170.808 36.319 43.909
192.751 168.751 35.545 42.972
193.675 169.059 35.545 42.972
195.901 167.362 34.787 42.056
197.410 165.550 34.787 42.056
200.499 167.207 34.045 41.159
203.527 170.014 33.319 40.281
204.978 167.693 33.319 40.281
203.527 169.724 33.319 40.281
205.043 173.056 32.609 39.422
207.019 173.903 32.609 39.422
210.125 176.161 32.609 39.422
210.690 175.032 32.609 39.422
211.819 174.185 32.609 39.422
212.949 171.361 32.609 39.422
214.925 166.844 32.609 39.422
214.000 167.537 33.330 40.295
211.743 167.096 32.619 39.435
216.577 173.920 32.619 39.435
219.420 177.047 32.619 39.435
220.905 179.458 31.924 38.594
222.840 180.564 31.924 38.594
225.328 182.775 31.924 38.594
228.646 179.181 31.924 38.594
230.858 179.458 31.924 38.594
232.793 184.158 31.924 38.594
235.558 189.411 31.924 38.594
239.428 189.964 31.924 38.594
246.957 191.205 31.243 37.771
252.910 199.863 31.243 37.771
255.886 204.193 31.243 37.771
260.549 209.737 30.577 36.966
261.078 205.237 30.577 36.966
260.549 176.649 30.577 36.966
262.931 183.001 30.577 36.966
265.240 188.151 31.253 37.784
268.758 194.916 31.253 37.784
266.864 204.387 31.253 37.784
265.511 210.340 31.253 37.784
263.617 215.751 31.253 37.784
