16.000 88.000 19.000 51.000
17.612 88.806 19.000 51.000
18.955 88.537 19.000 51.000
20.298 88.537 19.000 51.000
22.178 88.537 19.000 51.000
23.522 89.075 19.000 51.000
24.327 89.075 19.000 51.000
26.476 89.612 19.000 51.000
28.357 89.075 19.000 51.000
30.237 90.149 19.000 51.000
31.849 90.418 19.000 51.000
32.655 90.686 19.000 51.000
33.729 89.880 19.000 51.000
35.610 90.418 19.000 51.000
37.222 90.686 19.000 51.000
39.102 90.418 19.000 51.000
40.714 91.761 19.000 51.000
41.788 90.955 19.000 51.000
43.400 90.149 19.000 51.000
45.818 91.224 19.000 51.000
47.161 92.029 19.000 51.000
49.041 91.492 19.000 51.000
50.922 92.298 19.000 51.000
52.533 92.567 19.000 51.000
53.876 91.224 19.000 51.000
55.757 91.761 19.000 51.000
57.369 90.955 19.000 51.000
59.786 91.761 19.000 51.000
60.861 90.418 19.000 51.000
62.741 91.492 19.000 51.000
64.084 90.955 19.000 51.000
65.159 90.418 19.000 51.000
65.965 90.149 19.000 51.000
68.382 89.343 19.000 51.000
70.800 90.149 19.000 51.000
72.143 91.224 19.000 51.000
73.218 92.298 19.000 51.000
72.143 93.104 19.000 51.000
70.800 93.910 19.000 51.000
70.800 94.447 19.000 51.000
77.037 91.734 19.420 52.128
81.911 93.113 19.006 51.017
86.209 93.113 19.006 51.017
88.895 92.576 19.006 51.017
88.895 90.964 19.006 51.017
89.969 90.427 19.006 51.017
91.313 90.158 19.006 51.017
93.462 90.964 19.006 51.017
94.805 90.427 19.006 51.017
95.879 91.233 19.006 51.017
97.491 89.352 19.006 51.017
99.909 90.696 19.006 51.017
100.715 89.352 19.006 51.017
103.132 90.964 19.006 51.017
105.550 90.158 19.006 51.017
107.162 90.158 19.006 51.017
109.311 89.621 19.006 51.017
111.191 87.741 19.006 51.017
112.803 87.741 19.006 51.017
114.415 88.009 19.006 51.017
116.832 89.084 19.006 51.017
117.638 89.084 19.006 51.017
118.713 89.621 19.006 51.017
119.787 88.815 19.006 51.017
121.667 89.890 19.006 51.017
123.279 90.158 19.006 51.017
125.160 90.158 19.006 51.017
126.234 91.233 19.006 51.017
128.115 92.039 19.006 51.017
129.726 92.307 19.006 51.017
131.069 92.576 19.006 51.017
132.681 91.233 19.006 51.017
134.293 92.576 19.006 51.017
136.442 91.770 19.006 51.017
139.934 90.964 19.006 51.017
141.009 92.039 19.006 51.017
141.815 91.501 19.006 51.017
142.889 91.233 19.006 51.017
144.232 92.039 19.006 51.017
146.918 90.964 19.006 51.017
148.799 90.427 19.006 51.017
150.411 90.696 19.006 51.017
152.291 89.084 19.006 51.017
154.440 89.890 19.006 51.017
156.589 88.815 19.006 51.017
156.858 89.084 19.006 51.017
158.201 88.278 19.006 51.017
159.813 87.741 19.006 51.017
160.887 87.203 19.006 51.017
162.499 88.009 19.006 51.017
164.379 86.935 19.006 51.017
167.334 88.278 19.006 51.017
169.215 87.741 19.006 51.017
170.020 86.935 19.006 51.017
171.095 84.786 19.006 51.017
172.641 83.449 18.601 49.929
174.217 85.551 18.601 49.929
175.531 85.026 18.601 49.929
177.107 86.340 18.601 49.929
179.209 85.289 18.601 49.929
180.459 84.770 18.204 48.864
183.027 85.797 18.204 48.864
184.825 87.852 18.204 48.864
187.137 90.164 18.204 48.864
188.165 90.164 18.204 48.864
189.706 90.678 18.204 48.864
192.017 90.421 18.204 48.864
192.531 90.678 18.204 48.864
194.586 89.650 18.204 48.864
196.898 89.907 18.204 48.864
197.925 90.164 18.204 48.864
199.467 89.650 18.204 48.864
200.751 88.366 18.204 48.864
202.549 89.393 18.204 48.864
204.347 87.852 18.204 48.864
205.888 86.311 18.204 48.864
207.686 84.513 18.204 48.864
208.970 85.797 18.204 48.864
209.484 84.513 18.204 48.864
211.796 85.541 18.204 48.864
213.080 82.715 18.204 48.864
214.878 84.256 18.204 48.864
217.246 87.312 18.607 49.945
219.085 88.363 18.607 49.945
221.712 89.151 18.607 49.945
223.289 88.100 18.607 49.945
225.128 87.049 18.607 49.945
227.230 88.625 18.607 49.945
227.230 87.574 18.607 49.945
229.332 89.414 18.607 49.945
230.965 89.124 19.019 51.050
233.383 89.124 19.019 51.050
236.069 88.855 19.019 51.050
237.144 88.587 19.019 51.050
238.755 88.855 19.019 51.050
239.830 89.393 19.019 51.050
241.710 89.930 19.019 51.050
243.322 89.393 19.019 51.050
244.934 88.855 19.019 51.050
246.277 88.049 19.019 51.050
247.889 87.512 19.019 51.050
248.963 86.975 19.019 51.050
251.112 86.438 19.019 51.050
252.993 87.244 19.019 51.050
254.873 86.706 19.019 51.050
255.679 85.900 19.019 51.050
257.291 85.363 19.019 51.050
259.977 86.438 19.019 51.050
261.857 86.706 19.019 51.050
264.006 86.169 19.019 51.050
266.155 87.781 19.019 51.050
268.036 86.975 19.019 51.050
269.379 85.900 19.019 51.050
271.528 88.049 19.019 51.050
271.797 87.512 19.019 51.050
273.946 87.781 19.019 51.050
275.826 88.855 19.019 51.050
277.706 88.587 19.019 51.050
279.587 88.587 19.019 51.050
281.467 88.318 19.019 51.050
284.153 88.855 19.019 51.050
285.497 88.587 19.019 51.050
287.108 88.587 19.019 51.050
289.257 88.318 19.019 51.050
290.869 88.855 19.019 51.050
292.212 88.049 19.019 51.050
293.824 87.512 19.019 51.050
294.898 87.244 19.019 51.050
296.510 87.244 19.019 51.050
297.853 86.169 19.019 51.050
300.002 87.244 19.019 51.050
301.346 86.706 19.019 51.050
303.226 85.900 19.019 51.050
304.838 85.363 19.019 51.050
306.718 86.438 19.019 51.050
