275.000 137.000 23.000 26.000
277.306 134.694 23.000 26.000
279.420 133.925 23.000 26.000
279.996 134.502 23.000 26.000
280.380 134.886 23.000 26.000
277.690 137.576 23.000 26.000
272.118 142.573 23.000 26.000
269.812 150.259 23.000 26.000
269.043 150.451 23.000 26.000
270.004 154.102 23.000 26.000
273.078 152.949 23.000 26.000
276.922 151.412 23.000 26.000
278.651 143.918 23.000 26.000
278.651 144.302 23.000 26.000
278.651 132.196 23.000 26.000
277.498 118.361 23.000 26.000
277.114 103.757 23.000 26.000
275.000 88.576 23.000 26.000
275.384 87.424 23.000 26.000
275.769 75.510 23.000 26.000
277.882 67.055 23.000 26.000
279.996 58.216 23.000 26.000
281.341 52.835 23.000 26.000
282.110 52.835 23.000 26.000
281.725 53.220 23.000 26.000
283.071 57.639 23.000 26.000
285.953 64.557 23.000 26.000
286.529 70.898 23.000 26.000
285.761 71.282 23.000 26.000
282.878 72.627 23.000 26.000
279.996 69.937 23.000 26.000
278.459 62.251 23.000 26.000
279.420 56.294 23.000 26.000
279.227 55.718 23.000 26.000
278.075 54.373 23.000 26.000
276.537 51.298 23.000 26.000
277.114 47.455 23.000 26.000
279.035 46.302 23.000 26.000
279.612 46.494 23.000 26.000
277.498 44.188 23.000 26.000
273.463 39.576 23.000 26.000
268.082 32.275 23.000 26.000
263.663 25.741 23.000 26.000
263.086 26.125 23.000 26.000
261.933 27.663 23.000 26.000
257.322 31.890 23.000 26.000
252.133 32.851 23.000 26.000
251.173 34.196 23.000 26.000
251.365 33.427 23.000 26.000
259.051 43.612 23.000 26.000
268.082 54.949 23.000 26.000
275.769 61.675 23.000 26.000
284.031 65.902 23.000 26.000
284.992 66.478 23.000 26.000
294.216 73.588 23.000 26.000
298.635 86.271 23.000 26.000
294.216 97.031 23.000 26.000
284.031 101.643 23.000 26.000
283.455 102.604 23.000 26.000
273.271 98.761 23.000 26.000
263.086 89.537 23.000 26.000
255.016 79.737 23.000 26.000
249.059 74.741 23.000 26.000
248.675 74.549 23.000 26.000
245.024 72.820 23.000 26.000
243.871 72.243 23.000 26.000
243.294 70.706 23.000 26.000
243.486 68.976 23.000 26.000
243.678 69.361 23.000 26.000
242.718 66.286 23.000 26.000
242.525 64.941 23.000 26.000
241.757 64.557 23.000 26.000
240.604 64.173 23.000 26.000
240.796 63.788 23.000 26.000
241.373 68.784 23.000 26.000
243.678 74.165 23.000 26.000
241.565 79.161 23.000 26.000
236.376 88.769 23.000 26.000
236.953 89.729 23.000 26.000
231.765 99.337 23.000 26.000
225.808 103.757 23.000 26.000
219.082 104.525 23.000 26.000
211.204 102.796 23.000 26.000
210.627 102.988 23.000 26.000
200.059 103.757 23.000 26.000
192.565 104.333 23.000 26.000
190.067 101.067 23.000 26.000
190.643 95.878 23.000 26.000
189.490 96.263 23.000 26.000
191.220 95.302 23.000 26.000
192.565 98.184 23.000 26.000
193.718 98.953 23.000 26.000
197.561 96.647 23.000 26.000
197.176 95.686 23.000 26.000
201.020 92.420 23.000 26.000
197.753 93.765 23.000 26.000
190.643 97.608 23.000 26.000
183.725 98.953 23.000 26.000
183.341 99.337 23.000 26.000
181.804 98.761 23.000 26.000
180.267 99.145 23.000 26.000
177.384 99.914 23.000 26.000
171.043 103.373 23.000 26.000
170.275 102.796 23.000 26.000
167.969 107.408 23.000 26.000
167.969 108.561 23.000 26.000
168.353 105.294 23.000 26.000
164.832 96.936 23.509 26.575
164.238 95.550 23.509 26.575
160.079 87.826 23.509 26.575
155.326 79.508 23.509 26.575
151.167 73.567 23.509 26.575
149.187 68.814 23.509 26.575
146.612 61.487 23.509 26.575
138.295 50.001 23.509 26.575
130.571 39.703 23.509 26.575
130.769 39.306 23.509 26.575
135.324 38.316 23.509 26.575
135.720 38.712 23.509 26.575
137.899 37.920 23.509 26.575
139.087 39.703 23.509 26.575
143.642 47.426 23.509 26.575
150.573 57.922 23.509 26.575
151.365 58.318 23.509 26.575
156.316 66.438 23.509 26.575
157.702 76.538 23.509 26.575
158.297 86.836 23.509 26.575
161.663 94.361 23.509 26.575
162.257 95.352 23.509 26.575
170.575 100.501 23.509 26.575
183.844 102.679 23.509 26.575
192.161 98.718 23.509 26.575
199.885 91.787 23.509 26.575
200.875 91.193 23.509 26.575
208.004 84.459 23.509 26.575
212.361 76.736 23.509 26.575
211.173 63.071 23.509 26.575
209.391 60.299 23.509 26.575
207.410 46.436 23.509 26.575
199.489 34.752 23.509 26.575
194.736 25.444 23.509 26.575
192.557 18.512 23.509 26.575
189.921 9.901 24.029 27.163
189.251 8.388 24.561 27.764
186.509 0.875 25.104 28.378
186.651 0.562 25.659 29.006
187.877 4.554 26.227 29.648
185.681 10.045 26.227 29.648
185.022 10.923 26.227 29.648
176.677 17.731 26.227 29.648
167.453 30.029 26.227 29.648
159.986 49.354 26.227 29.648
153.837 64.727 26.227 29.648
154.277 66.264 26.227 29.648
145.931 74.609 26.227 29.648
139.712 78.454 26.807 30.304
137.683 77.552 26.807 30.304
137.908 72.366 26.807 30.304
136.935 72.481 27.401 30.975
132.961 62.733 28.007 31.660
127.079 49.792 28.007 31.660
120.416 39.559 28.626 32.360
114.436 33.579 28.626 32.360
114.598 34.178 29.260 33.076
113.372 39.325 29.260 33.076
116.313 46.187 29.260 33.076
124.401 49.374 29.260 33.076
133.960 51.825 29.260 33.076
135.186 51.825 29.260 33.076
145.480 52.315 29.260 33.076
154.058 52.070 29.260 33.076
161.411 46.432 29.260 33.076
163.862 38.834 29.260 33.076
164.843 37.364 29.260 33.076
162.392 30.256 29.260 33.076
160.431 27.560 29.260 33.076
161.656 30.501 29.260 33.076
164.352 37.364 29.260 33.076
165.333 38.589 29.260 33.076
169.990 48.638 29.260 33.076
173.911 62.119 29.260 33.076
177.833 74.864 29.260 33.076
181.999 80.991 29.260 33.076
182.490 81.727 29.260 33.076
184.205 83.197 29.260 33.076
185.186 84.178 29.260 33.076
184.450 84.668 29.260 33.076
182.980 83.687 29.260 33.076
183.715 83.932 29.260 33.076
183.715 84.913 29.260 33.076
185.431 90.550 29.260 33.076
188.617 98.638 29.260 33.076
193.764 107.952 29.260 33.076
194.009 108.687 29.260 33.076
198.666 114.570 29.260 33.076
201.607 117.511 29.260 33.076
203.813 121.678 29.260 33.076
204.794 126.334 29.260 33.076
204.549 127.315 29.260 33.076
202.098 130.011 29.260 33.076
200.382 133.442 29.260 33.076
197.686 136.138 29.260 33.076
195.725 134.668 29.260 33.076
196.215 133.687 29.260 33.076
194.745 131.972 29.260 33.076
195.235 130.256 29.260 33.076
196.215 131.236 29.260 33.076
197.196 129.030 29.260 33.076
197.931 127.805 29.260 33.076
198.911 122.413 29.260 33.076
199.892 117.021 29.260 33.076
201.284 109.547 29.907 33.808
203.212 104.404 30.569 34.556
204.496 102.093 30.569 34.556
206.808 100.808 30.569 34.556
207.835 103.120 30.569 34.556
210.147 106.202 30.569 34.556
212.459 106.716 30.569 34.556
213.743 106.459 30.569 34.556
215.284 103.120 30.569 34.556
220.421 98.753 30.569 34.556
225.816 93.873 30.569 34.556
228.384 87.708 30.569 34.556
229.668 87.965 30.569 34.556
231.210 81.543 30.569 34.556
231.723 77.947 30.569 34.556
229.155 76.920 30.569 34.556
229.155 78.975 30.569 34.556
229.155 79.489 30.569 34.556
226.586 83.085 30.569 34.556
223.504 88.479 30.569 34.556
220.935 92.845 30.569 34.556
220.165 93.873 30.569 34.556
220.678 93.616 30.569 34.556
222.476 95.157 30.569 34.556
225.816 92.075 30.569 34.556
230.182 82.571 30.569 34.556
236.861 72.553 30.569 34.556
237.374 71.783 30.569 34.556
242.768 62.022 30.569 34.556
244.823 56.114 30.569 34.556
248.163 53.032 30.569 34.556
252.529 50.206 30.569 34.556
253.043 50.463 30.569 34.556
257.153 45.583 30.569 34.556
261.519 40.189 30.569 34.556
266.400 36.336 30.569 34.556
270.510 33.253 30.569 34.556
271.023 32.996 30.569 34.556
273.592 30.171 30.569 34.556
275.647 30.942 30.569 34.556
275.904 32.483 30.569 34.556
274.619 38.391 30.569 34.556
275.390 39.161 30.569 34.556
274.106 46.096 30.569 34.556
272.308 55.857 30.569 34.556
271.537 65.104 30.569 34.556
272.051 71.783 30.569 34.556
271.280 72.296 30.569 34.556
270.510 73.838 30.569 34.556
270.253 72.810 30.569 34.556
270.767 70.242 30.569 34.556
271.280 67.159 30.569 34.556
271.794 66.389 30.569 34.556
272.821 61.251 30.569 34.556
272.821 57.142 30.569 34.556
272.565 54.059 30.569 34.556
273.592 51.234 30.569 34.556
273.335 51.491 30.569 34.556
274.106 48.922 30.569 34.556
275.390 45.583 30.569 34.556
277.445 44.812 30.569 34.556
279.243 45.583 30.569 34.556
278.986 46.353 30.569 34.556
278.216 47.381 30.569 34.556
276.674 48.922 30.569 34.556
275.904 50.720 30.569 34.556
273.592 55.857 30.569 34.556
274.363 55.087 30.569 34.556
271.537 60.224 30.569 34.556
268.455 64.591 30.569 34.556
263.574 66.132 30.569 34.556
255.868 65.618 30.569 34.556
254.841 66.389 30.569 34.556
245.337 65.618 30.569 34.556
237.888 67.159 30.569 34.556
230.696 67.159 30.569 34.556
225.302 65.618 30.569 34.556
224.531 66.389 30.569 34.556
217.853 67.159 30.569 34.556
210.404 72.040 30.569 34.556
205.780 81.030 30.569 34.556
202.698 89.763 30.569 34.556
203.212 89.763 30.569 34.556
201.670 95.928 30.569 34.556
202.184 100.551 30.569 34.556
202.441 105.175 30.569 34.556
205.010 110.569 30.569 34.556
205.267 110.826 30.569 34.556
209.890 115.963 30.569 34.556
211.174 121.871 30.569 34.556
211.757 126.863 29.917 33.819
211.072 130.486 29.279 33.098
211.808 130.731 29.279 33.098
210.894 132.310 28.655 32.392
211.441 133.138 28.044 31.701
210.799 135.828 27.446 31.025
211.716 138.123 27.446 31.025
211.321 139.371 26.860 30.364
211.772 140.499 26.860 30.364
211.833 140.822 26.287 29.716
210.954 141.701 26.287 29.716
210.515 143.018 26.287 29.716
209.856 143.458 26.287 29.716
210.954 144.775 26.287 29.716
211.833 147.411 26.287 29.716
213.150 153.999 26.287 29.716
214.248 161.685 26.287 29.716
214.029 162.124 26.287 29.716
214.688 166.516 26.287 29.716
214.688 168.932 26.287 29.716
217.543 167.614 26.287 29.716
222.594 164.540 26.287 29.716
223.472 163.661 26.287 29.716
226.327 155.756 26.287 29.716
228.523 144.556 26.287 29.716
229.621 135.112 26.287 29.716
234.013 123.912 26.287 29.716
234.672 123.254 26.287 29.716
238.625 117.105 26.287 29.716
242.578 109.418 26.287 29.716
244.774 101.732 26.287 29.716
248.727 93.387 26.287 29.716
248.216 93.278 26.869 30.374
252.501 87.415 26.869 30.374
258.814 81.101 26.869 30.374
264.226 76.141 26.869 30.374
266.932 70.954 26.869 30.374
267.834 70.729 26.869 30.374
270.089 64.866 26.869 30.374
271.893 59.229 26.869 30.374
274.148 56.072 26.869 30.374
274.373 54.494 26.869 30.374
275.050 53.592 26.869 30.374
274.373 55.395 26.869 30.374
273.471 58.101 26.869 30.374
275.501 62.160 26.869 30.374
280.462 65.317 26.869 30.374
280.462 64.866 26.869 30.374
285.648 67.121 26.869 30.374
291.060 68.023 26.869 30.374
296.922 68.248 26.869 30.374
302.109 68.699 26.869 30.374
301.658 68.023 26.869 30.374
306.844 70.052 26.869 30.374
314.511 74.788 26.869 30.374
323.305 78.621 26.869 30.374
332.099 79.523 26.869 30.374
333.452 79.072 26.869 30.374
342.020 79.072 26.869 30.374
351.491 79.297 26.869 30.374
356.903 80.650 26.869 30.374
360.736 79.297 26.869 30.374
361.638 79.974 26.869 30.374
362.991 75.915 26.869 30.374
363.667 73.886 26.869 30.374
362.314 74.337 26.869 30.374
360.285 75.915 26.869 30.374
359.609 76.817 26.869 30.374
360.962 79.523 26.869 30.374
362.765 84.484 26.869 30.374
361.864 78.395 26.869 30.374
376.295 80.650 26.869 30.374
376.520 81.101 26.869 30.374
360.060 88.543 26.869 30.374
372.462 97.111 26.869 30.374
