142.000 125.000 91.000 40.000
138.459 124.494 91.000 40.000
133.906 125.506 91.000 40.000
127.835 125.506 91.000 40.000
124.800 126.012 91.000 40.000
119.741 123.482 91.000 40.000
115.188 123.988 91.000 40.000
110.635 123.988 91.000 40.000
105.576 123.482 91.000 40.000
100.012 121.965 91.000 40.000
95.459 120.953 91.000 40.000
91.412 120.447 91.000 40.000
86.353 118.929 91.000 40.000
81.800 119.941 91.000 40.000
75.224 118.424 91.000 40.000
72.188 117.412 91.000 40.000
66.624 116.400 91.000 40.000
60.553 116.906 91.000 40.000
55.494 116.906 91.000 40.000
50.941 115.894 91.000 40.000
44.365 115.894 91.000 40.000
39.812 114.882 91.000 40.000
32.729 115.388 91.000 40.000
26.153 113.365 91.000 40.000
21.094 114.882 91.000 40.000
15.024 115.894 91.000 40.000
10.471 117.412 91.000 40.000
4.906 117.918 91.000 40.000
-1.671 119.941 91.000 40.000
-7.235 121.459 91.000 40.000
-13.812 121.965 91.000 40.000
-16.341 125.000 91.000 40.000
-18.406 124.415 89.059 39.147
-20.421 127.797 87.160 38.312
-17.031 130.218 87.160 38.312
-17.070 131.111 85.301 37.495
-17.545 131.586 85.301 37.495
-15.647 132.060 85.301 37.495
-17.545 130.162 85.301 37.495
-16.121 131.111 85.301 37.495
-18.019 130.637 85.301 37.495
-16.596 131.586 85.301 37.495
-19.917 128.264 85.301 37.495
-18.494 127.790 85.301 37.495
-21.341 124.943 85.301 37.495
-18.494 124.468 85.301 37.495
-18.019 123.045 85.301 37.495
-17.070 121.147 85.301 37.495
-15.686 120.597 83.482 36.696
-14.292 118.738 83.482 36.696
-13.363 117.809 83.482 36.696
-12.433 115.950 83.482 36.696
-10.575 114.556 83.482 36.696
-8.716 114.556 83.482 36.696
-5.927 112.697 83.482 36.696
1.508 110.838 83.482 36.696
3.831 109.444 83.482 36.696
9.873 108.050 83.482 36.696
13.590 107.121 83.482 36.696
18.237 105.727 83.482 36.696
23.355 104.856 85.329 37.507
27.625 103.907 85.329 37.507
34.269 103.433 85.329 37.507
38.539 104.382 85.329 37.507
43.759 103.433 85.329 37.507
49.453 104.382 85.329 37.507
53.724 104.856 85.329 37.507
57.994 104.856 85.329 37.507
57.045 107.229 85.329 37.507
57.994 108.652 85.329 37.507
58.469 110.076 85.329 37.507
58.943 111.499 85.329 37.507
58.943 112.923 85.329 37.507
59.418 113.397 85.329 37.507
60.841 115.770 85.329 37.507
59.892 116.244 85.329 37.507
60.841 117.668 85.329 37.507
59.892 119.091 85.329 37.507
59.892 120.040 85.329 37.507
59.892 119.566 85.329 37.507
60.841 121.464 85.329 37.507
61.316 122.413 85.329 37.507
60.841 122.887 85.329 37.507
60.367 123.836 85.329 37.507
60.841 123.836 85.329 37.507
60.367 124.785 85.329 37.507
58.474 125.794 87.217 38.337
59.442 126.278 87.217 38.337
59.442 128.216 87.217 38.337
58.958 129.184 87.217 38.337
57.505 129.669 87.217 38.337
59.442 130.153 87.217 38.337
57.989 131.122 87.217 38.337
57.989 132.574 87.217 38.337
57.021 132.574 87.217 38.337
57.505 134.027 87.217 38.337
57.989 134.996 87.217 38.337
59.927 136.449 87.217 38.337
60.895 136.449 87.217 38.337
63.801 137.418 87.217 38.337
65.738 138.871 87.217 38.337
67.676 139.355 87.217 38.337
69.129 140.808 87.217 38.337
70.097 141.292 87.217 38.337
72.034 143.229 87.217 38.337
75.909 144.682 87.217 38.337
79.783 144.682 87.217 38.337
85.111 146.135 87.217 38.337
87.048 147.588 87.217 38.337
92.376 148.073 87.217 38.337
96.250 150.010 87.217 38.337
101.093 150.494 87.217 38.337
104.483 150.978 87.217 38.337
108.358 151.947 87.217 38.337
113.201 152.916 87.217 38.337
117.076 154.369 87.217 38.337
120.466 154.369 87.217 38.337
125.309 155.822 87.217 38.337
128.699 156.790 87.217 38.337
133.058 158.243 87.217 38.337
136.448 158.727 87.217 38.337
140.323 159.696 87.217 38.337
144.682 160.180 87.217 38.337
148.556 161.149 87.217 38.337
152.915 161.633 87.217 38.337
156.305 161.149 87.217 38.337
160.664 162.118 87.217 38.337
165.507 162.118 87.217 38.337
169.382 163.086 87.217 38.337
173.740 163.571 87.217 38.337
176.646 164.055 87.217 38.337
181.974 164.539 87.217 38.337
184.395 165.508 87.217 38.337
188.754 166.476 87.217 38.337
192.629 166.961 87.217 38.337
196.019 168.898 87.217 38.337
198.925 168.898 87.217 38.337
203.283 169.867 87.217 38.337
204.736 170.835 87.217 38.337
207.642 170.351 87.217 38.337
207.642 172.288 87.217 38.337
209.095 171.804 87.217 38.337
210.064 173.741 87.217 38.337
210.064 174.710 87.217 38.337
212.001 175.194 87.217 38.337
212.485 177.131 87.217 38.337
214.423 177.616 87.217 38.337
215.391 178.100 87.217 38.337
213.454 179.553 87.217 38.337
213.454 180.037 87.217 38.337
212.001 182.459 87.217 38.337
210.548 181.490 87.217 38.337
210.064 183.427 87.217 38.337
208.611 183.912 87.217 38.337
208.127 185.849 87.217 38.337
207.158 186.333 87.217 38.337
206.674 187.786 87.217 38.337
205.705 189.724 87.217 38.337
206.189 190.692 87.217 38.337
205.221 190.692 87.217 38.337
203.772 192.205 89.147 39.186
201.787 194.190 89.147 39.186
199.313 194.748 91.119 40.052
197.795 195.254 91.119 40.052
196.278 195.760 91.119 40.052
195.772 195.760 91.119 40.052
194.254 196.266 91.119 40.052
192.736 195.760 91.119 40.052
190.207 195.760 91.119 40.052
190.207 195.760 91.119 40.052
191.219 195.254 91.119 40.052
190.713 193.737 91.119 40.052
189.701 193.231 91.119 40.052
187.172 191.713 91.119 40.052
187.172 190.701 91.119 40.052
186.160 190.195 91.119 40.052
184.136 187.666 91.119 40.052
183.630 187.160 91.119 40.052
181.607 184.631 91.119 40.052
181.607 184.631 91.119 40.052
179.078 182.607 91.119 40.052
179.583 181.595 91.119 40.052
177.560 179.572 91.119 40.052
177.054 177.548 91.119 40.052
176.548 177.042 91.119 40.052
174.525 175.525 91.119 40.052
173.513 174.513 91.119 40.052
172.501 172.995 91.119 40.052
170.983 171.478 91.119 40.052
170.983 169.960 91.119 40.052
168.960 168.948 91.119 40.052
167.442 166.925 91.119 40.052
166.430 165.913 91.119 40.052
165.419 166.925 91.119 40.052
165.419 164.395 91.119 40.052
165.419 162.878 91.119 40.052
163.395 161.360 91.119 40.052
160.866 161.360 91.119 40.052
158.336 160.854 91.119 40.052
155.807 159.337 91.119 40.052
153.783 158.831 91.119 40.052
152.266 159.337 91.119 40.052
150.748 157.313 91.119 40.052
148.725 155.795 91.119 40.052
150.242 154.784 91.119 40.052
149.230 155.289 91.119 40.052
147.713 152.760 91.119 40.052
146.195 154.278 91.119 40.052
143.160 151.748 91.119 40.052
141.642 151.748 91.119 40.052
139.113 151.748 91.119 40.052
137.089 149.725 91.119 40.052
135.572 150.737 91.119 40.052
133.548 148.207 91.119 40.052
132.030 149.219 91.119 40.052
130.007 147.701 91.119 40.052
128.489 147.701 91.119 40.052
125.960 148.207 91.119 40.052
124.948 145.172 91.119 40.052
126.466 145.678 91.119 40.052
124.442 144.666 91.119 40.052
123.430 143.654 91.119 40.052
121.913 142.642 91.119 40.052
118.878 143.654 91.119 40.052
117.360 142.642 91.119 40.052
115.842 142.642 91.119 40.052
116.348 143.148 91.119 40.052
115.336 141.631 91.119 40.052
112.807 142.137 91.119 40.052
110.783 140.619 91.119 40.052
109.266 141.631 91.119 40.052
106.230 142.137 91.119 40.052
105.219 140.113 91.119 40.052
103.195 140.619 91.119 40.052
101.172 141.631 91.119 40.052
100.160 140.619 91.119 40.052
96.619 141.631 91.119 40.052
94.595 141.631 91.119 40.052
92.066 142.137 91.119 40.052
92.572 141.125 91.119 40.052
93.583 140.619 91.119 40.052
94.595 142.137 91.119 40.052
96.113 139.607 91.119 40.052
99.148 141.125 91.119 40.052
102.183 138.595 91.119 40.052
106.736 139.101 91.119 40.052
109.772 137.078 91.119 40.052
113.313 135.560 91.119 40.052
117.866 136.066 91.119 40.052
121.407 133.537 91.119 40.052
124.948 133.537 91.119 40.052
128.995 131.513 91.119 40.052
133.042 129.995 91.119 40.052
135.066 128.984 91.119 40.052
139.619 127.466 91.119 40.052
141.642 127.466 91.119 40.052
143.666 126.454 91.119 40.052
149.230 125.948 91.119 40.052
150.242 126.960 91.119 40.052
156.819 125.442 91.119 40.052
158.842 124.937 91.119 40.052
161.878 124.431 91.119 40.052
166.936 122.913 91.119 40.052
167.442 123.419 91.119 40.052
173.007 121.395 91.119 40.052
174.019 120.889 91.119 40.052
175.536 120.384 91.119 40.052
175.536 120.889 91.119 40.052
177.054 120.384 91.119 40.052
178.572 120.889 91.119 40.052
179.078 122.407 91.119 40.052
181.101 120.889 91.119 40.052
181.101 123.419 91.119 40.052
179.078 122.407 91.119 40.052
177.560 124.431 91.119 40.052
174.525 125.948 91.119 40.052
172.501 127.972 91.119 40.052
170.478 130.501 91.119 40.052
167.442 130.501 91.119 40.052
165.925 133.537 91.119 40.052
161.372 135.054 91.119 40.052
161.372 136.066 91.119 40.052
157.830 139.101 91.119 40.052
155.807 140.113 91.119 40.052
150.242 143.654 91.119 40.052
149.736 145.678 91.119 40.052
146.195 146.689 91.119 40.052
144.678 148.713 91.119 40.052
142.654 148.207 91.119 40.052
140.125 149.219 91.119 40.052
139.113 147.701 91.119 40.052
138.101 147.701 91.119 40.052
135.572 146.689 91.119 40.052
132.536 145.172 91.119 40.052
131.525 144.160 91.119 40.052
128.489 141.631 91.119 40.052
126.466 141.631 91.119 40.052
124.948 139.607 91.119 40.052
122.419 138.089 91.119 40.052
122.419 136.572 91.119 40.052
117.866 136.066 91.119 40.052
116.854 133.537 91.119 40.052
114.830 133.537 91.119 40.052
112.301 131.513 91.119 40.052
112.301 131.007 91.119 40.052
109.266 129.489 91.119 40.052
107.242 129.995 91.119 40.052
106.230 129.489 91.119 40.052
106.736 131.007 91.119 40.052
107.242 129.995 91.119 40.052
108.760 130.501 91.119 40.052
108.760 131.513 91.119 40.052
110.278 131.513 91.119 40.052
111.289 131.513 91.119 40.052
111.795 131.513 91.119 40.052
112.301 131.513 91.119 40.052
116.854 130.501 91.119 40.052
119.383 131.007 91.119 40.052
123.936 129.489 91.119 40.052
127.478 130.501 91.119 40.052
130.007 128.984 91.119 40.052
134.054 126.960 91.119 40.052
136.583 127.972 91.119 40.052
140.125 126.960 91.119 40.052
143.666 124.431 91.119 40.052
145.689 122.407 91.119 40.052
148.725 119.372 91.119 40.052
151.760 116.842 91.119 40.052
153.278 115.325 91.119 40.052
155.301 111.784 91.119 40.052
157.325 109.760 91.119 40.052
157.325 107.737 91.119 40.052
159.348 106.725 91.119 40.052
157.325 107.737 91.119 40.052
159.348 107.231 91.119 40.052
159.348 108.748 91.119 40.052
160.866 110.266 91.119 40.052
160.360 109.760 91.119 40.052
161.878 111.784 91.119 40.052
160.364 112.858 93.135 40.939
161.399 111.823 93.135 40.939
161.917 114.411 93.135 40.939
161.917 114.929 93.135 40.939
162.952 115.446 93.135 40.939
163.470 116.999 93.135 40.939
165.022 116.999 93.135 40.939
166.575 118.035 93.135 40.939
163.987 118.552 93.135 40.939
166.058 119.070 93.135 40.939
163.470 121.140 93.135 40.939
161.917 121.658 93.135 40.939
165.022 122.176 93.135 40.939
168.128 122.176 93.135 40.939
167.093 122.693 93.135 40.939
168.128 122.693 93.135 40.939
168.128 123.211 93.135 40.939
165.540 124.764 93.135 40.939
168.646 123.729 93.135 40.939
167.611 124.764 93.135 40.939
169.681 125.282 93.135 40.939
169.681 126.317 93.135 40.939
171.234 126.317 93.135 40.939
171.234 125.799 93.135 40.939
172.270 126.835 93.135 40.939
171.752 125.799 93.135 40.939
171.234 127.352 93.135 40.939
174.340 126.835 93.135 40.939
172.787 126.317 93.135 40.939
171.234 128.388 93.135 40.939
170.199 126.835 93.135 40.939
168.646 127.352 93.135 40.939
167.093 127.352 93.135 40.939
163.987 128.905 93.135 40.939
161.917 126.835 93.135 40.939
158.811 128.905 93.135 40.939
156.740 128.388 93.135 40.939
154.152 129.423 93.135 40.939
152.081 130.458 93.135 40.939
151.046 129.423 93.135 40.939
148.975 130.458 93.135 40.939
146.387 129.940 93.135 40.939
145.352 129.423 93.135 40.939
143.799 129.423 93.135 40.939
141.728 129.423 93.135 40.939
140.175 128.905 93.135 40.939
139.658 126.835 93.135 40.939
136.034 128.388 93.135 40.939
133.446 126.835 93.135 40.939
129.305 127.352 93.135 40.939
126.717 129.423 93.135 40.939
125.681 129.940 93.135 40.939
123.611 131.493 93.135 40.939
121.022 131.493 93.135 40.939
118.434 130.976 93.135 40.939
115.846 132.011 93.135 40.939
113.258 130.976 93.135 40.939
111.705 132.529 93.135 40.939
109.117 131.493 93.135 40.939
108.081 132.529 93.135 40.939
104.975 133.564 93.135 40.939
102.387 131.493 93.135 40.939
99.281 134.082 93.135 40.939
96.175 132.529 93.135 40.939
94.622 134.599 93.135 40.939
90.999 133.564 93.135 40.939
88.928 132.529 93.135 40.939
87.375 134.082 93.135 40.939
85.305 133.564 93.135 40.939
82.199 134.082 93.135 40.939
78.575 134.082 93.135 40.939
76.505 135.117 93.135 40.939
72.881 134.599 93.135 40.939
70.811 133.046 93.135 40.939
68.740 135.635 93.135 40.939
65.634 133.564 93.135 40.939
64.599 134.599 93.135 40.939
58.387 135.117 93.135 40.939
57.352 135.635 93.135 40.939
55.281 135.117 93.135 40.939
53.211 135.635 93.135 40.939
50.622 135.117 93.135 40.939
48.034 136.670 93.135 40.939
44.928 135.117 93.135 40.939
42.858 136.670 93.135 40.939
39.234 135.635 93.135 40.939
38.199 135.117 93.135 40.939
36.646 135.635 93.135 40.939
34.575 134.599 93.135 40.939
32.505 135.117 93.135 40.939
30.434 135.117 93.135 40.939
28.364 135.635 93.135 40.939
26.811 133.564 93.135 40.939
24.740 133.564 93.135 40.939
22.670 132.011 93.135 40.939
20.081 132.011 93.135 40.939
18.011 131.493 93.135 40.939
15.940 130.458 93.135 40.939
14.387 130.458 93.135 40.939
12.317 128.905 93.135 40.939
10.246 127.352 93.135 40.939
8.693 126.317 93.135 40.939
9.211 124.764 93.135 40.939
10.764 123.211 93.135 40.939
10.246 122.176 93.135 40.939
13.352 120.105 93.135 40.939
13.352 118.552 93.135 40.939
14.905 116.482 93.135 40.939
14.905 114.929 93.135 40.939
16.458 112.858 93.135 40.939
15.940 111.823 93.135 40.939
18.528 109.235 93.135 40.939
18.528 109.752 93.135 40.939
18.528 107.682 93.135 40.939
20.599 108.199 93.135 40.939
19.564 109.235 93.135 40.939
19.046 108.199 93.135 40.939
21.634 109.235 93.135 40.939
21.117 108.717 93.135 40.939
22.670 109.235 93.135 40.939
21.634 110.788 93.135 40.939
21.117 110.270 93.135 40.939
24.222 112.858 93.135 40.939
23.187 112.858 93.135 40.939
25.775 114.411 93.135 40.939
24.222 116.482 93.135 40.939
25.258 116.999 93.135 40.939
28.881 118.552 93.135 40.939
27.328 117.517 93.135 40.939
29.917 120.105 93.135 40.939
27.846 120.105 93.135 40.939
28.364 121.658 93.135 40.939
29.917 123.211 93.135 40.939
29.917 124.764 93.135 40.939
33.022 125.282 93.135 40.939
31.987 126.835 93.135 40.939
34.575 127.870 93.135 40.939
33.022 129.423 93.135 40.939
35.093 130.458 93.135 40.939
36.128 131.493 93.135 40.939
37.681 134.082 93.135 40.939
36.651 133.629 95.196 41.844
38.769 134.688 95.196 41.844
37.710 136.276 95.196 41.844
40.357 136.276 95.196 41.844
41.416 137.864 95.196 41.844
43.004 138.923 95.196 41.844
45.651 140.511 95.196 41.844
46.180 140.511 95.196 41.844
47.239 142.099 95.196 41.844
49.357 141.570 95.196 41.844
49.357 144.217 95.196 41.844
51.475 144.217 95.196 41.844
51.475 144.746 95.196 41.844
53.063 145.805 95.196 41.844
55.710 144.746 95.196 41.844
57.298 145.276 95.196 41.844
57.827 146.335 95.196 41.844
58.357 148.452 95.196 41.844
57.298 150.570 95.196 41.844
59.416 150.041 95.196 41.844
59.416 151.099 95.196 41.844
61.004 151.629 95.196 41.844
61.533 153.746 95.196 41.844
64.710 156.393 95.196 41.844
65.769 156.393 95.196 41.844
66.827 158.511 95.196 41.844
68.416 157.982 95.196 41.844
68.945 159.570 95.196 41.844
72.651 158.511 95.196 41.844
74.239 159.041 95.196 41.844
75.298 159.041 95.196 41.844
74.769 156.923 95.196 41.844
70.004 156.923 95.196 41.844
74.239 155.864 95.196 41.844
81.651 157.452 95.196 41.844
85.357 155.864 95.196 41.844
98.592 159.041 95.196 41.844
102.827 160.629 95.196 41.844
115.004 159.041 95.196 41.844
127.710 162.217 95.196 41.844
130.843 159.487 93.166 40.952
133.431 158.451 93.166 40.952
128.254 158.451 93.166 40.952
132.395 159.487 93.166 40.952
149.478 158.969 93.166 40.952
152.066 160.004 93.166 40.952
94.607 164.146 93.166 40.952
94.094 166.798 95.227 41.858
94.100 166.865 97.334 42.784
97.888 166.865 97.334 42.784
100.594 165.241 97.334 42.784
103.300 163.618 97.334 42.784
90.311 154.418 97.334 42.784
95.723 155.500 97.334 42.784
102.758 152.794 97.334 42.784
96.264 154.418 97.334 42.784
101.676 152.253 97.334 42.784
114.664 153.877 97.334 42.784
123.864 150.088 97.334 42.784
134.147 150.629 97.334 42.784
144.970 151.171 97.334 42.784
152.547 148.465 97.334 42.784
163.911 148.465 97.334 42.784
173.653 146.841 97.334 42.784
183.394 144.135 97.334 42.784
194.217 146.300 97.334 42.784
223.441 141.971 97.334 42.784
218.570 144.677 97.334 42.784
223.441 142.512 97.334 42.784
230.476 143.053 97.334 42.784
238.053 140.888 97.334 42.784
245.629 137.641 97.334 42.784
173.653 141.971 97.334 42.784
154.711 138.724 97.334 42.784
153.629 136.018 97.334 42.784
154.717 136.627 99.488 43.731
165.776 133.862 99.488 43.731
167.435 132.203 99.488 43.731
120.988 129.991 99.488 43.731
120.435 127.780 99.488 43.731
114.905 131.097 99.488 43.731
117.670 130.544 99.488 43.731
118.776 132.756 99.488 43.731
126.517 128.886 99.488 43.731
128.176 129.438 99.488 43.731
131.493 127.780 99.488 43.731
137.023 128.333 99.488 43.731
140.893 128.886 99.488 43.731
150.293 127.780 99.488 43.731
153.058 127.780 99.488 43.731
78.964 142.709 99.488 43.731
82.835 142.709 99.488 43.731
80.623 142.156 99.488 43.731
81.176 141.050 99.488 43.731
79.517 139.944 99.488 43.731
76.752 139.944 99.488 43.731
76.199 138.286 99.488 43.731
76.199 139.391 99.488 43.731
72.329 137.733 99.488 43.731
70.670 136.627 99.488 43.731
69.011 136.627 99.488 43.731
66.799 135.521 99.488 43.731
65.140 135.521 99.488 43.731
64.035 133.309 99.488 43.731
64.035 133.309 99.488 43.731
60.717 132.203 99.488 43.731
61.270 132.756 99.488 43.731
57.952 131.650 99.488 43.731
57.399 131.097 99.488 43.731
55.740 131.650 99.488 43.731
54.635 129.991 99.488 43.731
55.188 130.544 99.488 43.731
53.529 129.991 99.488 43.731
51.317 127.780 99.488 43.731
52.423 128.333 99.488 43.731
47.446 128.886 99.488 43.731
48.552 127.780 99.488 43.731
44.129 127.780 99.488 43.731
43.576 126.674 99.488 43.731
41.917 126.674 99.488 43.731
39.705 126.121 99.488 43.731
40.258 126.121 99.488 43.731
37.493 126.674 99.488 43.731
35.282 123.356 99.488 43.731
33.623 123.909 99.488 43.731
33.623 121.144 99.488 43.731
35.282 120.038 99.488 43.731
31.964 118.380 99.488 43.731
37.448 117.740 97.366 42.798
39.613 117.199 97.366 42.798
42.860 118.281 97.366 42.798
45.025 120.987 97.366 42.798
49.354 122.611 97.366 42.798
53.684 122.611 97.366 42.798
58.013 121.528 97.366 42.798
63.425 123.152 97.366 42.798
67.213 120.987 97.366 42.798
72.084 121.528 97.366 42.798
75.331 121.528 97.366 42.798
79.119 120.446 97.366 42.798
83.990 119.905 97.366 42.798
88.860 118.281 97.366 42.798
92.107 118.281 97.366 42.798
93.731 117.199 97.366 42.798
95.895 116.658 97.366 42.798
97.519 115.034 97.366 42.798
99.142 114.493 97.366 42.798
101.848 116.117 97.366 42.798
103.472 115.034 97.366 42.798
105.637 115.034 97.366 42.798
107.260 114.493 97.366 42.798
109.425 116.658 97.366 42.798
109.425 114.493 97.366 42.798
112.672 116.117 97.366 42.798
114.837 115.034 97.366 42.798
118.625 114.493 97.366 42.798
120.790 116.117 97.366 42.798
121.331 115.034 97.366 42.798
124.578 114.493 97.366 42.798
122.954 116.658 97.366 42.798
127.284 113.952 97.366 42.798
129.990 115.575 97.366 42.798
130.531 115.575 97.366 42.798
132.695 115.034 97.366 42.798
134.860 114.493 97.366 42.798
138.648 114.493 97.366 42.798
139.190 113.952 97.366 42.798
140.272 112.869 97.366 42.798
139.731 113.411 97.366 42.798
134.860 113.952 97.366 42.798
131.072 112.869 97.366 42.798
126.201 113.411 97.366 42.798
119.707 111.787 97.366 42.798
113.754 111.246 97.366 42.798
109.966 110.705 97.366 42.798
108.342 110.705 97.366 42.798
96.437 109.081 97.366 42.798
88.860 110.705 97.366 42.798
83.448 109.622 97.366 42.798
86.695 107.999 97.366 42.798
90.484 109.081 97.366 42.798
96.437 106.917 97.366 42.798
110.507 105.293 97.366 42.798
122.954 104.752 97.366 42.798
135.942 103.128 97.366 42.798
153.260 102.046 97.366 42.798
165.707 102.046 97.366 42.798
178.695 100.422 97.366 42.798
187.895 101.505 97.366 42.798
195.428 100.338 95.290 41.886
200.192 98.220 95.290 41.886
208.620 99.725 93.258 40.992
211.726 96.620 93.258 40.992
212.761 94.549 93.258 40.992
213.797 92.996 93.258 40.992
218.973 91.443 93.258 40.992
215.350 89.372 93.258 40.992
218.455 86.267 93.258 40.992
222.079 84.196 93.258 40.992
224.667 83.161 93.258 40.992
228.291 79.537 93.258 40.992
231.914 77.984 93.258 40.992
228.808 74.361 93.258 40.992
231.397 73.843 93.258 40.992
232.950 77.467 93.258 40.992
237.050 82.045 91.269 40.118
240.605 85.092 91.269 40.118
243.101 86.535 89.323 39.263
199.447 98.441 89.323 39.263
201.927 98.937 89.323 39.263
207.344 97.372 87.418 38.425
207.830 99.317 87.418 38.425
206.858 98.830 87.418 38.425
205.885 100.776 87.418 38.425
205.885 99.317 87.418 38.425
205.885 99.317 87.418 38.425
206.372 98.344 87.418 38.425
206.858 99.803 87.418 38.425
206.372 98.344 87.418 38.425
206.858 97.858 87.418 38.425
205.399 100.289 87.418 38.425
206.372 97.372 87.418 38.425
205.399 98.830 87.418 38.425
203.940 98.344 87.418 38.425
203.454 96.885 87.418 38.425
202.968 99.317 87.418 38.425
201.995 96.885 87.418 38.425
200.542 97.919 89.352 39.276
201.038 95.935 89.352 39.276
200.046 96.431 89.352 39.276
200.046 96.927 89.352 39.276
200.046 94.943 89.352 39.276
196.573 96.927 89.352 39.276
194.093 95.935 89.352 39.276
191.116 96.927 89.352 39.276
187.644 95.935 89.352 39.276
184.667 97.919 89.352 39.276
182.187 97.423 89.352 39.276
178.714 98.415 89.352 39.276
175.738 99.407 89.352 39.276
172.265 100.399 89.352 39.276
170.777 99.407 89.352 39.276
164.328 101.392 89.352 39.276
158.871 100.399 89.352 39.276
152.918 101.888 89.352 39.276
145.973 102.880 89.352 39.276
139.028 101.392 89.352 39.276
128.614 104.430 91.329 40.145
121.504 103.414 91.329 40.145
118.457 105.445 91.329 40.145
109.824 106.969 91.329 40.145
104.238 106.969 91.329 40.145
93.578 108.048 93.349 41.033
84.225 109.088 93.349 41.033
81.108 107.529 93.349 41.033
76.951 111.686 93.349 41.033
74.872 111.686 93.349 41.033
73.833 113.244 93.349 41.033
72.794 112.725 93.349 41.033
76.431 114.284 93.349 41.033
77.990 112.725 93.349 41.033
75.912 114.803 93.349 41.033
80.588 114.284 93.349 41.033
80.068 114.284 93.349 41.033
82.147 115.323 93.349 41.033
84.225 113.764 93.349 41.033
84.225 115.323 93.349 41.033
87.863 114.284 93.349 41.033
90.461 113.244 93.349 41.033
90.461 114.284 93.349 41.033
94.098 114.803 93.349 41.033
93.578 115.842 93.349 41.033
97.216 117.401 93.349 41.033
98.774 115.323 93.349 41.033
100.853 117.921 93.349 41.033
99.294 118.441 93.349 41.033
104.490 117.401 93.349 41.033
102.931 119.480 93.349 41.033
106.568 118.441 93.349 41.033
109.686 120.519 93.349 41.033
111.765 119.999 93.349 41.033
115.402 120.519 93.349 41.033
113.323 121.558 93.349 41.033
116.961 122.597 93.349 41.033
119.559 121.039 93.349 41.033
123.716 122.597 93.349 41.033
125.794 121.558 93.349 41.033
128.392 121.558 93.349 41.033
129.431 120.519 93.349 41.033
133.588 121.039 93.349 41.033
139.779 119.917 91.359 40.158
139.779 121.441 91.359 40.158
143.842 120.425 91.359 40.158
146.889 120.933 91.359 40.158
144.858 119.409 91.359 40.158
147.397 115.855 91.359 40.158
139.785 110.332 93.380 41.046
141.863 106.695 93.380 41.046
143.422 104.097 93.380 41.046
149.137 104.616 93.380 41.046
153.814 101.498 93.380 41.046
159.010 103.057 93.380 41.046
165.245 100.979 93.380 41.046
170.961 101.498 93.380 41.046
175.637 99.940 93.380 41.046
181.353 97.861 93.380 41.046
186.549 96.302 93.380 41.046
192.265 94.744 93.380 41.046
197.981 93.704 93.380 41.046
203.177 92.665 93.380 41.046
211.490 91.106 93.380 41.046
220.324 90.587 93.380 41.046
222.922 91.106 93.380 41.046
226.559 89.028 93.380 41.046
232.275 87.469 93.380 41.046
235.392 89.028 93.380 41.046
240.588 86.430 93.380 41.046
246.261 85.309 91.389 40.171
252.355 87.848 91.389 40.171
235.088 84.801 91.389 40.171
236.612 83.785 91.389 40.171
233.057 80.230 91.389 40.171
232.549 77.691 91.389 40.171
232.041 74.644 91.389 40.171
204.617 79.722 91.389 40.171
201.063 81.246 91.389 40.171
213.759 83.277 91.389 40.171
226.963 78.707 91.389 40.171
228.994 80.230 91.389 40.171
228.486 81.246 91.389 40.171
230.010 78.199 91.389 40.171
231.025 79.215 91.389 40.171
230.010 78.707 91.389 40.171
228.486 80.738 91.389 40.171
227.978 82.262 91.389 40.171
229.502 77.691 91.389 40.171
228.486 80.230 91.389 40.171
227.978 82.262 91.389 40.171
228.994 76.675 91.389 40.171
229.502 78.199 91.389 40.171
228.994 78.199 91.389 40.171
227.978 76.675 91.389 40.171
228.486 77.183 91.389 40.171
228.994 76.675 91.389 40.171
228.486 77.183 91.389 40.171
229.502 77.691 91.389 40.171
230.010 73.120 91.389 40.171
229.502 73.120 91.389 40.171
230.010 72.613 91.389 40.171
230.517 71.597 91.389 40.171
231.025 71.089 91.389 40.171
230.010 68.550 91.389 40.171
226.459 66.074 93.411 41.060
222.303 66.594 93.411 41.060
225.420 67.113 93.411 41.060
228.538 65.035 93.411 41.060
228.018 67.113 93.411 41.060
230.616 65.035 93.411 41.060
232.695 66.594 93.411 41.060
238.930 66.594 93.411 41.060
244.126 62.956 93.411 41.060
249.322 63.996 93.411 41.060
224.381 66.074 93.411 41.060
223.861 67.633 93.411 41.060
222.822 69.711 93.411 41.060
223.342 69.192 93.411 41.060
220.224 70.231 93.411 41.060
225.420 70.751 93.411 41.060
227.499 70.231 93.411 41.060
228.538 70.751 93.411 41.060
228.538 70.231 93.411 41.060
228.018 68.153 93.411 41.060
226.979 67.633 93.411 41.060
226.979 67.633 93.411 41.060
226.979 67.113 93.411 41.060
227.499 67.113 93.411 41.060
228.538 67.633 93.411 41.060
229.057 68.153 93.411 41.060
228.538 68.153 93.411 41.060
229.057 67.633 93.411 41.060
228.018 67.113 93.411 41.060
227.499 67.113 93.411 41.060
229.577 66.074 93.411 41.060
228.018 66.594 93.411 41.060
227.499 67.113 93.411 41.060
228.538 65.555 93.411 41.060
226.979 67.633 93.411 41.060
228.018 65.035 93.411 41.060
226.979 65.555 93.411 41.060
225.940 67.113 93.411 41.060
226.459 64.515 93.411 41.060
228.018 67.633 93.411 41.060
229.057 67.633 93.411 41.060
229.577 70.751 93.411 41.060
230.097 73.868 93.411 41.060
231.655 76.986 93.411 41.060
236.289 74.306 91.419 40.184
231.210 70.751 91.419 40.184
228.671 68.720 91.419 40.184
229.687 69.735 91.419 40.184
231.718 69.735 91.419 40.184
235.273 68.212 91.419 40.184
234.257 68.212 91.419 40.184
232.734 66.181 91.419 40.184
232.226 60.594 91.419 40.184
231.718 57.039 91.419 40.184
231.718 54.500 91.419 40.184
235.781 7.271 91.419 40.184
236.289 3.716 91.419 40.184
232.734 -0.347 91.419 40.184
233.242 -3.902 91.419 40.184
231.718 0.161 91.419 40.184
229.179 8.286 91.419 40.184
220.546 12.349 91.419 40.184
224.608 12.349 91.419 40.184
227.148 12.857 91.419 40.184
228.163 10.826 91.419 40.184
230.195 8.794 91.419 40.184
231.718 6.763 91.419 40.184
233.242 5.747 91.419 40.184
233.750 5.239 91.419 40.184
229.687 6.255 91.419 40.184
169.761 1.684 91.419 40.184
173.824 -2.378 91.419 40.184
183.473 0.161 91.419 40.184
192.614 -3.902 91.419 40.184
202.263 -1.363 91.419 40.184
210.389 -4.410 91.419 40.184
218.514 -2.378 91.419 40.184
228.163 -0.347 91.419 40.184
231.718 -2.886 91.419 40.184
231.210 -6.949 91.419 40.184
226.132 -8.472 91.419 40.184
229.179 -7.457 91.419 40.184
231.718 -7.965 91.419 40.184
234.257 -4.917 91.419 40.184
235.273 -1.870 91.419 40.184
238.320 1.177 91.419 40.184
226.132 -1.870 91.419 40.184
233.201 0.589 89.469 39.327
237.641 -2.976 87.561 38.488
237.155 -4.434 87.561 38.488
237.641 -2.489 87.561 38.488
238.127 -5.893 87.561 38.488
231.806 29.119 87.561 38.488
237.155 32.522 87.561 38.488
241.979 31.474 85.694 37.668
238.643 29.568 85.694 37.668
242.932 32.427 85.694 37.668
239.596 27.186 85.694 37.668
239.120 21.945 85.694 37.668
242.455 21.945 85.694 37.668
238.643 18.609 85.694 37.668
239.120 -0.450 85.694 37.668
235.308 -2.355 85.694 37.668
234.355 -6.167 85.694 37.668
237.214 -7.120 85.694 37.668
235.308 -8.073 85.694 37.668
235.784 -6.644 85.694 37.668
235.784 -8.073 85.694 37.668
235.308 -5.214 85.694 37.668
232.449 -4.261 85.694 37.668
234.355 -3.308 85.694 37.668
231.020 -5.214 85.694 37.668
232.449 -4.261 85.694 37.668
