122.000 51.000 51.000 61.000
122.103 52.092 49.912 59.699
122.534 52.523 49.912 59.699
122.965 52.954 49.912 59.699
123.397 54.680 49.912 59.699
122.534 55.543 49.912 59.699
122.534 56.405 49.912 59.699
122.534 56.837 49.912 59.699
122.103 57.699 49.912 59.699
121.671 58.131 49.912 59.699
122.103 58.994 49.912 59.699
121.671 59.425 49.912 59.699
121.671 59.425 49.912 59.699
121.671 59.425 49.912 59.699
121.671 59.856 49.912 59.699
121.240 60.288 49.912 59.699
121.341 60.493 48.848 58.426
120.919 60.493 48.848 58.426
121.341 61.336 48.848 58.426
120.498 60.914 48.848 58.426
120.919 61.758 48.848 58.426
120.919 61.758 48.848 58.426
120.498 61.758 48.848 58.426
120.076 62.179 48.848 58.426
119.654 62.601 48.848 58.426
120.076 63.022 48.848 58.426
119.233 63.022 48.848 58.426
118.811 63.022 48.848 58.426
119.233 63.444 48.848 58.426
118.811 62.179 48.848 58.426
118.811 62.601 48.848 58.426
117.547 61.758 48.848 58.426
116.282 60.914 48.848 58.426
114.174 60.493 48.848 58.426
112.066 59.650 48.848 58.426
111.645 58.807 48.848 58.426
109.537 57.963 48.848 58.426
108.694 57.542 48.848 58.426
108.272 56.699 48.848 58.426
107.429 56.277 48.848 58.426
107.950 57.322 47.806 57.180
109.191 57.735 47.806 57.180
109.191 56.908 47.806 57.180
110.432 56.081 47.806 57.180
111.260 55.253 47.806 57.180
112.501 54.426 47.806 57.180
113.742 52.771 47.806 57.180
114.983 52.357 47.806 57.180
115.811 52.771 47.806 57.180
115.811 52.771 47.806 57.180
115.811 54.012 47.806 57.180
116.224 55.253 47.806 57.180
115.397 57.735 47.806 57.180
115.811 58.977 47.806 57.180
116.224 61.459 47.806 57.180
115.811 63.941 47.806 57.180
116.638 66.010 47.806 57.180
116.638 67.665 47.806 57.180
116.638 69.320 47.806 57.180
116.320 72.826 46.787 55.961
115.607 75.038 45.789 54.767
114.511 77.206 44.813 53.599
115.284 79.138 44.813 53.599
113.830 80.868 43.857 52.456
115.433 82.563 42.922 51.338
115.804 83.674 42.922 51.338
116.174 84.786 42.922 51.338
117.657 85.898 42.922 51.338
119.139 86.639 42.922 51.338
120.992 87.010 42.922 51.338
121.629 87.924 43.871 52.474
123.900 89.059 43.871 52.474
125.792 89.059 43.871 52.474
127.305 87.546 43.871 52.474
128.819 86.032 43.871 52.474
127.577 83.938 44.842 53.635
127.189 81.608 44.842 53.635
126.024 80.832 44.842 53.635
126.801 78.114 44.842 53.635
125.528 75.580 45.834 54.821
125.528 73.203 45.834 54.821
125.132 72.015 45.834 54.821
125.132 71.619 45.834 54.821
124.736 70.827 45.834 54.821
124.340 70.034 45.834 54.821
125.132 69.638 45.834 54.821
124.736 68.846 45.834 54.821
123.944 68.450 45.834 54.821
123.944 67.658 45.834 54.821
122.248 65.863 46.848 56.034
121.845 65.055 46.848 56.034
121.037 63.036 46.848 56.034
120.229 61.824 46.848 56.034
119.017 60.612 46.848 56.034
117.805 58.997 46.848 56.034
115.382 57.381 46.848 56.034
114.170 56.977 46.848 56.034
112.554 56.573 46.848 56.034
111.343 55.765 46.848 56.034
109.727 55.765 46.848 56.034
108.111 55.361 46.848 56.034
107.707 54.957 46.848 56.034
106.495 55.765 46.848 56.034
106.899 55.765 46.848 56.034
105.688 55.361 46.848 56.034
104.880 54.957 46.848 56.034
104.765 54.338 47.885 57.274
104.765 53.924 47.885 57.274
105.179 53.510 47.885 57.274
106.007 53.510 47.885 57.274
106.420 53.924 47.885 57.274
107.248 53.924 47.885 57.274
107.662 54.751 47.885 57.274
108.075 55.992 47.885 57.274
108.489 56.406 47.885 57.274
109.730 58.061 47.885 57.274
109.730 58.889 47.885 57.274
110.971 60.130 47.885 57.274
111.799 61.785 47.885 57.274
112.626 63.440 47.885 57.274
111.799 64.681 47.885 57.274
112.213 65.508 47.885 57.274
113.040 65.922 47.885 57.274
113.040 65.922 47.885 57.274
113.867 67.163 47.885 57.274
113.867 67.990 47.885 57.274
113.867 67.577 47.885 57.274
114.281 68.818 47.885 57.274
114.695 67.990 47.885 57.274
113.867 67.163 47.885 57.274
113.867 66.749 47.885 57.274
113.867 67.577 47.885 57.274
113.867 66.749 47.885 57.274
113.454 67.163 47.885 57.274
114.281 66.749 47.885 57.274
113.867 67.577 47.885 57.274
113.454 67.163 47.885 57.274
114.281 66.749 47.885 57.274
113.040 67.990 47.885 57.274
112.213 66.336 47.885 57.274
111.799 67.163 47.885 57.274
110.144 66.749 47.885 57.274
109.730 66.336 47.885 57.274
107.662 65.094 47.885 57.274
106.420 64.681 47.885 57.274
105.276 65.705 46.864 56.053
104.968 65.495 45.864 54.857
105.364 66.287 45.864 54.857
104.572 66.683 45.864 54.857
105.364 65.891 45.864 54.857
104.064 65.284 46.879 56.071
105.688 65.690 46.879 56.071
105.282 66.502 46.879 56.071
106.906 67.314 46.879 56.071
106.094 67.719 46.879 56.071
106.906 68.531 46.879 56.071
107.312 68.937 46.879 56.071
108.123 69.343 46.879 56.071
108.123 69.343 46.879 56.071
108.529 68.937 46.879 56.071
108.935 68.937 46.879 56.071
108.935 69.343 46.879 56.071
108.123 68.125 46.879 56.071
108.011 67.099 47.916 57.311
108.011 67.513 47.916 57.311
107.597 67.513 47.916 57.311
107.597 67.513 47.916 57.311
108.011 67.513 47.916 57.311
108.011 67.513 47.916 57.311
108.011 67.513 47.916 57.311
107.597 67.513 47.916 57.311
107.183 67.099 47.916 57.311
107.183 66.272 47.916 57.311
106.769 66.685 47.916 57.311
105.942 65.858 47.916 57.311
105.942 65.031 47.916 57.311
105.528 64.617 47.916 57.311
105.942 65.031 47.916 57.311
104.287 64.203 47.916 57.311
104.701 64.203 47.916 57.311
104.287 63.789 47.916 57.311
104.287 64.203 47.916 57.311
103.873 63.789 47.916 57.311
103.873 64.203 47.916 57.311
103.873 64.203 47.916 57.311
103.873 64.203 47.916 57.311
103.873 64.203 47.916 57.311
103.873 64.203 47.916 57.311
104.287 64.617 47.916 57.311
104.287 64.617 47.916 57.311
104.287 64.617 47.916 57.311
104.701 65.031 47.916 57.311
104.701 64.617 47.916 57.311
104.701 65.031 47.916 57.311
104.701 65.031 47.916 57.311
105.528 65.031 47.916 57.311
106.769 65.444 47.916 57.311
106.356 66.272 47.916 57.311
107.183 66.685 47.916 57.311
107.280 67.710 46.894 56.089
108.092 68.522 46.894 56.089
108.498 68.928 46.894 56.089
108.904 70.146 46.894 56.089
108.498 70.146 46.894 56.089
109.810 70.744 45.894 54.893
109.810 71.140 45.894 54.893
109.810 71.932 45.894 54.893
109.414 72.328 45.894 54.893
109.018 73.120 45.894 54.893
109.414 73.120 45.894 54.893
108.621 73.516 45.894 54.893
108.621 74.308 45.894 54.893
108.225 74.308 45.894 54.893
107.433 74.704 45.894 54.893
107.433 73.912 45.894 54.893
107.433 73.516 45.894 54.893
107.037 73.912 45.894 54.893
107.829 73.120 45.894 54.893
107.433 73.120 45.894 54.893
106.641 73.120 45.894 54.893
107.037 72.724 45.894 54.893
106.641 72.328 45.894 54.893
105.942 72.517 44.916 53.723
105.942 72.517 44.916 53.723
105.166 72.129 44.916 53.723
104.389 71.352 44.916 53.723
104.001 71.352 44.916 53.723
104.001 71.352 44.916 53.723
104.001 70.964 44.916 53.723
103.613 70.188 44.916 53.723
103.225 70.188 44.916 53.723
102.836 70.188 44.916 53.723
103.613 70.576 44.916 53.723
103.613 71.352 44.916 53.723
103.613 71.741 44.916 53.723
103.613 71.741 44.916 53.723
103.613 72.129 44.916 53.723
103.613 72.905 44.916 53.723
103.225 72.905 44.916 53.723
102.448 73.294 44.916 53.723
102.448 73.682 44.916 53.723
102.448 72.517 44.916 53.723
102.836 73.682 44.916 53.723
103.613 72.517 44.916 53.723
103.613 73.294 44.916 53.723
103.504 72.311 45.909 54.911
103.900 72.707 45.909 54.911
104.296 73.103 45.909 54.911
103.504 73.499 45.909 54.911
103.504 73.895 45.909 54.911
103.108 73.499 45.909 54.911
102.712 73.103 45.909 54.911
103.108 71.915 45.909 54.911
101.920 69.539 45.909 54.911
102.316 69.142 45.909 54.911
101.524 66.766 45.909 54.911
102.316 64.786 45.909 54.911
102.316 63.201 45.909 54.911
102.316 62.013 45.909 54.911
101.920 59.637 45.909 54.911
102.712 57.656 45.909 54.911
102.712 55.676 45.909 54.911
102.316 53.695 45.909 54.911
102.316 51.319 45.909 54.911
102.316 50.131 45.909 54.911
102.316 47.754 45.909 54.911
102.316 46.170 45.909 54.911
102.712 44.982 45.909 54.911
103.108 43.793 45.909 54.911
102.316 42.209 45.909 54.911
102.712 42.605 45.909 54.911
103.108 41.021 45.909 54.911
103.108 42.209 45.909 54.911
103.900 43.001 45.909 54.911
105.088 44.190 45.909 54.911
105.088 44.982 45.909 54.911
105.881 46.170 45.909 54.911
107.465 47.358 45.909 54.911
107.465 49.339 45.909 54.911
109.049 50.527 45.909 54.911
109.841 51.715 45.909 54.911
111.822 51.715 45.909 54.911
112.614 52.903 45.909 54.911
113.010 54.091 45.909 54.911
113.802 54.488 45.909 54.911
114.198 55.280 45.909 54.911
113.802 55.676 45.909 54.911
114.594 55.676 45.909 54.911
114.594 56.072 45.909 54.911
115.387 57.260 45.909 54.911
115.783 58.448 45.909 54.911
116.575 60.033 45.909 54.911
116.971 60.825 45.909 54.911
118.159 61.617 45.909 54.911
117.763 63.201 45.909 54.911
119.347 64.786 45.909 54.911
118.159 65.974 45.909 54.911
118.555 67.162 45.909 54.911
118.951 68.350 45.909 54.911
118.951 70.331 45.909 54.911
118.951 71.519 45.909 54.911
118.951 73.499 45.909 54.911
117.064 75.273 44.930 53.740
115.900 76.050 44.930 53.740
117.452 76.826 44.930 53.740
115.511 77.602 44.930 53.740
116.288 78.379 44.930 53.740
114.735 78.379 44.930 53.740
115.511 78.767 44.930 53.740
114.626 78.173 45.924 54.929
114.626 79.361 45.924 54.929
114.626 80.153 45.924 54.929
113.834 79.757 45.924 54.929
113.326 77.961 46.940 56.144
112.108 78.367 46.940 56.144
111.702 77.555 46.940 56.144
110.891 75.932 46.940 56.144
110.079 75.932 46.940 56.144
108.144 75.719 45.939 54.947
106.956 74.926 45.939 54.947
106.560 74.926 45.939 54.947
103.675 73.922 46.956 56.163
102.863 73.922 46.956 56.163
100.834 73.111 46.956 56.163
99.711 72.086 45.955 54.965
97.731 72.482 45.955 54.965
96.240 70.296 44.975 53.793
95.075 70.684 44.975 53.793
93.413 70.089 45.970 54.983
92.225 69.693 45.970 54.983
90.641 69.297 45.970 54.983
89.547 68.299 44.989 53.811
88.382 68.687 44.989 53.811
87.605 69.075 44.989 53.811
86.052 68.299 44.989 53.811
84.888 67.522 44.989 53.811
83.225 66.927 45.985 55.001
81.633 66.927 45.985 55.001
80.041 66.927 45.985 55.001
78.449 66.927 45.985 55.001
77.255 66.927 45.985 55.001
75.154 67.114 47.002 56.218
74.437 67.308 46.000 55.019
73.243 66.910 46.000 55.019
71.540 66.699 47.017 56.237
70.208 66.483 48.058 57.481
68.130 65.652 48.058 57.481
66.883 65.652 48.058 57.481
66.052 64.820 48.058 57.481
64.070 64.602 47.033 56.255
63.258 64.602 47.033 56.255
62.542 64.390 46.030 55.055
61.441 64.579 45.048 53.881
61.052 64.967 45.048 53.881
58.815 65.153 44.088 52.732
58.905 64.194 43.147 51.608
57.415 63.822 43.147 51.608
57.415 63.449 43.147 51.608
56.384 63.627 42.227 50.507
57.114 62.533 42.227 50.507
55.741 62.707 41.327 49.430
57.168 64.491 41.327 49.430
56.454 63.420 41.327 49.430
58.239 62.707 41.327 49.430
59.666 61.993 41.327 49.430
61.450 60.922 41.327 49.430
62.878 59.852 41.327 49.430
63.948 58.781 41.327 49.430
64.662 58.781 41.327 49.430
66.446 58.067 41.327 49.430
67.774 57.877 42.241 50.524
69.232 54.960 42.241 50.524
70.589 54.401 43.176 51.642
71.334 51.048 43.176 51.642
71.974 51.594 44.131 52.784
72.246 49.869 45.107 53.952
74.197 48.699 45.107 53.952
75.368 47.138 45.107 53.952
77.319 45.967 45.107 53.952
78.381 45.370 46.105 55.146
80.371 44.574 46.105 55.146
81.453 42.770 47.125 56.366
83.084 41.954 47.125 56.366
85.124 41.954 47.125 56.366
87.163 41.139 47.125 56.366
89.202 41.547 47.125 56.366
90.833 41.139 47.125 56.366
93.280 42.362 47.125 56.366
93.167 41.331 48.168 57.613
94.830 42.578 48.168 57.613
98.253 44.855 47.141 56.384
98.661 46.078 47.141 56.384
100.700 48.118 47.141 56.384
101.108 49.749 47.141 56.384
101.924 50.973 47.141 56.384
103.555 52.604 47.141 56.384
103.555 54.235 47.141 56.384
103.963 56.275 47.141 56.384
103.555 58.722 47.141 56.384
105.186 59.537 47.141 56.384
105.594 61.577 47.141 56.384
105.594 64.024 47.141 56.384
106.410 66.471 47.141 56.384
106.410 68.510 47.141 56.384
106.410 70.549 47.141 56.384
106.818 72.588 47.141 56.384
106.818 74.627 47.141 56.384
107.633 76.667 47.141 56.384
107.633 78.706 47.141 56.384
108.041 81.153 47.141 56.384
107.226 84.008 47.141 56.384
107.633 86.863 47.141 56.384
108.041 89.718 47.141 56.384
107.226 91.349 47.141 56.384
107.226 94.204 47.141 56.384
106.818 96.651 47.141 56.384
107.226 98.690 47.141 56.384
106.818 101.137 47.141 56.384
106.818 103.177 47.141 56.384
106.913 105.817 46.136 55.182
106.116 108.205 46.136 55.182
106.515 109.797 46.136 55.182
105.718 112.584 46.136 55.182
106.515 114.574 46.136 55.182
105.606 115.954 47.156 56.403
106.014 117.993 47.156 56.403
106.308 120.224 48.200 57.651
105.061 122.718 48.200 57.651
105.477 126.043 48.200 57.651
105.892 128.537 48.200 57.651
105.061 130.616 48.200 57.651
104.230 132.694 48.200 57.651
105.991 134.972 47.172 56.421
104.767 136.603 47.172 56.421
104.046 139.652 46.166 55.218
105.639 141.642 46.166 55.218
104.046 143.234 46.166 55.218
104.843 144.428 46.166 55.218
104.445 146.418 46.166 55.218
102.342 147.002 47.187 56.440
102.227 148.009 48.231 57.688
101.396 149.671 48.231 57.688
100.565 150.503 48.231 57.688
99.615 151.527 49.298 58.965
99.190 152.378 49.298 58.965
98.764 153.229 49.298 58.965
97.914 154.080 49.298 58.965
96.637 154.506 49.298 58.965
94.935 154.931 49.298 58.965
94.084 155.357 49.298 58.965
92.382 155.357 49.298 58.965
91.411 155.130 50.389 60.269
90.541 155.565 50.389 60.269
90.105 156.871 50.389 60.269
88.466 157.949 49.315 58.984
87.190 158.375 49.315 58.984
88.992 154.749 48.263 57.726
86.904 152.243 48.263 57.726
85.330 149.517 47.234 56.495
82.475 146.254 47.234 56.495
79.716 143.594 46.226 55.290
80.916 139.594 46.226 55.290
80.916 135.594 46.226 55.290
81.316 130.794 46.226 55.290
81.716 126.394 46.226 55.290
82.116 121.594 46.226 55.290
83.716 118.794 46.226 55.290
84.516 114.794 46.226 55.290
84.405 112.182 47.249 56.514
83.474 107.887 48.295 57.764
86.398 103.710 48.295 57.764
87.534 101.400 49.363 59.042
88.265 100.322 50.455 60.348
91.312 100.757 50.455 60.348
91.312 95.969 50.455 60.348
90.876 95.969 50.455 60.348
93.053 95.098 50.455 60.348
95.229 94.663 50.455 60.348
95.977 91.384 51.572 61.684
97.312 91.829 51.572 61.684
98.202 91.384 51.572 61.684
100.873 90.048 51.572 61.684
102.208 90.939 51.572 61.684
103.989 91.829 51.572 61.684
106.214 91.829 51.572 61.684
108.440 91.829 51.572 61.684
108.759 91.146 52.713 63.048
111.596 90.454 51.589 61.704
112.486 90.899 51.589 61.704
113.821 90.899 51.589 61.704
116.047 90.899 51.589 61.704
118.272 90.454 51.589 61.704
119.268 88.441 50.488 60.388
121.879 88.441 50.488 60.388
124.491 88.006 50.488 60.388
126.232 88.441 50.488 60.388
128.844 85.829 50.488 60.388
129.818 87.344 49.412 59.100
132.810 87.344 49.412 59.100
134.947 86.489 49.412 59.100
137.512 85.207 49.412 59.100
139.222 85.634 49.412 59.100
142.641 85.634 49.412 59.100
144.351 86.062 49.412 59.100
145.633 86.917 49.412 59.100
147.343 86.917 49.412 59.100
149.053 87.344 49.412 59.100
150.763 88.626 49.412 59.100
152.045 89.054 49.412 59.100
152.900 91.191 49.412 59.100
153.755 93.756 49.412 59.100
154.182 95.466 49.412 59.100
155.037 97.175 49.412 59.100
154.610 100.595 49.412 59.100
155.465 103.160 49.412 59.100
156.747 106.152 49.412 59.100
158.884 108.289 49.412 59.100
160.266 111.484 48.358 57.840
161.617 112.518 47.327 56.606
163.345 113.530 46.317 55.399
164.145 111.530 46.317 55.399
164.945 110.330 46.317 55.399
165.745 108.330 46.317 55.399
166.945 105.530 46.317 55.399
167.345 102.330 46.317 55.399
168.145 98.330 46.317 55.399
168.145 94.730 46.317 55.399
168.545 92.330 46.317 55.399
168.945 89.930 46.317 55.399
168.545 87.930 46.317 55.399
168.945 85.530 46.317 55.399
168.945 82.330 46.317 55.399
168.945 79.130 46.317 55.399
170.145 76.730 46.317 55.399
167.745 74.330 46.317 55.399
169.345 71.130 46.317 55.399
169.745 68.730 46.317 55.399
171.745 65.130 46.317 55.399
173.345 61.530 46.317 55.399
174.545 57.930 46.317 55.399
176.145 55.530 46.317 55.399
174.945 53.930 46.317 55.399
173.745 53.530 46.317 55.399
175.745 50.330 46.317 55.399
173.745 50.330 46.317 55.399
172.145 50.330 46.317 55.399
169.745 51.530 46.317 55.399
167.345 53.130 46.317 55.399
164.833 54.117 47.342 56.625
162.784 56.166 47.342 56.625
161.554 57.395 47.342 56.625
159.505 59.035 47.342 56.625
157.866 60.264 47.342 56.625
156.637 61.903 47.342 56.625
154.588 63.542 47.342 56.625
154.178 65.591 47.342 56.625
152.948 66.821 47.342 56.625
151.309 66.821 47.342 56.625
149.670 67.231 47.342 56.625
146.801 66.821 47.342 56.625
144.752 66.411 47.342 56.625
142.703 67.231 47.342 56.625
140.245 67.640 47.342 56.625
138.196 67.640 47.342 56.625
134.917 68.460 47.342 56.625
131.639 69.689 47.342 56.625
128.360 70.509 47.342 56.625
125.901 72.558 47.342 56.625
124.672 74.607 47.342 56.625
123.852 75.017 47.342 56.625
125.492 74.197 47.342 56.625
127.131 72.968 47.342 56.625
130.819 71.329 47.342 56.625
134.097 70.919 47.342 56.625
137.376 70.509 47.342 56.625
139.425 71.738 47.342 56.625
140.131 71.522 48.390 57.878
141.801 72.357 48.390 57.878
142.101 71.717 49.460 59.158
142.956 71.717 49.460 59.158
142.836 70.208 50.555 60.467
139.338 71.082 50.555 60.467
140.650 68.458 50.555 60.467
137.030 68.227 51.673 61.805
137.477 67.780 51.673 61.805
134.348 69.121 51.673 61.805
133.007 70.462 51.673 61.805
132.112 72.697 51.673 61.805
130.771 74.933 51.673 61.805
128.536 76.721 51.673 61.805
126.301 78.062 51.673 61.805
124.512 79.403 51.673 61.805
121.830 80.297 51.673 61.805
120.042 80.297 51.673 61.805
117.359 82.086 51.673 61.805
114.230 83.874 51.673 61.805
112.442 85.662 51.673 61.805
111.995 87.450 51.673 61.805
112.889 88.344 51.673 61.805
115.675 89.451 50.571 60.487
116.550 89.888 50.571 60.487
116.987 91.637 50.571 60.487
116.550 95.135 50.571 60.487
116.112 100.819 50.571 60.487
118.299 104.754 50.571 60.487
120.048 108.253 50.571 60.487
116.427 105.397 51.690 61.825
114.067 107.396 52.834 63.193
113.154 104.197 52.834 63.193
111.656 101.671 54.003 64.591
109.789 101.204 54.003 64.591
107.922 104.004 54.003 64.591
106.522 99.804 54.003 64.591
105.589 98.404 54.003 64.591
104.058 100.956 55.198 66.021
104.058 102.862 55.198 66.021
102.971 102.608 56.419 67.481
102.483 102.608 56.419 67.481
101.995 100.655 56.419 67.481
101.018 101.144 56.419 67.481
100.042 101.632 56.419 67.481
100.530 98.214 56.419 67.481
101.018 100.167 56.419 67.481
101.018 101.632 56.419 67.481
101.620 100.887 55.216 66.042
100.303 100.162 54.038 64.634
101.812 99.451 52.886 63.255
99.528 96.710 52.886 63.255
101.005 96.470 51.758 61.907
99.664 95.576 51.758 61.907
98.428 91.766 50.654 60.586
99.179 91.095 51.775 61.927
98.732 90.648 51.775 61.927
98.732 87.966 51.775 61.927
99.179 86.625 51.775 61.927
99.626 83.495 51.775 61.927
99.054 81.469 52.920 63.297
99.510 77.814 52.920 63.297
100.988 76.205 51.792 61.947
100.541 73.970 51.792 61.947
100.541 71.734 51.792 61.947
100.541 69.499 51.792 61.947
100.988 68.158 51.792 61.947
100.094 66.370 51.792 61.947
99.200 64.581 51.792 61.947
98.306 62.346 51.792 61.947
97.412 61.005 51.792 61.947
95.624 59.664 51.792 61.947
92.941 58.323 51.792 61.947
91.153 57.875 51.792 61.947
89.365 56.534 51.792 61.947
87.577 55.640 51.792 61.947
86.682 54.746 51.792 61.947
84.447 53.852 51.792 61.947
84.105 53.618 50.687 60.626
83.668 54.056 50.687 60.626
82.356 53.181 50.687 60.626
82.233 52.510 51.809 61.967
82.233 54.746 51.809 61.967
81.786 53.852 51.809 61.967
79.998 55.193 51.809 61.967
79.209 55.853 50.704 60.646
79.312 56.500 49.623 59.353
79.312 58.647 49.623 59.353
78.883 59.935 49.623 59.353
77.475 59.279 50.721 60.666
77.141 59.488 49.639 59.372
76.282 60.777 49.639 59.372
76.592 61.838 50.737 60.686
74.937 62.045 49.655 59.392
74.817 65.253 50.754 60.706
74.378 67.010 50.754 60.706
73.816 68.095 51.877 62.049
72.020 69.891 51.877 62.049
71.226 72.349 50.771 60.726
71.104 74.752 51.894 62.069
71.104 76.548 51.894 62.069
71.104 77.895 51.894 62.069
70.655 79.691 51.894 62.069
70.655 81.038 51.894 62.069
72.106 81.251 50.787 60.745
74.302 79.494 50.787 60.745
77.377 76.859 50.787 60.745
80.012 72.027 50.787 60.745
82.208 70.710 50.787 60.745
84.404 68.514 50.787 60.745
86.478 67.842 51.911 62.089
89.172 64.249 51.911 62.089
91.417 63.800 51.911 62.089
94.111 59.759 51.911 62.089
95.333 58.623 53.059 63.463
98.086 57.706 53.059 63.463
98.875 56.086 54.233 64.867
99.813 54.211 54.233 64.867
100.281 54.211 54.233 64.867
99.344 53.274 54.233 64.867
100.281 52.806 54.233 64.867
99.922 51.154 53.077 63.484
100.840 51.154 53.077 63.484
100.253 49.993 54.251 64.889
98.847 49.524 54.251 64.889
99.316 48.587 54.251 64.889
97.910 46.713 54.251 64.889
96.504 45.307 54.251 64.889
98.020 45.061 53.094 63.505
97.102 43.685 53.094 63.505
96.184 42.767 53.094 63.505
95.725 41.391 53.094 63.505
95.725 41.391 53.094 63.505
94.808 40.932 53.094 63.505
93.431 40.014 53.094 63.505
91.596 40.014 53.094 63.505
90.220 40.473 53.094 63.505
88.384 40.932 53.094 63.505
87.467 40.014 53.094 63.505
85.173 39.097 53.094 63.505
83.796 38.179 53.094 63.505
82.878 37.720 53.094 63.505
81.502 37.261 53.094 63.505
80.125 35.426 53.094 63.505
78.749 33.591 53.094 63.505
78.749 31.755 53.094 63.505
78.290 29.461 53.094 63.505
75.996 27.626 53.094 63.505
75.537 26.250 53.094 63.505
74.620 24.873 53.094 63.505
73.702 23.497 53.094 63.505
72.433 23.715 51.962 62.151
73.331 25.960 51.962 62.151
73.780 25.062 51.962 62.151
71.640 24.827 50.854 60.825
72.518 27.901 50.854 60.825
74.378 27.671 49.769 59.528
74.378 31.107 49.769 59.528
75.666 33.254 49.769 59.528
75.666 35.830 49.769 59.528
76.525 37.977 49.769 59.528
77.813 40.124 49.769 59.528
78.672 42.701 49.769 59.528
79.102 45.277 49.769 59.528
79.960 46.136 49.769 59.528
80.390 47.854 49.769 59.528
81.249 49.142 49.769 59.528
82.537 50.430 49.769 59.528
84.684 51.718 49.769 59.528
85.543 51.718 49.769 59.528
88.978 51.718 49.769 59.528
90.368 51.494 48.708 58.259
92.054 50.230 48.708 58.259
94.583 49.386 48.708 58.259
96.691 47.700 48.708 58.259
98.799 46.014 48.708 58.259
101.328 45.171 48.708 58.259
103.436 43.484 48.708 58.259
105.966 40.955 48.708 58.259
108.917 40.112 48.708 58.259
111.024 38.847 48.708 58.259
113.554 37.161 48.708 58.259
115.662 35.896 48.708 58.259
117.770 34.631 48.708 58.259
120.299 33.367 48.708 58.259
121.985 32.945 48.708 58.259
124.515 32.102 48.708 58.259
125.779 31.681 48.708 58.259
127.887 30.837 48.708 58.259
129.995 30.837 48.708 58.259
132.103 31.259 48.708 58.259
134.211 32.102 48.708 58.259
135.475 31.681 48.708 58.259
138.005 31.681 48.708 58.259
140.534 31.681 48.708 58.259
142.221 31.681 48.708 58.259
143.907 32.102 48.708 58.259
146.858 32.102 48.708 58.259
148.544 32.524 48.708 58.259
150.230 31.259 48.708 58.259
151.495 32.524 48.708 58.259
153.603 32.945 48.708 58.259
154.868 34.210 48.708 58.259
156.975 35.053 48.708 58.259
157.819 36.739 48.708 58.259
158.240 37.582 48.708 58.259
158.240 38.847 48.708 58.259
159.083 40.112 48.708 58.259
160.770 41.798 48.708 58.259
162.034 43.484 48.708 58.259
163.721 44.749 48.708 58.259
164.142 46.435 48.708 58.259
165.407 48.122 48.708 58.259
164.142 50.651 48.708 58.259
165.828 52.337 48.708 58.259
166.250 54.445 48.708 58.259
165.407 55.710 48.708 58.259
166.671 57.396 48.708 58.259
165.828 58.239 48.708 58.259
165.407 59.926 48.708 58.259
163.299 60.769 48.708 58.259
162.034 61.190 48.708 58.259
162.034 61.612 48.708 58.259
159.926 61.612 48.708 58.259
158.240 60.347 48.708 58.259
156.132 60.347 48.708 58.259
157.397 58.661 48.708 58.259
154.868 58.661 48.708 58.259
156.132 57.396 48.708 58.259
153.603 57.396 48.708 58.259
151.378 56.752 49.786 59.548
148.251 56.522 50.887 60.865
146.054 57.401 50.887 60.865
143.858 58.279 50.887 60.865
140.784 59.158 50.887 60.865
137.709 59.597 50.887 60.865
135.513 60.036 50.887 60.865
132.878 60.475 50.887 60.865
130.682 60.036 50.887 60.865
127.168 61.793 50.887 60.865
124.533 61.793 50.887 60.865
121.019 63.550 50.887 60.865
117.945 64.428 50.887 60.865
114.870 65.307 50.887 60.865
111.460 65.077 49.802 59.567
109.313 67.224 49.802 59.567
106.307 66.795 49.802 59.567
104.160 68.083 49.802 59.567
101.583 69.801 49.802 59.567
99.866 70.660 49.802 59.567
98.148 71.948 49.802 59.567
95.142 73.236 49.802 59.567
92.995 73.665 49.802 59.567
92.136 74.095 49.802 59.567
89.989 74.954 49.802 59.567
90.091 75.589 48.740 58.297
88.826 76.010 48.740 58.297
88.405 76.854 48.740 58.297
88.405 78.118 48.740 58.297
89.248 80.226 48.740 58.297
90.091 83.599 48.740 58.297
91.356 86.550 48.740 58.297
90.934 92.030 48.740 58.297
93.042 95.824 48.740 58.297
95.248 99.818 47.701 57.054
94.836 103.112 47.701 57.054
96.483 106.818 47.701 57.054
97.307 108.054 47.701 57.054
100.698 114.015 46.683 55.837
100.698 117.246 46.683 55.837
102.717 120.882 46.683 55.837
103.525 123.709 46.683 55.837
103.525 125.729 46.683 55.837
105.638 127.940 45.688 54.646
105.244 129.122 45.688 54.646
104.549 128.916 44.713 53.481
105.322 125.826 44.713 53.481
104.549 121.191 44.713 53.481
103.390 115.783 44.713 53.481
101.459 109.989 44.713 53.481
95.556 105.535 45.703 54.664
92.009 100.411 45.703 54.664
91.615 95.682 45.703 54.664
91.504 90.348 46.714 55.874
90.696 86.308 46.714 55.874
91.100 82.269 46.714 55.874
91.504 79.038 46.714 55.874
90.292 75.806 46.714 55.874
91.100 72.979 46.714 55.874
91.795 69.937 47.748 57.110
93.442 68.290 47.748 57.110
95.089 67.467 47.748 57.110
98.383 65.820 47.748 57.110
101.265 65.408 47.748 57.110
104.971 65.820 47.748 57.110
108.677 64.996 47.748 57.110
111.560 65.408 47.748 57.110
114.854 66.643 47.748 57.110
117.324 66.231 47.748 57.110
118.971 67.878 47.748 57.110
120.090 67.658 48.804 58.373
122.620 67.658 48.804 58.373
122.620 68.080 48.804 58.373
124.306 68.502 48.804 58.373
125.571 67.237 48.804 58.373
123.041 68.502 48.804 58.373
125.149 66.815 48.804 58.373
122.620 66.815 48.804 58.373
122.620 66.815 48.804 58.373
120.933 66.394 48.804 58.373
120.090 66.815 48.804 58.373
117.982 67.237 48.804 58.373
115.453 68.080 48.804 58.373
112.924 68.502 48.804 58.373
110.816 67.658 48.804 58.373
108.286 68.080 48.804 58.373
104.914 68.502 48.804 58.373
102.806 68.502 48.804 58.373
99.855 69.345 48.804 58.373
97.747 70.188 48.804 58.373
95.218 71.874 48.804 58.373
92.688 72.717 48.804 58.373
91.002 73.560 48.804 58.373
89.197 73.758 49.884 59.665
87.472 75.915 49.884 59.665
86.609 76.777 49.884 59.665
85.746 78.072 49.884 59.665
85.746 79.797 49.884 59.665
85.315 82.817 49.884 59.665
84.884 86.268 49.884 59.665
84.763 87.764 50.987 60.985
85.646 92.176 50.987 60.985
86.087 94.382 50.987 60.985
86.087 99.235 50.987 60.985
86.969 101.441 50.987 60.985
87.410 104.088 50.987 60.985
85.748 105.179 49.900 59.684
90.493 100.866 49.900 59.684
93.081 101.297 49.900 59.684
94.807 99.140 49.900 59.684
96.532 100.434 49.900 59.684
97.826 100.434 49.900 59.684
98.689 101.297 49.900 59.684
98.569 101.068 51.004 61.005
99.892 100.186 51.004 61.005
101.216 99.303 51.004 61.005
102.980 99.303 51.004 61.005
105.186 99.745 51.004 61.005
107.833 102.833 51.004 61.005
110.039 100.627 51.004 61.005
112.245 97.539 51.004 61.005
112.122 94.658 52.133 62.355
110.643 89.909 53.286 63.734
110.643 87.145 53.286 63.734
110.182 83.919 53.286 63.734
109.261 83.458 53.286 63.734
108.339 80.233 53.286 63.734
106.604 77.687 52.150 62.375
104.800 77.687 52.150 62.375
102.996 75.432 52.150 62.375
100.741 74.530 52.150 62.375
99.388 72.726 52.150 62.375
97.584 72.275 52.150 62.375
95.329 70.922 52.150 62.375
93.074 69.569 52.150 62.375
91.270 68.216 52.150 62.375
90.819 66.863 52.150 62.375
90.819 64.609 52.150 62.375
91.270 63.256 52.150 62.375
90.819 61.001 52.150 62.375
92.172 59.197 52.150 62.375
92.172 57.844 52.150 62.375
93.525 57.393 52.150 62.375
94.878 58.295 52.150 62.375
96.682 58.746 52.150 62.375
98.035 60.099 52.150 62.375
99.388 59.197 52.150 62.375
101.192 59.197 52.150 62.375
102.094 59.197 52.150 62.375
102.996 58.746 52.150 62.375
103.898 58.746 52.150 62.375
105.702 58.746 52.150 62.375
107.506 58.746 52.150 62.375
109.309 58.295 52.150 62.375
110.662 57.844 52.150 62.375
111.889 56.252 53.303 63.755
113.272 56.713 53.303 63.755
114.193 57.634 53.303 63.755
115.115 58.095 53.303 63.755
116.037 58.556 53.303 63.755
117.880 58.095 53.303 63.755
117.880 58.556 53.303 63.755
119.723 58.556 53.303 63.755
121.105 58.556 53.303 63.755
122.948 58.556 53.303 63.755
122.948 58.095 53.303 63.755
123.870 58.095 53.303 63.755
123.409 58.095 53.303 63.755
123.870 57.173 53.303 63.755
124.791 56.252 53.303 63.755
125.584 55.547 54.483 65.166
126.525 55.547 54.483 65.166
126.996 55.547 54.483 65.166
128.878 55.547 54.483 65.166
129.349 55.547 54.483 65.166
127.466 56.017 54.483 65.166
129.819 56.017 54.483 65.166
129.459 57.183 53.321 63.776
131.410 59.245 52.184 62.416
132.417 62.616 51.071 61.085
131.976 66.146 51.071 61.085
130.212 69.675 51.071 61.085
128.447 74.087 51.071 61.085
126.117 76.499 52.201 62.436
126.117 79.205 52.201 62.436
125.666 82.362 52.201 62.436
127.921 82.813 52.201 62.436
123.285 85.279 53.356 63.818
122.363 86.662 53.356 63.818
121.442 89.426 53.356 63.818
120.391 91.024 54.536 65.230
119.920 93.377 54.536 65.230
119.449 96.201 54.536 65.230
118.038 98.083 54.536 65.230
120.391 97.613 54.536 65.230
118.979 97.142 54.536 65.230
118.508 96.201 54.536 65.230
117.567 94.318 54.536 65.230
115.081 90.303 55.743 66.673
113.152 86.926 55.743 66.673
110.258 85.479 55.743 66.673
116.046 81.138 55.743 66.673
118.458 77.279 55.743 66.673
120.499 74.131 54.554 65.251
118.617 71.308 54.554 65.251
120.970 68.014 54.554 65.251
122.963 66.356 53.391 63.860
122.042 63.592 53.391 63.860
121.581 61.288 53.391 63.860
119.846 59.665 52.252 62.498
118.149 58.527 51.138 61.165
116.047 57.856 50.048 59.861
113.890 57.425 50.048 59.861
110.973 58.063 48.980 58.584
109.279 56.792 48.980 58.584
106.737 55.945 48.980 58.584
103.773 55.522 48.980 58.584
100.808 55.522 48.980 58.584
97.843 55.098 48.980 58.584
95.184 53.603 50.064 59.880
93.118 53.375 48.996 58.603
89.187 52.726 50.080 59.900
86.587 52.726 50.080 59.900
83.121 53.160 50.080 59.900
80.954 54.026 50.080 59.900
77.921 54.460 50.080 59.900
74.767 54.230 51.188 61.225
72.120 55.113 51.188 61.225
71.237 55.113 51.188 61.225
69.031 55.554 51.188 61.225
68.254 54.442 50.097 59.920
68.354 56.814 49.028 58.642
67.084 55.544 49.028 58.642
65.813 55.967 49.028 58.642
65.390 55.967 49.028 58.642
65.912 57.016 47.983 57.391
66.740 56.602 47.983 57.391
68.809 58.257 47.983 57.391
71.705 57.844 47.983 57.391
75.428 58.257 47.983 57.391
79.979 60.326 47.983 57.391
84.214 62.179 46.960 56.167
87.055 64.208 46.960 56.167
90.303 65.426 46.960 56.167
94.361 65.832 46.960 56.167
97.608 66.644 46.960 56.167
102.073 67.050 46.960 56.167
105.207 67.240 47.999 57.410
109.344 68.068 47.999 57.410
113.895 68.068 47.999 57.410
117.205 68.481 47.999 57.410
120.928 68.895 47.999 57.410
124.652 68.481 47.999 57.410
128.789 68.895 47.999 57.410
132.926 68.068 47.999 57.410
137.063 68.481 47.999 57.410
140.787 68.895 47.999 57.410
144.097 68.068 47.999 57.410
146.993 68.068 47.999 57.410
148.234 68.481 47.999 57.410
151.130 68.895 47.999 57.410
153.495 68.674 49.061 58.680
155.613 70.791 49.061 58.680
159.425 73.332 49.061 58.680
163.236 78.415 49.061 58.680
167.048 81.379 49.061 58.680
167.895 86.038 49.061 58.680
168.742 89.850 49.061 58.680
169.470 93.860 50.146 59.979
169.782 96.663 51.256 61.306
171.111 100.651 51.256 61.306
130.662 98.200 52.390 62.662
127.039 93.671 52.390 62.662
127.944 93.218 52.390 62.662
126.586 93.218 52.390 62.662
126.006 92.072 53.549 64.048
125.081 94.386 53.549 64.048
124.155 95.311 53.549 64.048
124.155 94.386 53.549 64.048
123.100 94.140 54.733 65.465
121.682 95.085 54.733 65.465
121.077 95.306 55.944 66.914
119.630 97.235 55.944 66.914
120.458 96.495 57.182 68.394
122.296 94.256 58.447 69.908
126.689 92.475 59.740 71.454
129.638 89.106 61.062 73.035
131.747 85.941 61.062 73.035
134.237 83.023 62.413 74.651
133.158 84.102 62.413 74.651
135.315 81.945 62.413 74.651
131.389 81.119 63.794 76.303
132.491 78.364 63.794 76.303
129.185 80.568 63.794 76.303
124.072 94.050 65.206 77.991
122.788 94.312 66.648 79.717
124.517 91.430 66.648 79.717
125.094 90.277 66.648 79.717
125.509 87.666 68.123 81.480
124.333 91.783 68.123 81.480
126.686 87.666 68.123 81.480
128.450 90.607 68.123 81.480
131.980 87.078 68.123 81.480
135.509 82.960 68.123 81.480
133.744 77.666 68.123 81.480
137.862 77.078 68.123 81.480
134.333 76.489 68.123 81.480
129.461 76.176 69.630 83.283
127.194 77.064 68.145 81.507
125.429 78.241 68.145 81.507
123.665 77.652 68.145 81.507
120.723 78.829 68.145 81.507
118.959 75.888 68.145 81.507
115.429 77.064 68.145 81.507
110.135 77.064 68.145 81.507
109.547 77.064 68.145 81.507
106.018 75.299 68.145 81.507
103.215 76.169 66.692 79.769
99.891 77.596 65.270 78.068
98.328 79.557 63.878 76.403
95.152 78.719 62.516 74.774
91.505 81.673 61.182 73.179
93.093 82.732 61.182 73.179
94.152 79.026 61.182 73.179
90.569 82.983 59.878 71.618
91.604 78.842 59.878 71.618
90.051 79.877 59.878 71.618
90.172 80.641 58.601 70.091
90.172 79.123 58.601 70.091
90.797 80.882 57.351 68.596
89.309 80.386 57.351 68.596
92.401 82.110 56.128 67.134
90.948 80.657 56.128 67.134
91.432 82.594 56.128 67.134
92.885 79.204 56.128 67.134
89.495 80.657 56.128 67.134
89.609 79.920 54.931 65.702
90.425 79.193 56.147 67.156
90.772 76.513 57.389 68.641
88.788 78.497 57.389 68.641
89.400 78.237 56.165 67.178
89.999 77.016 54.967 65.745
87.626 78.914 54.967 65.745
88.575 75.592 54.967 65.745
86.677 77.490 54.967 65.745
87.626 75.118 54.967 65.745
87.152 73.220 54.967 65.745
84.305 74.643 54.967 65.745
85.254 71.322 54.967 65.745
82.044 73.921 53.795 64.343
82.843 74.603 54.985 65.767
83.658 71.028 56.202 67.222
80.740 75.405 56.202 67.222
81.577 72.716 57.445 68.709
82.570 69.740 57.445 68.709
81.081 69.244 57.445 68.709
81.577 67.755 57.445 68.709
81.577 67.755 57.445 68.709
82.570 65.771 57.445 68.709
81.198 65.511 56.220 67.244
83.629 66.970 56.220 67.244
85.088 67.943 56.220 67.244
89.951 66.484 56.220 67.244
92.868 65.025 56.220 67.244
94.813 63.566 56.220 67.244
97.358 63.311 55.021 65.810
98.307 60.464 55.021 65.810
99.256 59.040 55.021 65.810
100.680 56.668 55.021 65.810
101.154 53.821 55.021 65.810
101.154 51.923 55.021 65.810
102.690 50.252 53.848 64.406
103.729 49.080 52.700 63.033
105.200 47.477 51.576 61.689
106.536 46.587 51.576 61.689
106.091 45.697 51.576 61.689
107.426 44.807 51.576 61.689
107.871 44.362 51.576 61.689
109.206 43.471 51.576 61.689
110.987 43.471 51.576 61.689
111.877 43.026 51.576 61.689
112.767 43.026 51.576 61.689
113.657 43.471 51.576 61.689
114.993 43.026 51.576 61.689
116.328 43.026 51.576 61.689
116.202 41.899 52.717 63.054
117.567 41.444 52.717 63.054
118.932 41.444 52.717 63.054
121.206 41.444 52.717 63.054
122.116 41.444 52.717 63.054
123.936 41.899 52.717 63.054
125.300 43.263 52.717 63.054
126.210 44.173 52.717 63.054
127.575 45.083 52.717 63.054
129.849 45.083 52.717 63.054
132.124 44.173 52.717 63.054
131.214 44.628 52.717 63.054
129.047 45.755 51.593 61.709
129.492 46.646 51.593 61.709
125.931 47.091 51.593 61.709
126.376 47.981 51.593 61.709
122.815 48.871 51.593 61.709
121.925 49.316 51.593 61.709
119.700 49.316 51.593 61.709
117.474 50.206 51.593 61.709
116.139 50.206 51.593 61.709
115.249 50.651 51.593 61.709
112.133 51.542 51.593 61.709
110.798 52.432 51.593 61.709
107.682 53.767 51.593 61.709
104.121 55.548 51.593 61.709
101.111 57.096 50.492 60.393
98.499 60.578 50.492 60.393
95.887 61.884 50.492 60.393
94.581 63.625 50.492 60.393
92.840 64.060 50.492 60.393
91.099 66.672 50.492 60.393
89.793 66.672 50.492 60.393
88.487 67.978 50.492 60.393
87.284 70.798 49.416 59.105
86.429 72.936 49.416 59.105
84.720 75.073 49.416 59.105
85.575 76.355 49.416 59.105
83.865 77.638 49.416 59.105
85.575 78.493 49.416 59.105
83.318 78.694 50.509 60.413
84.189 80.435 50.509 60.413
85.930 81.305 50.509 60.413
85.930 81.741 50.509 60.413
87.671 82.611 50.509 60.413
88.977 83.047 50.509 60.413
90.283 83.917 50.509 60.413
91.257 84.561 49.432 59.124
93.394 85.416 49.432 59.124
93.821 86.271 49.432 59.124
95.104 86.271 49.432 59.124
96.386 86.699 49.432 59.124
96.386 85.416 49.432 59.124
97.241 85.416 49.432 59.124
98.951 85.416 49.432 59.124
99.050 84.764 48.378 57.864
100.303 83.094 48.378 57.864
101.139 82.676 48.378 57.864
101.139 81.005 48.378 57.864
102.392 79.335 48.378 57.864
101.139 78.082 48.378 57.864
101.856 76.189 49.448 59.144
102.284 74.479 49.448 59.144
101.856 71.914 49.448 59.144
103.139 70.205 49.448 59.144
104.421 69.777 49.448 59.144
105.703 68.495 49.448 59.144
108.268 68.495 49.448 59.144
111.260 69.350 49.448 59.144
113.825 71.487 49.448 59.144
115.107 71.914 49.448 59.144
117.245 73.197 49.448 59.144
118.954 74.479 49.448 59.144
119.809 74.052 49.448 59.144
120.664 74.907 49.448 59.144
121.092 75.334 49.448 59.144
122.374 75.334 49.448 59.144
121.519 75.334 49.448 59.144
122.374 75.334 49.448 59.144
122.374 75.334 49.448 59.144
122.801 75.761 49.448 59.144
124.939 76.189 49.448 59.144
127.931 77.899 49.448 59.144
131.778 79.181 49.448 59.144
136.480 81.318 49.448 59.144
140.327 83.883 49.448 59.144
144.174 87.303 49.448 59.144
150.158 91.577 49.448 59.144
155.288 95.424 49.448 59.144
160.298 96.907 50.542 60.452
165.982 98.656 50.542 60.452
169.917 101.717 50.542 60.452
173.415 104.340 50.542 60.452
176.039 105.215 50.542 60.452
180.411 107.401 50.542 60.452
183.472 106.527 50.542 60.452
185.658 106.964 50.542 60.452
185.974 107.607 51.660 61.790
185.849 106.476 52.803 63.157
185.849 106.933 52.803 63.157
184.479 107.390 52.803 63.157
184.479 107.390 52.803 63.157
184.936 107.390 52.803 63.157
186.763 106.476 52.803 63.157
183.565 106.933 52.803 63.157
186.306 105.563 52.803 63.157
183.438 103.493 53.972 64.554
185.641 102.313 55.166 65.983
183.124 101.583 56.386 67.442
183.960 99.864 57.634 68.935
180.971 102.354 57.634 68.935
181.967 102.354 57.634 68.935
182.963 101.856 57.634 68.935
181.469 103.350 57.634 68.935
183.960 102.852 57.634 68.935
181.469 103.350 57.634 68.935
183.960 103.350 57.634 68.935
181.469 103.848 57.634 68.935
184.458 103.350 57.634 68.935
182.465 103.848 57.634 68.935
184.956 104.346 57.634 68.935
181.967 103.848 57.634 68.935
183.820 103.086 58.909 70.460
184.836 101.562 58.909 70.460
181.789 102.578 58.909 70.460
183.168 101.291 60.212 72.019
183.688 100.771 60.212 72.019
181.090 100.771 60.212 72.019
183.168 101.291 60.212 72.019
181.610 101.810 60.212 72.019
183.688 101.291 60.212 72.019
181.610 101.810 60.212 72.019
183.688 101.291 60.212 72.019
181.610 102.330 60.212 72.019
183.688 102.330 60.212 72.019
181.610 102.330 60.212 72.019
182.502 101.533 61.545 73.612
183.565 102.065 61.545 73.612
184.096 101.533 61.545 73.612
181.971 102.065 61.545 73.612
183.565 101.533 61.545 73.612
182.502 102.065 61.545 73.612
184.628 101.002 61.545 73.612
181.439 102.065 61.545 73.612
183.565 101.533 61.545 73.612
182.353 101.250 62.906 75.241
183.439 101.250 62.906 75.241
181.937 102.596 61.565 73.636
183.531 102.596 61.565 73.636
184.063 102.064 61.565 73.636
182.469 102.064 61.565 73.636
184.063 102.064 61.565 73.636
181.937 102.596 61.565 73.636
183.656 103.381 60.252 72.066
