32.000 60.000 68.000 78.000
36.596 63.447 68.000 78.000
40.768 70.024 66.550 76.337
48.231 77.591 65.131 74.709
55.944 79.244 65.131 74.709
64.760 80.346 65.131 74.709
75.229 81.448 65.131 74.709
84.188 83.897 63.742 73.116
95.113 90.069 62.382 71.556
104.745 92.942 61.052 70.030
111.964 94.489 61.052 70.030
120.215 93.973 61.052 70.030
129.117 94.204 59.750 68.537
134.660 90.677 59.750 68.537
139.833 86.368 58.476 67.075
147.374 85.107 57.229 65.645
154.280 83.870 56.009 64.245
159.006 79.144 56.009 64.245
168.457 76.309 56.009 64.245
182.633 75.836 56.009 64.245
198.700 76.309 56.009 64.245
215.239 76.309 56.009 64.245
232.251 75.836 56.009 64.245
249.860 76.521 54.814 62.875
263.742 73.282 54.814 62.875
278.087 74.670 54.814 62.875
290.118 75.133 54.814 62.875
298.448 70.968 54.814 62.875
301.224 71.431 54.814 62.875
300.299 67.729 54.814 62.875
294.283 69.117 54.814 62.875
282.252 70.506 54.814 62.875
265.593 70.043 54.814 62.875
254.487 67.729 54.814 62.875
237.487 68.400 53.645 61.534
221.300 69.509 52.501 60.222
200.916 70.395 52.501 60.222
186.852 74.139 51.382 58.938
176.886 79.772 51.382 58.938
180.352 81.506 51.382 58.938
173.852 103.172 51.382 58.938
164.319 107.072 51.382 58.938
154.786 107.506 51.382 58.938
147.852 110.106 51.382 58.938
147.717 99.054 52.518 60.242
143.729 99.054 52.518 60.242
140.627 98.611 52.518 60.242
137.968 97.724 52.518 60.242
135.426 95.708 51.398 58.957
105.093 90.074 51.398 58.957
103.474 91.570 50.302 57.700
104.011 93.461 49.230 56.469
108.583 93.461 49.230 56.469
120.094 92.837 50.319 57.719
102.517 95.602 51.432 58.996
99.470 97.343 51.432 58.996
97.842 99.278 50.335 57.738
94.013 100.129 50.335 57.738
93.273 102.447 49.262 56.506
93.689 104.941 49.262 56.506
92.442 100.368 49.262 56.506
92.026 101.615 49.262 56.506
93.798 102.634 48.211 55.301
94.206 105.081 48.211 55.301
94.614 100.594 48.211 55.301
93.904 103.223 47.183 54.122
94.701 103.621 47.183 54.122
95.099 106.408 47.183 54.122
94.701 102.825 47.183 54.122
94.701 104.019 47.183 54.122
95.099 101.233 47.183 54.122
94.009 104.198 46.177 52.968
95.672 106.324 45.192 51.838
96.919 106.494 44.229 50.733
95.518 107.035 43.285 49.651
96.612 107.035 43.285 49.651
96.247 105.941 43.285 49.651
105.000 95.000 43.285 49.651
111.816 85.333 44.243 50.749
102.338 81.776 45.222 51.872
82.838 79.482 45.222 51.872
49.956 78.717 45.222 51.872
34.161 86.172 46.223 53.020
10.628 89.488 47.245 54.193
5.706 88.088 48.290 55.392
3.540 86.252 49.359 56.618
3.122 84.581 49.359 56.618
4.375 87.923 49.359 56.618
6.464 84.164 49.359 56.618
3.540 118.828 49.359 56.618
7.171 120.290 50.451 57.870
8.740 119.225 51.567 59.151
9.475 118.135 52.708 60.459
33.818 86.754 53.874 61.797
28.359 86.300 53.874 61.797
24.265 88.119 53.874 61.797
32.573 93.782 52.725 60.479
42.810 95.117 52.725 60.479
53.047 97.788 52.725 60.479
66.400 100.458 52.725 60.479
81.978 102.239 52.725 60.479
98.892 104.019 52.725 60.479
115.361 106.690 52.725 60.479
140.731 108.915 52.725 60.479
164.322 112.476 52.725 60.479
186.131 112.921 52.725 60.479
211.947 111.141 52.725 60.479
237.318 113.811 52.725 60.479
259.573 117.817 52.725 60.479
282.580 117.593 53.892 61.817
306.689 117.593 53.892 61.817
325.199 116.909 55.084 63.185
343.787 115.515 55.084 63.185
355.260 110.634 56.303 64.583
362.407 105.393 56.303 64.583
364.790 99.675 56.303 64.583
361.931 95.387 56.303 64.583
350.972 90.146 56.303 64.583
338.107 84.428 56.303 64.583
349.066 80.140 56.303 64.583
337.154 77.281 56.303 64.583
320.478 73.469 56.303 64.583
307.261 73.681 55.102 63.206
302.149 72.287 55.102 63.206
283.683 119.432 53.927 61.858
276.980 123.276 52.777 60.539
293.004 84.997 52.777 60.539
282.766 77.876 52.777 60.539
273.864 79.211 52.777 60.539
262.737 80.991 52.777 60.539
239.709 79.411 51.652 59.248
203.854 96.464 51.652 59.248
192.486 92.529 51.652 59.248
190.300 83.784 51.652 59.248
186.364 81.598 51.652 59.248
190.300 83.784 51.652 59.248
192.486 92.529 51.652 59.248
192.923 100.837 51.652 59.248
217.523 101.031 50.550 57.984
246.162 101.886 50.550 57.984
259.709 105.519 51.669 59.267
264.821 104.426 52.812 60.578
268.398 103.979 52.812 60.578
267.951 104.426 52.812 60.578
265.269 107.556 52.812 60.578
261.245 110.238 52.812 60.578
254.986 110.685 52.812 60.578
249.174 111.132 52.812 60.578
242.469 108.003 52.812 60.578
234.421 101.297 52.812 60.578
230.398 94.591 52.812 60.578
232.633 88.779 52.812 60.578
249.621 88.332 52.812 60.578
267.951 88.779 52.812 60.578
285.833 89.226 52.812 60.578
298.798 85.203 52.812 60.578
308.633 80.732 52.812 60.578
316.233 77.156 52.812 60.578
319.810 67.321 52.812 60.578
320.257 62.850 52.812 60.578
318.469 62.403 52.812 60.578
313.998 67.768 52.812 60.578
309.080 74.026 52.812 60.578
301.927 88.332 52.812 60.578
304.163 106.662 52.812 60.578
295.669 96.379 52.812 60.578
292.539 96.826 52.812 60.578
288.069 97.274 52.812 60.578
271.974 99.062 52.812 60.578
257.669 91.462 52.812 60.578
252.751 82.074 52.812 60.578
245.151 77.156 52.812 60.578
237.998 74.026 52.812 60.578
239.339 67.321 52.812 60.578
241.574 65.085 52.812 60.578
195.196 81.378 51.686 59.287
180.330 82.690 51.686 59.287
202.192 80.067 51.686 59.287
190.824 85.314 51.686 59.287
185.577 92.747 51.686 59.287
189.512 96.245 51.686 59.287
192.136 92.310 51.686 59.287
192.136 92.747 51.686 59.287
196.071 95.808 51.686 59.287
190.063 112.181 50.583 58.022
203.182 105.982 51.703 59.306
212.667 98.767 52.847 60.618
215.796 92.509 52.847 60.618
220.267 86.697 52.847 60.618
229.208 81.779 52.847 60.618
232.338 76.414 52.847 60.618
226.079 72.391 52.847 60.618
222.502 71.944 52.847 60.618
226.526 73.732 52.847 60.618
234.126 71.944 52.847 60.618
237.702 74.626 52.847 60.618
236.925 79.296 51.720 59.325
234.301 83.669 51.720 59.325
233.864 87.604 51.720 59.325
237.799 84.980 51.720 59.325
243.046 81.482 51.720 59.325
257.038 77.984 51.720 59.325
251.791 85.855 51.720 59.325
274.091 87.167 51.720 59.325
280.515 84.324 52.864 60.638
260.514 85.865 51.737 59.345
242.452 85.646 52.881 60.658
260.781 74.916 52.881 60.658
256.310 76.257 52.881 60.658
257.321 77.798 51.754 59.364
254.375 80.617 50.650 58.098
251.810 84.037 50.650 58.098
235.862 85.959 51.770 59.384
217.060 95.579 51.770 59.384
193.885 105.636 51.770 59.384
178.144 110.445 51.770 59.384
160.217 119.190 51.770 59.384
149.723 125.312 51.770 59.384
150.597 130.559 51.770 59.384
158.468 128.810 51.770 59.384
167.213 124.000 51.770 59.384
177.134 114.161 52.916 60.698
185.043 104.548 54.087 62.041
189.612 94.954 54.087 62.041
198.292 83.076 54.087 62.041
216.110 73.939 54.087 62.041
232.557 66.629 54.087 62.041
241.694 61.603 54.087 62.041
249.917 62.974 54.087 62.041
251.745 66.172 54.087 62.041
246.263 68.913 54.087 62.041
228.902 79.421 54.087 62.041
204.231 82.162 54.087 62.041
218.394 86.731 54.087 62.041
207.429 95.411 54.087 62.041
201.033 98.609 54.087 62.041
203.317 99.980 54.087 62.041
202.404 101.350 54.087 62.041
199.206 99.066 54.087 62.041
202.404 96.782 54.087 62.041
212.912 92.213 54.087 62.041
224.333 89.929 54.087 62.041
227.074 79.878 54.087 62.041
228.902 81.248 54.087 62.041
254.345 83.760 55.283 63.413
245.601 95.170 54.104 62.061
248.799 98.824 54.104 62.061
247.428 105.677 54.104 62.061
265.561 107.275 55.301 63.434
249.228 98.408 55.301 63.434
238.494 100.275 55.301 63.434
233.683 103.773 56.525 64.837
225.071 109.515 56.525 64.837
222.679 109.993 56.525 64.837
219.808 111.907 56.525 64.837
219.330 112.385 56.525 64.837
221.243 112.385 56.525 64.837
226.028 112.864 56.525 64.837
229.377 111.428 56.525 64.837
231.769 107.122 56.525 64.837
230.334 105.687 56.525 64.837
226.985 93.726 56.525 64.837
226.028 80.330 56.525 64.837
213.920 74.350 57.776 66.272
195.367 81.674 57.776 66.272
192.565 76.522 56.544 64.859
193.044 64.561 56.544 64.859
195.915 52.122 56.544 64.859
197.203 44.706 57.795 66.294
192.448 63.966 56.562 64.880
189.224 59.873 55.356 63.496
185.128 59.145 54.175 62.142
182.387 58.231 54.175 62.142
178.732 60.515 54.175 62.142
171.086 68.031 53.020 60.817
152.617 67.805 54.193 62.163
187.339 57.754 54.193 62.163
178.201 60.952 54.193 62.163
168.607 65.521 54.193 62.163
159.470 68.719 54.193 62.163
156.729 66.891 54.193 62.163
159.927 61.409 54.193 62.163
170.435 51.815 54.193 62.163
185.054 45.875 54.193 62.163
201.958 42.221 54.193 62.163
221.268 46.538 53.037 60.837
212.404 95.681 51.906 59.540
237.439 84.262 51.906 59.540
258.196 112.128 50.800 58.270
266.355 110.410 50.800 58.270
261.928 102.895 51.923 59.559
287.268 78.518 53.072 60.877
285.589 69.289 51.940 59.579
283.507 69.046 50.833 58.308
280.501 71.193 50.833 58.308
270.492 68.830 51.957 59.598
261.708 74.540 51.957 59.598
255.119 76.736 51.957 59.598
243.700 79.811 51.957 59.598
234.037 82.007 51.957 59.598
226.246 85.717 50.849 58.327
222.811 88.293 50.849 58.327
226.788 91.062 49.765 57.084
243.153 86.866 49.765 57.084
250.286 93.999 49.765 57.084
259.937 97.356 49.765 57.084
262.743 99.662 50.866 58.346
259.175 94.293 51.992 59.637
254.343 89.022 51.992 59.637
256.100 83.752 51.992 59.637
254.343 81.117 51.992 59.637
251.708 78.921 51.992 59.637
236.775 81.117 51.992 59.637
188.022 89.901 51.992 59.637
193.292 67.501 51.992 59.637
183.190 68.819 51.992 59.637
182.751 70.575 51.992 59.637
193.408 66.819 50.883 58.366
190.402 87.002 50.883 58.366
188.684 86.143 50.883 58.366
190.402 88.290 50.883 58.366
187.825 88.719 50.883 58.366
191.261 86.572 50.883 58.366
192.549 85.284 50.883 58.366
242.361 61.666 50.883 58.366
217.455 78.843 50.883 58.366
198.131 91.296 50.883 58.366
191.690 101.602 50.883 58.366
198.856 102.673 52.009 59.657
215.547 100.917 52.009 59.657
231.913 92.329 50.900 58.385
234.489 93.617 50.900 58.385
251.237 85.459 50.900 58.385
251.666 81.164 50.900 58.385
242.648 84.600 50.900 58.385
224.184 94.047 50.900 58.385
219.460 100.917 50.900 58.385
222.466 100.917 50.900 58.385
236.932 125.177 52.026 59.677
244.263 131.984 53.177 60.997
281.082 126.147 53.177 60.997
315.068 114.246 54.353 62.346
344.433 96.811 54.353 62.346
350.857 78.458 54.353 62.346
325.479 70.427 55.556 63.726
288.926 76.988 55.556 63.726
271.587 74.645 55.556 63.726
231.877 81.417 54.371 62.367
196.548 85.087 54.371 62.367
166.724 98.852 54.371 62.367
155.254 108.946 54.371 62.367
149.146 112.844 55.574 63.747
154.301 119.405 55.574 63.747
181.482 113.313 55.574 63.747
174.921 108.627 55.574 63.747
180.076 100.660 55.574 63.747
220.232 119.169 56.804 65.157
210.624 99.953 56.804 65.157
190.928 90.345 56.804 65.157
172.192 96.590 56.804 65.157
160.182 100.433 56.804 65.157
153.457 103.316 56.804 65.157
156.820 106.198 56.804 65.157
168.830 99.953 56.804 65.157
157.781 95.149 56.804 65.157
