316.000 116.000 67.000 84.000
318.376 114.812 67.000 84.000
318.376 112.435 67.000 84.000
313.624 104.118 67.000 84.000
304.118 96.988 67.000 84.000
294.018 92.235 67.000 84.000
281.541 86.294 67.000 84.000
269.659 83.918 67.000 84.000
259.559 81.541 67.000 84.000
248.865 79.165 67.000 84.000
238.024 77.047 68.482 85.859
228.178 78.521 69.998 87.758
217.644 80.380 69.998 87.758
215.786 80.999 69.998 87.758
223.840 85.956 69.998 87.758
236.233 95.870 69.998 87.758
243.668 97.729 69.998 87.758
257.299 100.827 69.998 87.758
269.691 103.925 69.998 87.758
278.986 95.870 69.998 87.758
290.138 107.643 69.998 87.758
297.574 105.784 69.998 87.758
304.235 106.052 71.546 89.700
304.868 97.819 71.546 89.700
303.601 106.052 71.546 89.700
301.701 107.319 71.546 89.700
299.801 107.952 71.546 89.700
295.368 106.052 71.546 89.700
289.668 101.619 71.546 89.700
282.701 97.819 71.546 89.700
268.135 86.419 71.546 89.700
256.101 80.719 71.546 89.700
251.510 66.426 73.129 91.684
254.098 63.838 73.129 91.684
258.466 60.883 74.747 93.713
281.662 65.522 74.747 93.713
303.667 65.858 73.153 91.714
327.031 65.858 73.153 91.714
343.906 67.157 73.153 91.714
354.421 70.081 71.593 89.759
354.551 76.739 70.066 87.844
348.461 85.756 68.572 85.971
335.212 92.751 67.110 84.138
317.388 98.692 67.110 84.138
295.406 103.445 67.110 84.138
271.641 104.633 67.110 84.138
252.035 108.198 67.110 84.138
230.647 114.139 67.110 84.138
242.381 144.102 68.595 85.999
237.367 144.367 70.112 87.902
233.638 143.745 70.112 87.902
189.507 86.561 70.112 87.902
189.507 84.074 70.112 87.902
196.190 76.265 71.664 89.847
214.613 60.382 71.664 89.847
235.421 44.141 73.249 91.835
262.162 35.385 71.687 89.876
286.304 32.844 71.687 89.876
306.633 36.021 71.687 89.876
311.715 39.832 71.687 89.876
302.186 44.279 71.687 89.876
297.739 49.362 71.687 89.876
304.727 51.268 71.687 89.876
322.644 57.944 70.158 87.960
343.156 60.430 70.158 87.960
357.452 77.212 70.158 87.960
372.215 66.916 71.711 89.906
385.398 55.756 73.297 91.895
387.833 45.654 74.919 93.928
384.353 36.662 76.576 96.006
371.294 34.243 78.271 98.130
347.000 38.407 78.271 98.130
320.623 36.325 78.271 98.130
305.875 39.404 80.002 100.302
291.718 42.943 80.002 100.302
277.384 135.977 81.773 102.521
260.562 144.249 83.582 104.789
244.073 139.383 85.431 107.108
238.775 139.383 85.431 107.108
244.073 137.113 85.431 107.108
243.316 134.842 85.431 107.108
241.199 134.471 83.609 104.823
238.976 132.988 83.609 104.823
193.580 126.640 85.459 107.143
175.227 126.212 87.350 109.513
172.129 128.536 87.350 109.513
176.776 127.761 87.350 109.513
188.202 125.001 89.282 111.936
204.599 123.762 91.258 114.413
223.179 127.801 91.258 114.413
234.489 126.186 91.258 114.413
233.681 126.994 91.258 114.413
234.489 129.417 91.258 114.413
234.489 131.841 91.258 114.413
232.873 132.649 91.258 114.413
231.257 131.841 91.258 114.413
234.489 129.417 91.258 114.413
232.873 131.033 91.258 114.413
232.065 132.649 91.258 114.413
229.642 131.841 91.258 114.413
224.795 128.609 91.258 114.413
231.257 126.994 91.258 114.413
242.732 136.292 89.312 111.973
263.489 89.164 87.407 109.585
283.783 91.882 85.543 107.248
302.103 88.484 83.719 104.961
320.784 92.568 81.934 102.723
333.843 91.117 81.934 102.723
352.854 88.585 80.186 100.532
361.517 85.398 78.476 98.388
366.530 88.535 76.803 96.290
363.267 87.521 75.165 94.237
360.600 90.854 75.165 94.237
358.735 96.526 73.562 92.227
359.386 96.526 73.562 92.227
362.774 93.603 71.993 90.260
365.960 85.319 71.993 90.260
366.597 76.397 71.993 90.260
360.993 67.164 70.458 88.335
354.757 59.681 70.458 88.335
343.534 59.058 70.458 88.335
320.931 59.328 72.017 90.290
299.395 61.565 70.481 88.364
279.442 58.447 70.481 88.364
276.452 63.754 68.978 86.480
292.482 122.182 67.507 84.636
267.813 139.187 69.001 86.508
254.815 143.124 70.527 88.422
247.309 143.124 70.527 88.422
240.428 146.252 70.527 88.422
236.050 146.877 70.527 88.422
152.234 83.077 70.527 88.422
146.605 85.579 70.527 88.422
127.840 84.328 70.527 88.422
115.330 83.703 70.527 88.422
112.828 83.077 70.527 88.422
118.929 82.724 72.088 90.379
132.194 83.642 73.683 92.378
146.396 79.356 75.313 94.422
160.396 74.022 75.313 94.422
182.897 67.644 76.979 96.511
165.838 84.021 76.979 96.511
173.344 79.927 76.979 96.511
246.355 65.597 76.979 96.511
265.461 61.503 76.979 96.511
285.932 51.268 76.979 96.511
307.223 42.744 75.338 94.453
321.223 36.744 75.338 94.453
327.890 32.744 75.338 94.453
329.223 32.744 75.338 94.453
325.890 35.411 75.338 94.453
318.557 35.411 75.338 94.453
314.390 34.366 77.004 96.543
305.519 48.695 77.004 96.543
295.797 51.039 78.708 98.679
280.440 54.529 78.708 98.679
252.346 46.457 80.450 100.862
231.526 43.206 82.230 103.094
260.523 139.077 84.049 105.375
249.161 140.147 85.908 107.706
241.554 134.061 85.908 107.706
235.467 134.061 85.908 107.706
231.819 138.252 84.076 105.409
167.740 63.742 84.076 105.409
160.289 65.978 84.076 105.409
158.205 67.847 82.283 103.161
165.647 68.947 80.529 100.961
179.922 68.233 80.529 100.961
206.330 67.519 80.529 100.961
234.879 63.951 80.529 100.961
252.008 56.813 80.529 100.961
257.718 49.676 80.529 100.961
252.008 43.966 80.529 100.961
241.839 41.422 82.310 103.195
232.175 40.280 84.132 105.478
229.195 38.045 84.132 105.478
237.391 35.810 84.132 105.478
252.293 29.104 84.132 105.478
261.979 33.575 84.132 105.478
269.430 46.241 84.132 105.478
273.156 67.849 84.132 105.478
268.500 80.094 85.993 107.812
264.686 83.908 85.993 107.812
266.211 86.196 85.993 107.812
273.993 85.057 84.159 105.513
283.832 77.241 82.364 103.263
289.816 70.319 80.608 101.061
280.537 64.609 80.608 101.061
276.791 57.781 82.391 103.297
275.332 51.946 82.391 103.297
270.773 42.780 84.214 105.582
258.852 36.819 84.214 105.582
240.969 37.564 84.214 105.582
256.616 136.662 84.214 105.582
247.675 138.897 84.214 105.582
243.950 136.662 84.214 105.582
243.205 134.427 84.214 105.582
241.867 137.788 82.418 103.331
244.205 41.148 80.661 101.127
237.928 44.368 78.941 98.970
231.628 47.168 78.941 98.970
223.928 61.168 78.941 98.970
210.628 77.268 78.941 98.970
215.528 89.168 78.941 98.970
241.254 104.873 80.687 101.160
257.715 91.990 80.687 101.160
270.026 74.461 78.967 99.003
286.126 68.861 78.967 99.003
302.226 54.861 78.967 99.003
319.726 42.961 78.967 99.003
330.226 40.161 78.967 99.003
335.126 42.961 78.967 99.003
323.226 54.861 78.967 99.003
308.526 62.561 78.967 99.003
291.026 77.961 78.967 99.003
272.126 83.561 78.967 99.003
262.153 80.366 80.714 101.193
260.006 70.346 80.714 101.193
265.016 61.758 80.714 101.193
270.025 62.474 80.714 101.193
275.035 72.494 80.714 101.193
270.025 80.366 80.714 101.193
257.859 80.366 80.714 101.193
246.408 138.337 80.714 101.193
240.682 137.621 80.714 101.193
234.957 136.905 80.714 101.193
232.094 137.621 80.714 101.193
234.241 139.052 80.714 101.193
236.388 139.052 80.714 101.193
246.408 144.062 80.714 101.193
268.594 151.219 80.714 101.193
282.908 68.915 80.714 101.193
295.790 75.356 80.714 101.193
305.239 80.729 78.993 99.035
304.681 86.685 77.308 96.923
289.626 92.160 77.308 96.923
271.150 101.740 77.308 96.923
256.779 108.583 77.308 96.923
239.672 112.005 77.308 96.923
232.144 112.689 77.308 96.923
228.722 105.162 77.308 96.923
226.670 99.003 77.308 96.923
234.197 90.791 77.308 96.923
248.568 79.842 77.308 96.923
266.360 68.209 77.308 96.923
288.258 57.260 77.308 96.923
302.084 50.082 75.659 94.856
296.185 43.717 74.046 92.834
289.616 48.315 74.046 92.834
291.720 57.187 72.467 90.854
300.055 62.957 72.467 90.854
310.314 64.881 72.467 90.854
322.496 62.316 72.467 90.854
329.680 52.385 70.921 88.916
328.426 36.071 70.921 88.916
331.064 33.255 69.409 87.020
329.957 37.877 67.929 85.165
333.569 46.906 67.929 85.165
335.977 54.129 67.929 85.165
332.487 62.261 66.480 83.348
322.487 63.438 66.480 83.348
320.723 62.849 66.480 83.348
321.311 58.732 66.480 83.348
324.252 49.320 66.480 83.348
328.958 34.026 66.480 83.348
334.840 18.143 66.480 83.348
332.487 3.438 66.480 83.348
326.017 -5.386 66.480 83.348
318.370 -7.739 66.480 83.348
313.664 -5.386 66.480 83.348
307.193 5.791 66.480 83.348
300.843 14.915 65.063 81.571
300.700 39.953 66.502 83.376
294.082 33.737 67.973 85.220
290.593 50.297 66.524 83.403
291.183 75.675 66.524 83.403
284.691 83.347 66.524 83.403
275.248 91.020 66.524 83.403
262.708 91.278 67.996 85.248
248.261 90.074 67.996 85.248
230.052 86.723 69.500 87.134
216.969 79.602 71.038 89.062
214.295 67.288 72.610 91.033
195.484 53.418 74.216 93.047
192.036 44.506 75.858 95.106
187.834 40.764 77.536 97.210
185.603 40.375 79.252 99.361
266.154 132.636 81.005 101.559
269.564 136.536 82.798 103.806
271.031 138.736 82.798 103.806
265.897 139.470 82.798 103.806
254.897 132.870 82.798 103.806
246.831 132.136 82.798 103.806
240.964 128.470 82.798 103.806
238.031 118.203 82.798 103.806
241.697 125.536 82.798 103.806
240.964 134.336 82.798 103.806
236.564 133.603 82.798 103.806
232.164 135.803 82.798 103.806
238.764 136.536 82.798 103.806
251.781 138.321 84.629 106.103
274.252 145.062 84.629 106.103
265.826 135.649 86.502 108.450
285.915 131.439 84.657 106.137
292.656 85.000 84.657 106.137
286.664 87.996 84.657 106.137
270.934 100.729 84.657 106.137
253.707 114.961 84.657 106.137
242.471 134.435 84.657 106.137
239.475 133.686 84.657 106.137
243.969 129.192 84.657 106.137
261.351 98.865 82.852 103.874
282.617 67.332 82.852 103.874
298.017 40.198 82.852 103.874
301.501 21.449 84.685 106.172
295.493 11.686 84.685 106.172
275.216 13.939 84.685 106.172
254.341 35.348 82.879 103.908
254.891 34.198 84.713 106.207
260.899 28.942 84.713 106.207
264.653 32.696 84.713 106.207
258.646 49.218 84.713 106.207
249.634 76.253 84.713 106.207
245.879 81.510 84.713 106.207
242.124 94.277 84.713 106.207
251.288 86.398 82.906 103.942
261.582 82.721 82.906 103.942
244.084 138.241 81.138 101.726
241.925 136.802 81.138 101.726
235.449 142.559 81.138 101.726
228.972 136.082 81.138 101.726
231.850 138.241 81.138 101.726
236.888 136.802 81.138 101.726
234.009 136.802 81.138 101.726
241.205 136.082 81.138 101.726
242.790 137.887 79.408 99.556
236.280 135.377 81.165 101.759
242.903 134.304 79.434 99.589
204.891 110.370 79.434 99.589
187.293 101.923 79.434 99.589
174.061 86.091 77.740 97.465
170.073 83.001 76.082 95.387
161.304 70.185 76.082 95.387
144.441 53.322 76.082 95.387
