152.000 102.000 40.000 67.000
151.582 100.747 40.000 67.000
152.000 102.835 40.000 67.000
153.671 104.088 40.000 67.000
153.671 104.088 40.000 67.000
154.924 104.506 40.000 67.000
154.924 106.176 40.000 67.000
152.000 107.012 40.000 67.000
147.824 109.518 40.000 67.000
144.482 112.024 40.000 67.000
141.141 110.353 40.000 67.000
137.391 109.397 39.147 65.571
134.940 108.047 38.312 64.173
135.340 108.047 38.312 64.173
138.540 106.847 38.312 64.173
140.940 105.647 38.312 64.173
144.140 103.647 38.312 64.173
151.740 104.847 38.312 64.173
159.340 106.047 38.312 64.173
162.940 106.447 38.312 64.173
170.916 109.337 39.160 65.593
180.318 112.300 40.026 67.044
184.912 114.805 40.026 67.044
188.228 114.064 40.912 68.527
188.631 111.596 41.817 70.043
191.254 112.908 41.817 70.043
191.254 113.345 41.817 70.043
185.545 111.696 42.742 71.593
183.731 110.009 43.688 73.177
180.533 107.725 43.688 73.177
178.248 104.070 43.688 73.177
175.050 99.045 43.688 73.177
167.284 94.019 43.688 73.177
159.517 90.821 43.688 73.177
154.948 92.192 43.688 73.177
149.009 89.907 43.688 73.177
141.699 85.339 43.688 73.177
133.019 84.882 43.688 73.177
126.166 83.511 43.688 73.177
117.485 84.882 43.688 73.177
112.460 87.623 43.688 73.177
107.891 90.364 43.688 73.177
106.521 93.562 43.688 73.177
105.150 96.304 43.688 73.177
106.978 99.045 43.688 73.177
107.865 100.063 44.654 74.796
112.504 102.035 45.642 76.451
113.934 105.371 45.642 76.451
111.523 106.431 46.652 78.143
110.519 104.590 47.684 79.871
107.003 98.726 48.739 81.639
103.915 93.744 49.818 83.445
104.434 92.185 49.818 83.445
108.040 93.860 50.920 85.291
108.008 90.791 52.047 87.178
107.432 91.999 53.198 89.107
107.987 91.445 53.198 89.107
109.652 91.445 53.198 89.107
134.622 89.780 53.198 89.107
146.275 89.780 53.198 89.107
159.559 89.349 54.375 91.078
166.952 88.780 54.375 91.078
167.520 86.506 54.375 91.078
166.383 83.663 54.375 91.078
169.226 81.957 54.375 91.078
173.218 82.359 53.216 89.136
172.072 86.385 54.393 91.108
173.778 89.797 54.393 91.108
168.660 94.346 54.393 91.108
169.229 98.895 54.393 91.108
172.608 101.867 55.596 93.124
189.985 99.676 56.827 95.184
202.461 96.706 56.827 95.184
215.532 94.923 56.827 95.184
220.879 100.271 56.827 95.184
226.226 103.241 56.827 95.184
229.197 105.023 56.827 95.184
230.944 105.159 58.084 97.290
230.338 105.159 58.084 97.290
227.915 104.553 58.084 97.290
223.068 102.129 58.084 97.290
219.433 97.282 58.084 97.290
212.162 95.465 58.084 97.290
207.315 94.253 58.084 97.290
203.680 93.647 58.084 97.290
200.044 92.435 58.084 97.290
197.015 90.618 58.084 97.290
192.168 86.376 58.084 97.290
187.927 80.923 58.084 97.290
183.093 75.902 56.845 95.216
177.746 74.714 56.845 95.216
162.905 72.164 55.633 93.185
155.953 71.997 54.447 91.198
150.836 70.860 54.447 91.198
137.769 72.401 53.285 89.253
130.541 71.682 52.149 87.350
126.180 72.772 52.149 87.350
123.466 70.978 51.037 85.487
120.810 71.356 49.949 83.664
112.476 70.684 48.883 81.880
109.429 71.557 47.841 80.134
105.439 70.411 46.821 78.425
98.614 66.853 45.822 76.752
90.003 63.504 45.822 76.752
84.750 61.930 44.845 75.116
78.189 57.244 44.845 75.116
74.440 52.558 44.845 75.116
73.044 47.267 43.889 73.514
71.667 45.890 43.889 73.514
67.079 43.596 43.889 73.514
68.914 43.137 43.889 73.514
71.182 41.865 44.860 75.140
72.560 41.971 45.852 76.803
74.445 41.122 46.867 78.502
75.887 43.684 47.904 80.239
79.357 47.797 48.964 82.014
87.044 54.813 47.920 80.265
92.014 53.425 48.980 82.041
98.166 55.835 47.935 80.292
107.666 52.835 47.935 80.292
112.666 51.335 47.935 80.292
121.635 54.446 48.996 82.068
131.359 57.005 48.996 82.068
139.517 54.562 50.080 83.884
151.004 52.587 51.188 85.740
163.316 57.405 51.188 85.740
176.132 55.921 52.320 87.637
182.697 59.203 52.320 87.637
183.759 55.498 53.478 89.576
187.112 54.940 53.478 89.576
189.906 54.381 53.478 89.576
191.583 52.146 53.478 89.576
188.241 49.189 52.338 87.665
187.705 44.106 51.221 85.796
178.605 34.471 51.221 85.796
165.758 24.835 51.221 85.796
155.587 16.271 51.221 85.796
144.346 16.806 51.221 85.796
137.387 20.553 51.221 85.796
134.722 28.427 50.129 83.966
133.162 31.416 49.060 82.176
129.068 31.928 49.060 82.176
123.408 34.089 50.146 83.994
116.602 36.184 50.146 83.994
153.218 -0.346 51.255 85.852
153.753 -1.952 51.255 85.852
151.580 -3.972 52.389 87.752
150.453 -6.037 53.548 89.693
147.659 -7.154 53.548 89.693
145.390 -8.705 54.733 91.678
141.350 -8.002 55.944 93.706
155.957 -10.924 55.944 93.706
159.463 -12.677 55.944 93.706
164.722 -10.924 55.944 93.706
168.812 -11.508 55.944 93.706
165.856 -10.207 57.182 95.779
170.641 -10.805 57.182 95.779
171.837 -10.805 57.182 95.779
173.033 -10.805 57.182 95.779
173.631 -10.207 57.182 95.779
174.229 -9.011 57.182 95.779
177.219 -9.011 57.182 95.779
178.415 -9.011 57.182 95.779
178.415 -9.609 57.182 95.779
162.268 -6.619 57.182 95.779
166.454 -6.021 57.182 95.779
173.033 -7.217 57.182 95.779
177.783 -8.875 58.447 97.898
177.746 -9.958 59.740 100.064
178.332 -12.312 61.062 102.278
199.999 -14.861 61.062 102.278
215.892 -16.629 62.413 104.541
228.951 -12.712 62.413 104.541
230.256 -14.018 62.413 104.541
227.645 -14.671 62.413 104.541
225.033 -15.976 62.413 104.541
226.992 -14.018 62.413 104.541
228.298 -14.671 62.413 104.541
230.256 -13.365 62.413 104.541
230.909 -14.018 62.413 104.541
233.521 -13.365 62.413 104.541
232.228 -14.209 61.082 102.312
229.042 -14.209 61.082 102.312
229.042 -13.572 61.082 102.312
229.042 -12.934 61.082 102.312
226.493 -14.209 61.082 102.312
224.595 -13.755 59.779 100.130
222.682 -16.114 61.102 102.345
227.157 -13.557 61.102 102.345
227.157 -14.835 61.102 102.345
227.157 -14.196 61.102 102.345
227.157 -14.835 61.102 102.345
227.157 -15.475 61.102 102.345
227.796 -14.196 61.102 102.345
227.796 -14.835 61.102 102.345
228.435 -15.475 61.102 102.345
229.038 -14.050 62.454 104.610
229.691 -15.356 62.454 104.610
229.691 -16.009 62.454 104.610
230.306 -14.554 63.835 106.924
232.320 -15.414 62.474 104.644
232.973 -13.455 62.474 104.644
233.626 -14.761 62.474 104.644
234.945 -14.298 61.142 102.412
235.584 -11.742 61.142 102.412
234.945 -13.020 61.142 102.412
235.584 -13.659 61.142 102.412
234.306 -13.659 61.142 102.412
234.945 -13.659 61.142 102.412
236.223 -11.742 61.142 102.412
234.945 -13.020 61.142 102.412
234.945 -11.742 61.142 102.412
233.666 -12.381 61.142 102.412
232.388 -11.102 61.142 102.412
230.470 -12.381 61.142 102.412
231.749 -11.742 61.142 102.412
233.679 -12.567 59.838 100.228
237.445 -14.000 58.562 98.091
205.021 -12.777 58.562 98.091
195.197 -8.356 59.858 100.261
195.822 -10.233 59.858 100.261
189.567 -10.233 59.858 100.261
171.391 -6.338 61.182 102.480
217.377 77.544 62.535 104.747
212.807 79.503 62.535 104.747
198.403 79.650 63.919 107.064
178.975 78.466 65.333 109.433
163.280 77.101 65.333 109.433
155.092 81.877 65.333 109.433
140.763 80.513 65.333 109.433
125.069 79.148 65.333 109.433
110.057 81.195 65.333 109.433
105.280 80.513 65.333 109.433
80.716 83.242 65.333 109.433
68.433 81.877 65.333 109.433
58.880 81.195 65.333 109.433
53.381 81.349 66.779 111.854
58.267 78.557 66.779 111.854
70.134 77.161 66.779 111.854
75.678 82.206 68.256 114.329
67.827 88.629 68.256 114.329
71.395 90.057 68.256 114.329
78.533 89.343 68.256 114.329
92.107 92.703 66.801 111.891
110.969 106.461 65.376 109.505
101.416 109.191 65.376 109.505
87.769 109.191 65.376 109.505
106.875 111.238 65.376 109.505
112.293 110.709 66.823 111.928
53.657 60.450 66.823 111.928
52.261 61.846 66.823 111.928
51.563 62.544 66.823 111.928
50.865 63.242 66.823 111.928
49.469 63.242 66.823 111.928
48.073 63.242 66.823 111.928
47.375 58.356 66.823 111.928
46.677 59.054 66.823 111.928
45.979 59.752 66.823 111.928
64.128 88.371 66.823 111.928
62.691 92.717 68.301 114.404
120.517 85.373 66.845 111.965
107.967 82.378 65.419 109.577
96.347 76.019 64.024 107.240
85.663 73.819 62.659 104.953
75.184 71.855 62.659 104.953
68.635 69.890 62.659 104.953
64.706 67.925 62.659 104.953
66.671 71.855 62.659 104.953
68.635 68.580 62.659 104.953
69.290 65.306 62.659 104.953
71.255 62.686 62.659 104.953
