196.000 51.000 139.000 194.000
198.612 52.306 139.000 194.000
195.768 46.242 142.075 198.292
197.283 51.027 139.046 194.064
195.745 47.572 142.122 198.357
195.745 46.237 142.122 198.357
194.173 46.713 145.266 202.746
191.201 40.376 148.480 207.232
192.784 46.774 145.314 202.812
193.910 45.897 148.529 207.300
189.909 41.127 145.362 202.879
189.668 40.250 148.578 207.368
184.084 37.457 148.578 207.368
186.876 40.250 148.578 207.368
182.688 38.853 148.578 207.368
182.688 41.646 148.578 207.368
176.856 36.559 151.865 211.956
170.893 31.360 155.225 216.645
170.893 32.819 155.225 216.645
169.435 32.819 155.225 216.645
166.517 31.360 155.225 216.645
166.259 30.422 158.659 221.438
164.766 31.914 158.659 221.438
161.782 27.438 158.659 221.438
160.290 25.946 158.659 221.438
160.290 24.453 158.659 221.438
158.798 25.946 158.659 221.438
164.766 25.946 158.659 221.438
160.290 24.453 158.659 221.438
160.290 22.961 158.659 221.438
161.782 24.453 158.659 221.438
163.274 22.961 158.659 221.438
166.259 22.961 158.659 221.438
170.735 25.946 158.659 221.438
176.704 22.961 158.659 221.438
182.672 25.946 158.659 221.438
183.901 22.004 162.170 226.338
188.472 20.480 162.170 226.338
194.566 15.910 162.170 226.338
200.660 23.527 162.170 226.338
204.960 19.500 165.758 231.345
217.431 24.176 165.758 231.345
222.316 32.878 162.223 226.412
226.623 22.746 165.812 231.421
234.417 28.982 165.812 231.421
243.495 23.304 169.481 236.541
251.456 16.935 169.481 236.541
257.542 19.095 173.231 241.775
265.679 23.977 173.231 241.775
272.189 20.722 173.231 241.775
278.698 23.977 173.231 241.775
280.326 23.977 173.231 241.775
283.581 25.605 173.231 241.775
281.953 33.742 173.231 241.775
288.463 36.997 173.231 241.775
304.957 41.202 169.536 236.619
298.299 48.149 173.287 241.854
288.235 56.880 177.121 247.205
276.806 56.186 173.344 241.934
284.665 53.510 177.179 247.286
292.989 50.180 177.179 247.286
294.358 57.433 181.099 252.758
286.077 49.916 177.237 247.367
279.634 39.221 173.458 242.092
279.634 47.377 173.458 242.092
278.002 53.903 173.458 242.092
268.432 45.065 169.759 236.930
271.625 56.237 169.759 236.930
271.343 66.385 173.515 242.172
272.974 56.597 173.515 242.172
271.343 68.016 173.515 242.172
277.868 56.597 173.515 242.172
280.843 68.600 177.354 247.530
269.176 58.600 177.354 247.530
269.176 53.600 177.354 247.530
275.843 70.267 177.354 247.530
272.509 68.600 177.354 247.530
272.509 66.933 177.354 247.530
279.176 71.933 177.354 247.530
275.843 68.600 177.354 247.530
277.509 80.267 177.354 247.530
277.509 78.600 177.354 247.530
280.547 74.195 181.278 253.006
278.542 57.765 185.288 258.604
299.436 71.694 185.288 258.604
318.589 75.176 185.288 258.604
273.319 71.694 185.288 258.604
269.528 67.092 189.388 264.326
271.308 63.531 189.388 264.326
254.970 65.948 193.578 270.174
343.809 66.599 197.861 276.151
345.341 57.962 202.239 282.261
326.004 52.939 206.713 288.506
322.118 49.053 206.713 288.506
316.288 47.110 206.713 288.506
292.627 36.145 211.287 294.889
294.262 36.856 215.962 301.414
328.403 35.551 220.740 308.083
280.689 29.327 220.740 308.083
266.167 25.178 220.740 308.083
276.540 33.476 220.740 308.083
325.961 38.366 225.624 314.899
332.325 32.001 225.624 314.899
342.933 38.366 225.624 314.899
351.420 44.731 225.624 314.899
357.410 30.639 230.615 321.866
353.073 30.639 230.615 321.866
359.579 26.302 230.615 321.866
357.410 34.977 230.615 321.866
353.073 41.483 230.615 321.866
348.735 37.145 230.615 321.866
335.341 40.091 235.718 328.987
346.028 20.941 240.933 336.266
332.039 21.751 246.264 343.706
345.524 11.002 251.712 351.311
335.640 11.848 257.281 359.083
325.969 19.101 257.281 359.083
340.475 7.013 257.281 359.083
338.057 16.684 257.281 359.083
347.728 7.013 257.281 359.083
335.640 19.101 257.281 359.083
323.551 2.178 257.281 359.083
345.310 9.431 257.281 359.083
335.640 19.101 257.281 359.083
