146.000 54.000 68.000 101.000
146.663 55.325 68.000 101.000
147.325 55.988 68.000 101.000
147.988 55.988 68.000 101.000
150.639 54.663 68.000 101.000
151.965 53.337 68.000 101.000
153.290 54.663 68.000 101.000
153.953 53.337 68.000 101.000
157.267 54.663 68.000 101.000
158.592 53.337 68.000 101.000
158.503 54.208 69.505 103.235
157.826 54.208 69.505 103.235
159.179 56.238 69.505 103.235
161.950 58.691 68.022 101.033
162.612 56.703 68.022 101.033
167.252 57.366 68.022 101.033
172.616 60.431 66.572 98.879
177.869 61.486 65.152 96.770
182.376 62.517 63.763 94.706
187.406 61.041 62.403 92.687
188.680 57.774 61.072 90.710
192.301 56.365 59.770 88.776
195.268 57.312 58.495 86.882
197.604 59.950 57.248 85.030
199.885 63.084 56.027 83.216
201.027 66.697 54.832 81.442
200.545 70.765 53.663 79.705
198.451 72.336 53.663 79.705
197.976 75.280 52.518 78.005
195.929 76.303 52.518 78.005
192.347 75.280 52.518 78.005
188.301 73.041 51.398 76.342
185.301 73.041 51.398 76.342
181.301 70.541 51.398 76.342
177.301 69.541 51.398 76.342
170.301 69.541 51.398 76.342
165.801 69.541 51.398 76.342
162.801 71.541 51.398 76.342
158.801 70.041 51.398 76.342
158.301 68.541 51.398 76.342
157.801 68.041 51.398 76.342
157.801 69.541 51.398 76.342
157.801 68.541 51.398 76.342
156.301 69.541 51.398 76.342
154.301 69.541 51.398 76.342
151.801 70.041 51.398 76.342
149.301 70.541 51.398 76.342
147.801 69.541 51.398 76.342
149.801 69.041 51.398 76.342
150.801 69.041 51.398 76.342
149.801 67.041 51.398 76.342
150.801 65.541 51.398 76.342
153.301 65.041 51.398 76.342
153.301 65.541 51.398 76.342
155.301 68.041 51.398 76.342
156.301 70.541 51.398 76.342
155.301 74.041 51.398 76.342
155.801 75.041 51.398 76.342
155.801 76.041 51.398 76.342
154.801 76.041 51.398 76.342
156.301 74.041 51.398 76.342
156.301 72.541 51.398 76.342
158.301 69.541 51.398 76.342
161.801 66.541 51.398 76.342
165.801 65.041 51.398 76.342
167.801 63.541 51.398 76.342
171.801 62.041 51.398 76.342
173.801 63.541 51.398 76.342
175.801 66.541 51.398 76.342
177.801 70.041 51.398 76.342
179.301 72.541 51.398 76.342
181.801 73.541 51.398 76.342
183.301 73.041 51.398 76.342
182.801 71.541 51.398 76.342
185.301 70.541 51.398 76.342
186.301 70.541 51.398 76.342
185.301 68.541 51.398 76.342
183.301 66.541 51.398 76.342
184.801 65.041 51.398 76.342
182.801 67.541 51.398 76.342
179.801 68.541 51.398 76.342
178.801 71.041 51.398 76.342
176.801 72.541 51.398 76.342
174.801 72.541 51.398 76.342
174.801 70.541 51.398 76.342
174.301 72.041 51.398 76.342
171.349 71.355 50.302 74.714
172.819 69.884 50.302 74.714
170.368 70.865 50.302 74.714
169.434 68.720 49.230 73.121
167.520 64.893 49.230 73.121
162.736 64.893 49.230 73.121
159.387 62.979 49.230 73.121
157.952 61.065 49.230 73.121
158.430 64.414 49.230 73.121
157.952 68.720 49.230 73.121
157.952 71.112 49.230 73.121
157.952 72.069 49.230 73.121
156.995 73.026 49.230 73.121
155.560 72.069 49.230 73.121
156.038 73.983 49.230 73.121
158.430 73.504 49.230 73.121
156.995 71.112 49.230 73.121
158.909 70.634 49.230 73.121
160.822 69.677 49.230 73.121
161.779 70.634 49.230 73.121
164.171 70.634 49.230 73.121
169.959 72.849 48.180 71.561
172.302 74.255 48.180 71.561
174.645 74.723 48.180 71.561
177.457 76.598 48.180 71.561
177.926 78.004 48.180 71.561
176.520 75.192 48.180 71.561
176.989 72.849 48.180 71.561
181.251 73.143 47.152 70.035
189.051 73.143 47.152 70.035
193.118 70.074 48.196 71.585
194.992 71.480 48.196 71.585
194.055 71.480 48.196 71.585
193.118 69.137 48.196 71.585
193.118 70.543 48.196 71.585
194.524 71.949 48.196 71.585
195.461 74.292 48.196 71.585
196.398 76.635 48.196 71.585
198.273 78.041 48.196 71.585
199.679 78.510 48.196 71.585
201.020 74.437 49.262 73.168
199.514 70.746 50.352 74.787
190.201 71.236 50.352 74.787
184.808 72.216 50.352 74.787
182.894 69.582 49.278 73.192
182.414 65.739 49.278 73.192
181.453 63.337 49.278 73.192
179.532 66.219 49.278 73.192
176.694 70.363 48.227 71.632
172.459 69.892 48.227 71.632
168.694 70.833 48.227 71.632
166.812 70.833 48.227 71.632
163.988 70.363 48.227 71.632
163.047 67.539 48.227 71.632
163.518 65.186 48.227 71.632
163.988 64.245 48.227 71.632
163.518 64.716 48.227 71.632
163.988 66.127 48.227 71.632
165.400 66.598 48.227 71.632
167.282 66.127 48.227 71.632
169.165 69.421 48.227 71.632
170.106 71.774 48.227 71.632
171.047 75.069 48.227 71.632
173.400 77.892 48.227 71.632
176.694 78.363 48.227 71.632
180.867 73.806 49.294 73.216
184.645 72.515 50.385 74.836
186.048 66.785 51.500 76.492
184.977 61.421 52.639 78.185
187.024 62.445 52.639 78.185
186.000 65.004 52.639 78.185
184.906 67.209 53.804 79.914
183.859 69.304 53.804 79.914
185.953 68.257 53.804 79.914
186.527 71.203 52.656 78.210
186.013 73.771 52.656 78.210
184.986 75.313 52.656 78.210
183.444 75.826 52.656 78.210
184.006 74.605 51.533 76.542
183.002 75.107 51.533 76.542
183.002 70.590 51.533 76.542
184.006 67.578 51.533 76.542
181.998 66.072 51.533 76.542
178.416 68.739 52.674 78.236
174.751 71.983 53.839 79.967
174.155 74.240 55.030 81.736
172.550 71.563 55.030 81.736
169.873 69.422 55.030 81.736
168.803 69.957 55.030 81.736
163.501 71.900 53.857 79.993
159.364 71.182 52.708 78.287
155.816 68.934 51.584 76.618
154.812 67.428 51.584 76.618
153.808 67.428 51.584 76.618
151.229 67.585 52.725 78.313
152.257 68.612 52.725 78.313
155.853 68.099 52.725 78.313
158.935 69.640 52.725 78.313
159.963 72.208 52.725 78.313
161.504 73.750 52.725 78.313
164.073 76.832 52.725 78.313
165.100 78.373 52.725 78.313
168.182 75.291 52.725 78.313
172.854 75.612 51.601 76.643
178.878 79.126 51.601 76.643
181.890 81.134 51.601 76.643
184.901 80.632 51.601 76.643
190.423 77.118 51.601 76.643
191.427 73.604 51.601 76.643
193.435 72.098 51.601 76.643
196.949 71.094 51.601 76.643
201.968 73.102 51.601 76.643
205.482 75.612 51.601 76.643
207.490 79.126 51.601 76.643
209.498 78.122 51.601 76.643
213.513 80.130 51.601 76.643
214.015 81.636 51.601 76.643
216.023 79.126 51.601 76.643
216.525 78.624 51.601 76.643
217.027 80.130 51.601 76.643
215.521 77.620 51.601 76.643
213.011 79.628 51.601 76.643
215.019 77.620 51.601 76.643
213.513 78.122 51.601 76.643
210.433 76.270 52.743 78.338
210.946 77.297 52.743 78.338
211.509 79.160 51.618 76.668
211.007 77.654 51.618 76.668
210.505 76.148 51.618 76.668
210.003 73.137 51.618 76.668
208.999 72.133 51.618 76.668
206.991 75.646 51.618 76.668
204.481 78.658 51.618 76.668
201.971 77.654 51.618 76.668
202.975 77.654 51.618 76.668
201.469 76.650 51.618 76.668
199.462 74.141 51.618 76.668
198.960 73.639 51.618 76.668
198.458 74.141 51.618 76.668
201.469 71.631 51.618 76.668
203.979 70.627 51.618 76.668
204.983 74.141 51.618 76.668
205.987 77.654 51.618 76.668
205.416 75.300 52.760 78.364
207.985 72.732 52.760 78.364
208.498 71.704 52.760 78.364
210.040 69.136 52.760 78.364
211.067 73.759 52.760 78.364
212.608 70.163 52.760 78.364
220.244 67.241 53.927 80.098
223.397 72.496 53.927 80.098
228.652 71.445 53.927 80.098
235.938 73.187 55.120 81.870
237.550 76.947 55.120 81.870
236.475 80.171 55.120 81.870
234.863 83.932 55.120 81.870
232.177 88.230 55.120 81.870
232.714 85.006 55.120 81.870
234.791 79.265 56.340 83.681
236.438 75.971 56.340 83.681
236.913 73.947 57.587 85.533
239.156 70.022 57.587 85.533
232.911 66.272 58.861 87.425
230.542 66.450 60.163 89.360
232.301 62.346 60.163 89.360
228.118 66.047 61.494 91.337
224.447 63.841 62.855 93.358
235.517 64.225 61.514 91.367
228.939 60.636 61.514 91.367
225.351 58.842 61.514 91.367
220.484 59.027 62.875 93.388
216.813 53.522 62.875 93.388
218.649 49.239 62.875 93.388
219.260 45.569 62.875 93.388
221.708 43.122 62.875 93.388
224.155 46.792 62.875 93.388
228.437 49.851 62.875 93.388
234.613 56.353 61.534 91.397
235.813 62.353 61.534 91.397
239.413 68.353 61.534 91.397
247.732 81.742 62.896 93.419
253.766 85.602 64.287 95.486
256.808 28.252 65.710 97.598
261.983 21.622 64.308 95.517
257.605 16.618 64.308 95.517
256.979 12.865 64.308 95.517
257.605 12.865 64.308 95.517
260.792 12.007 62.937 93.480
256.496 10.166 62.937 93.480
258.337 10.780 62.937 93.480
262.020 13.848 62.937 93.480
266.316 13.234 62.937 93.480
263.247 15.689 62.937 93.480
261.323 12.200 64.330 95.548
257.571 10.949 64.330 95.548
255.069 9.073 64.330 95.548
256.320 7.822 64.330 95.548
255.069 7.822 64.330 95.548
254.443 5.320 64.330 95.548
257.631 7.590 62.958 93.511
257.075 39.887 61.615 91.517
261.332 43.863 60.301 89.565
261.918 45.621 60.301 89.565
257.147 46.389 61.635 91.547
257.147 42.189 61.635 91.547
257.147 44.589 61.635 91.547
258.404 46.166 60.321 89.594
256.051 43.813 60.321 89.594
258.459 41.827 59.035 87.684
257.885 22.293 59.035 87.684
256.161 15.399 59.035 87.684
254.359 15.004 60.341 89.624
253.183 16.180 60.341 89.624
239.653 54.416 60.341 89.624
234.359 59.122 60.341 89.624
227.888 57.945 60.341 89.624
226.179 64.783 59.054 87.712
219.859 63.059 59.054 87.712
220.434 63.059 59.054 87.712
218.136 61.910 59.054 87.712
213.020 64.569 57.795 85.842
211.948 63.796 56.562 84.011
209.744 59.939 56.562 84.011
209.193 54.981 56.562 84.011
214.152 51.675 56.562 84.011
212.499 48.920 56.562 84.011
211.323 43.032 57.814 85.870
214.699 40.218 57.814 85.870
196.182 47.324 56.581 84.039
176.347 47.324 56.581 84.039
173.592 45.671 56.581 84.039
165.327 47.875 56.581 84.039
163.176 46.016 55.374 82.247
154.600 50.667 54.193 80.493
154.650 49.943 53.037 78.776
153.103 53.553 53.037 78.776
139.108 49.072 54.211 80.519
141.796 53.622 53.055 78.802
145.406 53.107 53.055 78.802
143.859 55.685 53.055 78.802
144.425 58.588 51.923 77.122
150.037 58.399 50.816 75.477
151.519 54.940 50.816 75.477
154.484 59.387 50.816 75.477
151.025 63.340 50.816 75.477
150.531 65.811 50.816 75.477
155.966 67.787 50.816 75.477
157.449 70.258 50.816 75.477
158.863 69.423 51.940 77.147
163.922 73.976 51.940 77.147
167.900 71.604 53.090 78.854
171.524 69.534 53.090 78.854
173.594 65.393 53.090 78.854
176.183 60.216 53.090 78.854
178.253 54.522 53.090 78.854
180.324 49.863 53.090 78.854
181.359 44.687 53.090 78.854
182.912 41.063 53.090 78.854
180.324 41.063 53.090 78.854
178.253 50.899 53.090 78.854
181.359 58.146 53.090 78.854
178.771 80.922 53.090 78.854
183.360 83.673 54.264 80.598
186.979 84.892 55.465 82.382
193.376 84.519 56.692 84.204
199.458 87.837 56.692 84.204
201.595 86.353 57.946 86.067
200.466 86.353 57.946 86.067
203.290 84.094 57.946 86.067
207.807 80.141 57.946 86.067
202.649 76.365 59.228 87.972
196.884 70.600 59.228 87.972
204.954 75.789 59.228 87.972
202.649 74.636 59.228 87.972
198.037 71.177 59.228 87.972
191.696 70.600 59.228 87.972
187.005 65.592 60.539 89.918
184.565 43.940 61.878 91.907
182.676 27.273 63.247 93.941
178.982 21.116 63.247 93.941
176.519 22.963 63.247 93.941
172.741 23.771 64.647 96.019
172.741 26.918 64.647 96.019
172.026 26.485 66.077 98.144
170.097 29.058 66.077 98.144
168.811 31.630 66.077 98.144
166.881 34.846 66.077 98.144
166.238 38.061 66.077 98.144
164.221 40.191 67.539 100.315
164.878 38.221 67.539 100.315
163.627 37.977 66.099 98.176
162.253 34.318 67.561 100.348
160.935 38.271 67.561 100.348
164.888 38.271 67.561 100.348
168.182 43.542 67.561 100.348
188.008 62.400 66.120 98.208
190.643 71.808 64.710 96.114
194.480 76.609 63.330 94.064
198.186 72.903 63.330 94.064
203.185 78.230 61.980 92.058
203.185 75.814 61.980 92.058
205.600 72.794 61.980 92.058
208.016 69.775 61.980 92.058
211.036 66.151 61.980 92.058
205.600 60.716 61.980 92.058
200.083 58.490 63.351 94.095
195.760 60.343 63.351 94.095
195.677 56.831 64.753 96.177
198.749 60.187 66.185 98.305
207.135 61.477 66.185 98.305
200.039 59.542 66.185 98.305
192.943 64.057 66.185 98.305
194.878 67.283 66.185 98.305
198.661 70.066 67.650 100.480
194.112 73.773 66.207 98.337
196.605 72.685 67.672 100.513
189.358 73.344 67.672 100.513
184.746 69.391 67.672 100.513
182.111 63.461 67.672 100.513
183.998 55.761 69.169 102.736
190.068 69.926 69.169 102.736
192.092 75.322 69.169 102.736
194.790 83.416 69.169 102.736
197.397 87.676 70.699 105.010
201.527 92.493 70.699 105.010
206.344 89.740 70.699 105.010
204.280 90.429 70.699 105.010
184.321 84.234 70.699 105.010
186.292 79.632 72.264 107.333
240.560 54.731 70.723 105.044
239.872 51.290 70.723 105.044
237.119 47.849 70.723 105.044
237.807 51.290 70.723 105.044
241.248 55.419 70.723 105.044
245.378 60.237 70.723 105.044
248.819 56.796 70.723 105.044
245.378 47.849 70.723 105.044
247.443 50.602 70.723 105.044
246.132 52.410 69.214 102.804
242.085 49.037 69.214 102.804
240.061 49.712 69.214 102.804
238.776 52.157 67.738 100.612
234.823 50.181 67.738 100.612
231.438 47.091 69.237 102.838
234.136 45.742 69.237 102.838
230.089 47.091 69.237 102.838
233.462 50.464 69.237 102.838
235.394 45.953 70.769 105.113
235.987 40.661 72.335 107.438
221.109 24.690 73.935 109.816
229.646 25.634 75.571 112.245
236.898 28.069 77.243 114.729
238.404 23.551 77.243 114.729
236.898 19.787 77.243 114.729
204.592 33.810 75.596 112.282
199.445 36.016 75.596 112.282
196.575 37.948 73.984 109.888
198.803 35.522 72.406 107.544
195.340 39.492 70.862 105.251
191.954 41.995 69.351 103.006
197.350 40.646 69.351 103.006
198.764 44.442 67.872 100.810
199.488 47.499 66.424 98.660
198.194 50.735 66.424 98.660
196.900 53.323 66.424 98.660
193.664 48.147 66.424 98.660
191.137 51.787 65.008 96.556
188.604 46.720 65.008 96.556
186.071 47.987 65.008 96.556
191.137 43.553 65.008 96.556
193.037 45.453 65.008 96.556
190.418 47.552 66.446 98.692
182.653 50.140 66.446 98.692
175.536 48.846 66.446 98.692
171.068 54.428 65.029 96.588
167.328 57.991 63.642 94.528
156.853 55.281 62.285 92.512
149.641 58.085 60.957 90.539
144.944 53.704 59.657 88.608
143.203 48.480 59.657 88.608
139.196 45.943 58.385 86.719
131.289 41.181 57.140 84.869
133.569 37.631 55.921 83.060
134.165 35.246 54.729 81.288
136.832 38.446 54.729 81.288
139.498 37.379 54.729 81.288
142.698 40.579 54.729 81.288
143.765 42.713 54.729 81.288
148.615 44.646 53.562 79.555
152.266 45.689 53.562 79.555
152.717 46.374 54.747 81.315
157.517 49.574 54.747 81.315
166.584 46.907 54.747 81.315
182.101 51.508 53.579 79.581
182.672 49.227 52.437 77.884
179.662 52.606 51.318 76.223
175.662 56.606 51.318 76.223
178.210 60.919 50.224 74.597
179.722 63.179 49.153 73.007
175.940 63.957 48.105 71.450
179.733 67.531 47.079 69.926
182.529 67.818 46.075 68.435
195.144 69.446 45.092 66.975
200.456 69.281 44.131 65.547
200.497 66.974 43.190 64.149
200.538 63.462 42.269 62.781
198.930 61.661 41.367 61.443
198.969 62.718 40.485 60.132
197.036 65.724 39.622 58.850
194.755 69.442 38.777 57.595
192.898 72.705 37.950 56.367
198.094 71.463 37.141 55.165
199.898 70.020 37.141 55.165
196.651 68.576 37.141 55.165
194.522 68.443 36.349 53.988
198.426 69.863 36.349 53.988
191.683 79.800 36.349 53.988
195.184 79.558 37.153 55.183
195.499 82.212 37.975 56.404
208.840 72.577 37.975 56.404
215.881 72.947 37.975 56.404
212.175 69.241 37.975 56.404
204.393 67.759 37.975 56.404
194.387 72.947 37.975 56.404
192.855 69.729 38.815 57.652
193.234 72.757 38.815 57.652
190.534 69.091 39.674 58.927
192.465 70.636 39.674 58.927
196.328 68.705 39.674 58.927
197.048 70.371 40.551 60.231
198.624 73.918 40.551 60.231
196.260 77.465 40.551 60.231
199.412 86.136 40.551 60.231
193.052 82.710 41.449 61.564
182.146 91.597 41.449 61.564
172.048 92.405 41.449 61.564
161.492 82.837 42.366 62.926
155.315 74.190 42.366 62.926
150.374 71.720 42.366 62.926
146.199 66.906 43.303 64.318
142.827 63.533 43.303 64.318
143.670 64.798 43.303 64.318
145.299 66.616 44.261 65.741
143.515 68.477 45.240 67.195
148.809 71.124 45.240 67.195
149.191 74.792 46.241 68.682
146.876 76.738 47.264 70.202
146.353 78.266 48.310 71.755
147.701 75.119 49.379 73.342
150.517 69.504 50.472 74.965
153.470 65.566 50.472 74.965
155.439 63.598 50.472 74.965
156.423 66.059 50.472 74.965
157.407 68.027 50.472 74.965
156.423 71.472 50.472 74.965
155.931 74.425 50.472 74.965
154.880 76.549 51.588 76.624
153.306 79.717 52.730 78.319
150.154 81.933 53.896 80.052
143.322 82.458 53.896 80.052
138.593 79.305 53.896 80.052
135.895 73.690 55.089 81.823
132.599 69.025 56.308 83.633
132.599 62.985 56.308 83.633
133.697 56.946 56.308 83.633
133.148 53.652 56.308 83.633
132.050 54.201 56.308 83.633
132.525 54.374 57.553 85.484
133.086 58.299 57.553 85.484
131.404 62.225 57.553 85.484
131.964 66.150 57.553 85.484
130.843 67.272 57.553 85.484
129.721 68.393 57.553 85.484
133.086 67.272 57.553 85.484
133.647 67.833 57.553 85.484
138.694 65.029 57.553 85.484
144.302 63.346 57.553 85.484
150.470 61.664 57.553 85.484
157.200 60.542 57.553 85.484
163.929 59.982 57.553 85.484
169.537 61.664 57.553 85.484
174.023 65.590 57.553 85.484
177.949 66.150 57.553 85.484
