125.000 162.000 74.000 55.000
123.482 162.000 74.000 55.000
124.494 162.000 74.000 55.000
124.494 162.000 74.000 55.000
124.494 162.000 74.000 55.000
124.494 162.000 74.000 55.000
123.988 162.000 74.000 55.000
125.000 162.000 74.000 55.000
124.494 162.000 74.000 55.000
123.988 162.000 74.000 55.000
125.506 162.000 74.000 55.000
124.494 162.000 74.000 55.000
124.494 162.000 74.000 55.000
124.494 162.000 74.000 55.000
124.494 162.000 74.000 55.000
124.494 162.000 74.000 55.000
124.494 162.000 74.000 55.000
124.494 162.000 74.000 55.000
124.494 162.000 74.000 55.000
124.494 162.000 74.000 55.000
124.494 162.000 74.000 55.000
124.494 162.000 74.000 55.000
124.494 162.000 74.000 55.000
124.494 162.000 74.000 55.000
124.494 162.000 74.000 55.000
124.494 162.000 74.000 55.000
124.494 162.000 74.000 55.000
124.494 162.000 74.000 55.000
124.494 162.000 74.000 55.000
124.494 162.000 74.000 55.000
124.494 162.000 74.000 55.000
124.494 162.000 74.000 55.000
124.494 162.000 74.000 55.000
124.494 162.000 74.000 55.000
124.494 162.000 74.000 55.000
124.494 162.000 74.000 55.000
123.988 162.000 74.000 55.000
125.000 162.000 74.000 55.000
123.482 162.000 74.000 55.000
124.494 162.000 74.000 55.000
123.988 161.494 74.000 55.000
125.000 162.000 74.000 55.000
124.494 160.988 74.000 55.000
123.482 160.482 74.000 55.000
123.482 160.988 74.000 55.000
123.988 160.482 74.000 55.000
123.988 160.482 74.000 55.000
124.494 160.482 74.000 55.000
123.988 159.976 74.000 55.000
124.494 159.471 74.000 55.000
124.494 159.471 74.000 55.000
124.494 159.976 74.000 55.000
125.000 159.471 74.000 55.000
125.506 159.976 74.000 55.000
124.494 159.471 74.000 55.000
125.000 159.976 74.000 55.000
125.506 159.471 74.000 55.000
125.000 159.976 74.000 55.000
126.012 159.471 74.000 55.000
124.494 159.471 74.000 55.000
125.506 159.976 74.000 55.000
125.506 158.965 74.000 55.000
125.506 158.965 74.000 55.000
125.506 158.965 74.000 55.000
125.506 158.965 74.000 55.000
125.506 158.965 74.000 55.000
125.506 158.965 74.000 55.000
126.012 158.965 74.000 55.000
125.000 158.965 74.000 55.000
126.518 158.965 74.000 55.000
126.012 157.953 74.000 55.000
125.506 157.447 74.000 55.000
126.518 156.941 74.000 55.000
126.518 155.424 74.000 55.000
127.529 154.918 74.000 55.000
128.035 153.400 74.000 55.000
127.529 152.894 74.000 55.000
129.553 151.882 74.000 55.000
129.553 150.871 74.000 55.000
130.565 149.859 74.000 55.000
131.071 148.847 74.000 55.000
131.071 147.329 74.000 55.000
133.883 147.916 72.422 53.827
133.387 145.435 72.422 53.827
136.640 145.017 70.878 52.679
136.911 144.126 69.366 51.556
137.651 143.252 67.887 50.456
139.769 142.396 66.439 49.380
139.314 141.031 66.439 49.380
140.932 140.193 65.022 48.327
141.377 138.858 65.022 48.327
140.932 137.523 65.022 48.327
142.961 136.703 63.636 47.297
143.204 136.336 62.279 46.288
142.353 134.634 62.279 46.288
143.868 135.128 60.950 45.301
144.518 133.940 59.651 44.335
145.154 133.597 58.379 43.390
145.554 132.797 58.379 43.390
145.376 132.860 57.134 42.464
146.376 132.142 55.915 41.559
147.354 131.821 54.723 40.672
147.354 131.072 54.723 40.672
147.563 131.131 53.556 39.805
146.830 129.664 53.556 39.805
147.401 130.455 52.414 38.956
147.960 130.871 51.296 38.125
148.507 130.926 50.202 37.312
148.164 130.240 50.202 37.312
148.356 130.295 49.132 36.517
149.217 130.009 48.084 35.738
148.558 130.009 48.084 35.738
148.558 129.680 48.084 35.738
148.558 129.021 48.084 35.738
150.059 129.732 47.058 34.976
149.737 128.767 47.058 34.976
149.416 128.445 47.058 34.976
151.847 129.461 46.055 34.230
150.900 127.883 46.055 34.230
150.584 128.199 46.055 34.230
150.584 128.199 46.055 34.230
152.338 128.564 45.073 33.500
152.030 128.256 45.073 33.500
152.030 127.948 45.073 33.500
152.338 127.332 45.073 33.500
152.954 127.640 45.073 33.500
154.974 128.305 44.112 32.786
154.370 128.305 44.112 32.786
154.370 128.003 44.112 32.786
154.672 127.701 44.112 32.786
155.276 127.399 44.112 32.786
154.672 128.003 44.112 32.786
155.578 127.701 44.112 32.786
155.276 127.399 44.112 32.786
154.672 128.305 44.112 32.786
155.276 128.305 44.112 32.786
154.672 128.607 44.112 32.786
155.276 128.305 44.112 32.786
154.672 129.211 44.112 32.786
154.672 129.513 44.112 32.786
154.672 130.117 44.112 32.786
154.370 130.117 44.112 32.786
153.766 130.419 44.112 32.786
154.370 131.023 44.112 32.786
153.766 130.721 44.112 32.786
154.370 130.721 44.112 32.786
153.766 130.721 44.112 32.786
154.672 131.023 44.112 32.786
154.672 131.627 44.112 32.786
154.672 131.929 44.112 32.786
155.276 132.533 44.112 32.786
154.370 133.741 44.112 32.786
153.580 133.076 45.088 33.511
153.081 133.013 46.085 34.252
151.940 133.581 47.105 35.010
151.740 133.837 48.147 35.785
150.549 134.100 49.212 36.577
148.655 134.033 50.301 37.386
148.444 134.654 51.414 38.213
146.822 135.284 52.551 39.058
145.523 135.929 53.714 39.923
144.929 135.856 54.903 40.806
143.945 136.157 56.117 41.709
142.556 136.465 57.359 42.632
141.921 137.169 58.628 43.575
142.323 138.375 58.628 43.575
142.077 138.295 59.925 44.539
141.824 138.212 61.251 45.524
141.566 139.387 62.606 46.532
140.873 139.302 63.991 47.561
141.040 139.213 65.407 48.613
140.316 139.122 66.854 49.689
141.687 140.950 66.854 49.689
140.490 140.857 68.333 50.788
139.734 140.764 69.845 51.912
140.213 141.720 69.845 51.912
141.170 142.199 69.845 51.912
140.397 142.581 71.391 53.061
140.584 142.483 72.970 54.234
139.276 141.883 74.585 55.434
140.296 141.883 74.585 55.434
138.961 141.779 76.235 56.661
140.004 142.301 76.235 56.661
140.526 142.822 76.235 56.661
139.682 141.153 77.921 57.915
140.749 140.619 77.921 57.915
141.816 140.619 77.921 57.915
141.487 138.912 79.645 59.196
142.577 138.912 79.645 59.196
143.122 136.186 79.645 59.196
144.213 133.461 79.645 59.196
144.213 129.645 79.645 59.196
144.758 126.375 79.645 59.196
145.848 123.104 79.645 59.196
145.848 119.288 79.645 59.196
142.786 116.453 81.408 60.506
139.658 112.443 83.209 61.844
139.658 109.031 83.209 61.844
140.796 109.599 83.209 61.844
139.090 106.756 83.209 61.844
137.953 106.756 83.209 61.844
136.247 107.325 83.209 61.844
137.384 108.462 83.209 61.844
136.247 109.031 83.209 61.844
135.678 108.462 83.209 61.844
139.658 109.599 83.209 61.844
137.384 110.168 83.209 61.844
142.252 112.533 81.434 60.525
141.449 112.065 79.698 59.235
144.479 112.697 77.998 57.972
142.346 113.230 77.998 57.972
144.778 113.848 76.335 56.735
147.156 113.931 74.707 55.525
147.156 113.420 74.707 55.525
148.180 113.931 74.707 55.525
149.715 113.931 74.707 55.525
148.692 113.931 74.707 55.525
149.715 114.443 74.707 55.525
149.715 115.467 74.707 55.525
150.739 115.467 74.707 55.525
149.203 115.978 74.707 55.525
148.180 115.467 74.707 55.525
148.180 117.002 74.707 55.525
147.156 115.978 74.707 55.525
146.330 115.876 76.360 56.754
146.330 116.400 76.360 56.754
146.853 116.923 76.360 56.754
146.330 117.447 76.360 56.754
145.283 116.923 76.360 56.754
143.189 116.400 76.360 56.754
143.189 116.400 76.360 56.754
141.820 117.342 78.049 58.010
141.820 118.409 78.049 58.010
141.820 116.809 78.049 58.010
140.424 114.567 79.776 59.293
138.451 113.366 81.541 60.605
135.409 110.101 79.802 59.312
133.432 107.803 81.568 60.625
118.344 105.009 81.568 60.625
113.873 106.127 81.568 60.625
114.647 106.574 83.373 61.966
115.788 106.003 83.373 61.966
112.365 107.715 83.373 61.966
112.935 107.715 83.373 61.966
114.076 107.144 83.373 61.966
114.647 107.144 83.373 61.966
112.365 107.715 83.373 61.966
112.365 108.286 83.373 61.966
112.365 107.715 83.373 61.966
112.935 108.856 83.373 61.966
112.935 109.427 83.373 61.966
112.935 108.286 83.373 61.966
111.794 108.286 83.373 61.966
110.082 108.856 83.373 61.966
112.113 111.799 81.595 60.645
113.789 109.005 81.595 60.645
112.886 109.452 83.400 61.986
109.111 110.478 85.245 63.358
109.695 111.647 85.245 63.358
112.258 110.946 87.131 64.760
114.046 110.350 87.131 64.760
114.642 110.946 87.131 64.760
114.871 109.037 89.059 66.192
113.651 110.867 89.059 66.192
114.261 110.257 89.059 66.192
115.105 109.524 91.029 67.657
116.976 108.277 91.029 67.657
118.463 106.905 93.043 69.154
121.012 106.905 93.043 69.154
115.276 108.180 93.043 69.154
121.012 106.905 93.043 69.154
126.110 107.543 93.043 69.154
126.747 106.905 93.043 69.154
126.110 108.180 93.043 69.154
125.472 107.543 93.043 69.154
127.384 106.268 93.043 69.154
124.835 107.543 93.043 69.154
126.747 106.268 93.043 69.154
126.747 106.905 93.043 69.154
126.110 107.543 93.043 69.154
124.198 106.905 93.043 69.154
124.835 106.905 93.043 69.154
124.835 106.905 93.043 69.154
125.472 106.905 93.043 69.154
126.110 106.905 93.043 69.154
126.110 105.631 93.043 69.154
124.835 106.268 93.043 69.154
124.198 105.631 93.043 69.154
125.827 106.368 91.059 67.679
125.204 105.121 91.059 67.679
124.580 106.368 91.059 67.679
123.957 103.874 91.059 67.679
123.333 105.121 91.059 67.679
124.928 105.843 89.117 66.236
125.268 106.549 87.217 64.823
125.602 107.240 85.357 63.441
124.433 107.825 85.357 63.441
123.849 107.825 85.357 63.441
123.265 107.825 85.357 63.441
123.849 107.825 85.357 63.441
125.928 106.164 83.537 62.088
123.638 107.881 83.537 62.088
124.210 109.027 83.537 62.088
124.210 106.164 83.537 62.088
123.065 108.454 83.537 62.088
123.065 109.599 83.537 62.088
123.638 105.019 83.537 62.088
124.210 106.736 83.537 62.088
123.638 109.599 83.537 62.088
122.492 111.317 83.537 62.088
123.956 106.826 81.755 60.764
123.397 108.502 81.755 60.764
125.386 110.268 80.012 59.468
126.786 107.073 78.305 58.200
127.621 109.299 76.636 56.959
128.964 111.483 75.001 55.744
128.450 113.024 75.001 55.744
131.819 114.132 73.402 54.555
132.823 115.136 73.402 54.555
131.819 116.642 73.402 54.555
132.823 114.132 73.402 54.555
132.823 116.642 73.402 54.555
132.321 118.650 73.402 54.555
130.815 120.658 73.402 54.555
133.605 118.729 71.837 53.392
132.129 121.190 71.837 53.392
130.652 124.143 71.837 53.392
131.637 125.620 71.837 53.392
129.668 127.588 71.837 53.392
128.684 130.049 71.837 53.392
131.418 134.063 70.305 52.253
129.497 135.505 70.305 52.253
129.016 137.907 70.305 52.253
130.727 141.346 68.805 51.139
130.990 143.774 67.338 50.049
130.990 145.617 67.338 50.049
130.990 146.538 67.338 50.049
129.607 147.921 67.338 50.049
127.304 149.303 67.338 50.049
128.225 150.225 67.338 50.049
123.156 150.225 67.338 50.049
120.853 150.225 67.338 50.049
118.549 149.764 67.338 50.049
119.470 150.225 67.338 50.049
114.862 149.764 67.338 50.049
115.580 150.298 65.902 48.981
111.773 148.565 64.497 47.937
110.696 148.194 63.121 46.914
110.938 147.831 61.775 45.914
108.820 147.408 61.775 45.914
106.938 147.050 60.458 44.935
105.697 147.050 60.458 44.935
102.387 145.809 60.458 44.935
100.135 145.874 59.169 43.977
98.512 145.063 59.169 43.977
96.482 143.439 59.169 43.977
94.047 142.221 59.169 43.977
92.018 140.192 59.169 43.977
92.424 138.974 59.169 43.977
90.394 138.569 59.169 43.977
92.243 137.414 57.907 43.039
89.692 136.685 56.672 42.121
90.468 135.132 56.672 42.121
87.123 133.889 57.926 43.053
88.533 132.368 56.690 42.135
86.204 133.144 56.690 42.135
86.741 130.349 57.945 43.067
85.949 131.537 57.945 43.067
85.949 129.557 57.945 43.067
86.345 127.180 57.945 43.067
86.345 125.992 57.945 43.067
90.132 122.490 56.709 42.149
92.289 120.999 55.500 41.250
93.050 119.857 55.500 41.250
93.431 120.618 55.500 41.250
93.811 118.716 55.500 41.250
93.811 116.814 55.500 41.250
95.544 116.113 54.316 40.370
95.916 114.995 54.316 40.370
97.034 114.995 54.316 40.370
97.551 114.176 55.518 41.263
107.061 116.078 55.518 41.263
110.315 117.659 54.334 40.383
111.060 116.914 54.334 40.383
114.993 118.090 53.175 39.522
118.113 118.876 52.041 38.679
120.611 119.590 52.041 38.679
122.038 120.303 52.041 38.679
124.021 121.786 50.932 37.855
125.766 122.135 50.932 37.855
127.162 122.485 50.932 37.855
128.907 124.230 50.932 37.855
129.954 124.928 50.932 37.855
132.048 126.324 50.932 37.855
133.793 125.626 50.932 37.855
134.142 126.324 50.932 37.855
137.477 126.727 49.845 37.047
136.585 126.318 50.948 37.867
139.222 127.768 49.862 37.059
141.118 129.187 48.798 36.269
141.452 129.520 48.798 36.269
142.912 127.786 49.878 37.072
144.959 129.151 49.878 37.072
145.300 128.468 49.878 37.072
146.324 129.151 49.878 37.072
146.795 129.082 50.982 37.892
145.748 130.129 50.982 37.892
146.990 131.231 49.894 37.084
147.672 131.572 49.894 37.084
148.355 131.913 49.894 37.084
149.719 132.254 49.894 37.084
148.826 129.797 50.998 37.904
149.873 130.844 50.998 37.904
149.658 130.774 52.127 38.743
149.658 132.201 52.127 38.743
117.541 101.154 52.127 38.743
116.312 100.140 51.015 37.917
115.614 101.885 51.015 37.917
116.312 103.281 51.015 37.917
116.312 105.375 51.015 37.917
116.661 106.771 51.015 37.917
117.359 107.120 51.015 37.917
117.708 108.516 51.015 37.917
118.406 109.912 51.015 37.917
117.842 109.842 52.144 38.756
118.199 110.912 52.144 38.756
119.269 111.983 52.144 38.756
119.269 113.054 52.144 38.756
119.269 114.124 52.144 38.756
119.626 113.410 52.144 38.756
118.912 114.124 52.144 38.756
119.269 114.838 52.144 38.756
119.763 115.123 53.297 39.613
120.128 114.029 53.297 39.613
119.398 113.664 53.297 39.613
120.128 114.758 53.297 39.613
120.128 114.394 53.297 39.613
120.268 115.779 54.477 40.489
120.640 117.269 54.477 40.489
121.758 115.779 54.477 40.489
123.248 115.034 54.477 40.489
123.829 115.838 53.315 39.626
124.558 115.109 53.315 39.626
124.194 114.744 53.315 39.626
123.099 114.379 53.315 39.626
122.574 115.896 52.178 38.781
123.287 115.896 52.178 38.781
124.001 115.896 52.178 38.781
124.001 115.896 52.178 38.781
124.358 116.610 52.178 38.781
124.358 115.896 52.178 38.781
124.358 116.253 52.178 38.781
124.001 114.825 52.178 38.781
123.287 115.539 52.178 38.781
123.644 114.825 52.178 38.781
122.574 115.182 52.178 38.781
122.931 114.468 52.178 38.781
123.287 114.825 52.178 38.781
123.644 115.182 52.178 38.781
122.574 114.825 52.178 38.781
122.931 115.539 52.178 38.781
123.287 116.253 52.178 38.781
124.001 115.896 52.178 38.781
124.358 117.323 52.178 38.781
124.715 117.323 52.178 38.781
124.358 118.037 52.178 38.781
125.072 119.108 52.178 38.781
125.429 119.821 52.178 38.781
125.072 119.821 52.178 38.781
125.565 119.035 53.332 39.639
125.565 118.671 53.332 39.639
125.769 119.458 52.195 38.794
