139.000 90.000 45.000 59.000
138.592 89.592 45.000 59.000
137.776 88.776 45.000 59.000
137.776 87.961 45.000 59.000
136.625 86.959 44.040 57.742
135.825 86.159 44.040 57.742
134.138 81.520 45.015 59.019
133.322 79.481 45.015 59.019
132.914 81.112 45.015 59.019
130.467 81.520 45.015 59.019
129.651 83.151 45.015 59.019
128.428 84.782 45.015 59.019
125.573 84.375 45.015 59.019
119.863 83.559 45.015 59.019
118.232 82.335 45.015 59.019
118.640 81.112 45.015 59.019
119.365 80.867 46.011 60.325
121.871 85.461 46.011 60.325
123.542 88.802 46.011 60.325
126.465 90.055 46.011 60.325
131.059 89.637 46.011 60.325
134.401 87.967 46.011 60.325
138.159 86.296 46.011 60.325
139.830 84.626 46.011 60.325
138.577 82.537 46.011 60.325
137.324 82.537 46.011 60.325
137.324 86.296 46.011 60.325
138.995 88.384 46.011 60.325
139.830 90.473 46.011 60.325
138.068 91.476 47.029 61.660
138.068 92.331 47.029 61.660
134.983 90.794 48.069 63.024
130.686 94.527 47.044 61.680
127.694 89.825 47.044 61.680
126.839 86.833 47.044 61.680
128.121 91.107 47.044 61.680
131.113 92.817 47.044 61.680
133.678 89.397 47.044 61.680
137.098 90.252 47.044 61.680
139.997 92.562 48.085 63.045
142.088 97.986 49.149 64.440
136.724 98.433 49.149 64.440
132.253 98.433 49.149 64.440
128.580 95.038 50.236 65.865
131.778 90.926 50.236 65.865
134.519 87.271 50.236 65.865
136.347 87.728 50.236 65.865
137.260 94.124 50.236 65.865
137.161 95.680 51.348 67.323
137.993 104.268 52.484 68.812
135.507 105.890 53.645 70.335
134.427 104.139 54.832 71.891
134.319 102.846 56.045 73.481
135.842 101.830 56.045 73.481
136.350 100.814 56.045 73.481
138.889 99.291 56.045 73.481
139.905 97.259 56.045 73.481
143.550 94.488 54.850 71.914
143.052 84.029 54.850 71.914
146.538 81.539 54.850 71.914
152.514 79.547 54.850 71.914
165.052 84.796 53.680 70.381
176.281 87.237 53.680 70.381
184.093 91.143 53.680 70.381
188.976 93.096 53.680 70.381
186.534 92.608 53.680 70.381
177.746 92.119 53.680 70.381
171.294 89.388 54.868 71.938
168.305 89.388 54.868 71.938
166.811 88.890 54.868 71.938
171.792 89.886 54.868 71.938
175.169 87.596 56.082 73.529
179.137 85.253 57.323 75.156
180.696 83.175 57.323 75.156
185.257 85.981 58.591 76.819
187.383 85.449 58.591 76.819
188.977 84.918 58.591 76.819
190.571 82.792 58.591 76.819
193.759 72.696 58.591 76.819
189.923 72.909 59.887 78.519
183.405 75.082 59.887 78.519
173.086 76.711 59.887 78.519
162.766 78.884 59.887 78.519
153.957 83.990 61.212 80.256
144.956 88.096 62.567 82.032
136.872 88.894 63.951 83.847
129.780 86.806 65.366 85.702
123.710 84.076 66.812 87.598
120.074 81.652 66.812 87.598
115.227 79.229 66.812 87.598
109.169 76.805 66.812 87.598
103.110 74.381 66.812 87.598
97.051 71.958 66.812 87.598
94.021 70.746 66.812 87.598
92.204 70.140 66.812 87.598
86.751 74.987 66.812 87.598
77.663 79.229 66.812 87.598
69.786 80.440 66.812 87.598
61.910 84.076 66.812 87.598
56.457 87.711 66.812 87.598
52.216 91.346 66.812 87.598
50.398 93.770 66.812 87.598
47.974 93.770 66.812 87.598
44.945 94.981 66.812 87.598
42.388 88.559 68.290 89.536
44.111 84.471 69.801 91.517
46.645 82.571 69.801 91.517
53.611 80.038 69.801 91.517
58.045 81.304 69.801 91.517
61.072 84.092 71.345 93.542
64.813 87.586 72.924 95.611
72.765 91.563 72.924 95.611
79.249 96.470 74.537 97.727
86.542 100.124 76.187 99.889
97.466 104.556 77.872 102.099
103.129 103.849 77.872 102.099
105.960 102.433 77.872 102.099
107.376 98.894 77.872 102.099
105.960 92.523 77.872 102.099
107.376 82.613 77.872 102.099
110.207 76.950 77.872 102.099
112.331 69.872 77.872 102.099
112.331 63.501 77.872 102.099
110.915 56.423 77.872 102.099
107.376 51.468 77.872 102.099
101.713 47.221 77.872 102.099
95.342 42.266 77.872 102.099
90.387 40.850 77.872 102.099
86.971 46.186 76.212 99.922
83.510 42.725 76.212 99.922
82.126 47.570 76.212 99.922
79.357 46.878 76.212 99.922
76.588 51.723 76.212 99.922
77.973 49.647 76.212 99.922
76.588 53.800 76.212 99.922
81.283 52.002 77.898 102.133
84.114 58.373 77.898 102.133
82.698 66.159 77.898 102.133
84.114 69.698 77.898 102.133
84.668 67.861 79.621 104.392
92.469 65.259 81.383 106.702
99.122 63.780 81.383 106.702
103.558 60.824 81.383 106.702
112.428 57.867 81.383 106.702
117.603 56.388 81.383 106.702
118.920 52.990 83.183 109.063
119.675 49.971 83.183 109.063
118.165 56.765 83.183 109.063
121.185 51.480 83.183 109.063
122.695 59.029 83.183 109.063
124.204 65.824 83.183 109.063
126.469 71.108 83.183 109.063
129.489 74.882 83.183 109.063
133.263 80.167 83.183 109.063
137.793 87.716 83.183 109.063
141.567 90.735 83.183 109.063
145.342 87.716 83.183 109.063
145.176 84.999 85.024 111.476
142.086 82.682 85.024 111.476
139.768 81.137 85.024 111.476
133.588 85.772 85.024 111.476
129.725 91.180 85.024 111.476
126.635 97.360 85.024 111.476
123.545 101.223 85.024 111.476
123.545 104.313 85.024 111.476
127.408 103.541 85.024 111.476
131.270 104.313 85.024 111.476
132.648 99.990 86.905 113.942
131.071 96.837 86.905 113.942
126.168 94.000 88.828 116.463
122.139 93.194 88.828 116.463
118.110 93.194 88.828 116.463
116.321 91.100 90.793 119.040
113.027 91.923 90.793 119.040
94.230 99.781 88.857 116.501
94.230 103.810 88.857 116.501
94.230 110.257 88.857 116.501
95.842 117.510 88.857 116.501
104.043 125.199 86.962 114.017
111.154 123.619 86.962 114.017
116.686 125.199 86.962 114.017
119.846 122.039 86.962 114.017
121.427 119.668 86.962 114.017
121.427 114.927 86.962 114.017
125.996 108.134 88.886 116.539
134.882 104.095 88.886 116.539
143.769 102.479 88.886 116.539
150.232 104.095 88.886 116.539
155.886 104.903 88.886 116.539
160.066 102.106 86.990 114.054
156.115 95.785 86.990 114.054
150.583 79.191 86.990 114.054
143.471 61.806 86.990 114.054
137.150 53.904 86.990 114.054
133.199 52.324 86.990 114.054
129.076 48.692 88.915 116.578
123.245 44.978 90.882 119.157
119.118 44.978 90.882 119.157
120.769 44.978 90.882 119.157
122.420 45.804 90.882 119.157
117.467 48.280 90.882 119.157
119.763 46.137 92.893 121.793
113.018 50.352 92.893 121.793
107.959 55.411 92.893 121.793
107.116 61.313 92.893 121.793
111.332 63.843 92.893 121.793
114.704 66.372 92.893 121.793
118.920 72.274 92.893 121.793
126.508 79.862 92.893 121.793
142.528 84.078 92.893 121.793
150.116 84.078 92.893 121.793
166.136 79.862 92.893 121.793
176.253 72.274 92.893 121.793
184.832 68.514 90.912 119.196
188.960 65.212 90.912 119.196
187.309 65.212 90.912 119.196
182.500 73.087 88.973 116.654
179.268 72.279 88.973 116.654
177.793 82.409 87.076 114.166
174.633 88.731 87.076 114.166
178.584 86.360 87.076 114.166
170.508 81.146 89.003 116.692
167.100 70.161 90.972 119.274
168.751 57.779 90.972 119.274
171.228 52.000 90.972 119.274
171.228 47.873 90.972 119.274
173.704 45.396 90.972 119.274
174.530 46.222 90.972 119.274
170.402 47.873 90.972 119.274
167.100 47.873 90.972 119.274
163.798 47.873 90.972 119.274
161.322 48.698 90.972 119.274
164.624 47.047 90.972 119.274
160.496 45.396 90.972 119.274
155.543 47.047 90.972 119.274
158.020 47.047 90.972 119.274
160.496 47.873 90.972 119.274
164.624 47.873 90.972 119.274
167.926 44.571 90.972 119.274
170.402 52.000 90.972 119.274
172.053 58.604 90.972 119.274
176.181 54.477 90.972 119.274
181.278 53.272 89.032 116.731
182.894 50.041 89.032 116.731
186.933 47.617 89.032 116.731
186.933 50.848 89.032 116.731
183.702 54.080 89.032 116.731
181.278 58.927 89.032 116.731
180.612 56.940 87.133 114.241
177.590 65.270 85.275 111.805
173.078 64.139 83.457 109.421
165.642 71.360 81.677 107.087
157.489 68.396 81.677 107.087
149.336 63.207 81.677 107.087
141.924 60.984 81.677 107.087
135.995 58.019 81.677 107.087
129.324 54.313 81.677 107.087
122.654 52.090 81.677 107.087
117.466 55.796 81.677 107.087
111.536 58.760 81.677 107.087
107.089 61.725 81.677 107.087
103.383 60.243 81.677 107.087
99.677 62.466 81.677 107.087
99.677 58.760 81.677 107.087
100.418 55.796 81.677 107.087
94.489 62.466 81.677 107.087
90.042 66.913 81.677 107.087
84.113 66.172 81.677 107.087
74.477 63.948 81.677 107.087
59.654 69.878 81.677 107.087
54.466 69.878 81.677 107.087
