130.000 132.000 31.000 115.000
129.449 129.245 31.000 115.000
128.898 130.347 31.000 115.000
128.898 130.347 31.000 115.000
128.347 130.347 31.000 115.000
127.796 129.245 31.000 115.000
127.796 128.143 31.000 115.000
127.796 127.041 31.000 115.000
127.796 126.490 31.000 115.000
127.245 127.041 31.000 115.000
126.694 125.939 31.000 115.000
126.694 127.041 31.000 115.000
126.143 125.939 31.000 115.000
125.041 127.592 31.000 115.000
125.041 127.041 31.000 115.000
123.939 124.286 31.000 115.000
123.939 123.184 31.000 115.000
123.939 121.531 31.000 115.000
123.388 120.980 31.000 115.000
122.837 121.531 31.000 115.000
123.388 120.429 31.000 115.000
123.388 120.429 31.000 115.000
123.388 120.429 31.000 115.000
123.388 120.980 31.000 115.000
123.388 122.082 31.000 115.000
122.837 120.980 31.000 115.000
122.837 120.980 31.000 115.000
122.286 119.327 31.000 115.000
121.735 117.675 31.000 115.000
121.735 117.124 31.000 115.000
121.735 116.022 31.000 115.000
121.735 115.471 31.000 115.000
121.735 116.022 31.000 115.000
121.184 114.369 31.000 115.000
120.633 116.022 31.000 115.000
120.633 113.818 31.000 115.000
120.633 114.920 31.000 115.000
120.082 112.716 31.000 115.000
118.980 111.063 31.000 115.000
119.531 109.961 31.000 115.000
119.531 111.063 31.000 115.000
119.531 109.410 31.000 115.000
120.082 110.512 31.000 115.000
120.082 110.512 31.000 115.000
120.082 110.512 31.000 115.000
120.633 111.063 31.000 115.000
121.184 111.063 31.000 115.000
120.633 111.063 31.000 115.000
120.633 108.859 31.000 115.000
120.082 108.859 31.000 115.000
118.980 106.655 31.000 115.000
120.082 105.553 31.000 115.000
118.980 105.002 31.000 115.000
119.531 103.900 31.000 115.000
118.980 105.002 31.000 115.000
118.980 103.349 31.000 115.000
118.980 104.451 31.000 115.000
118.980 104.451 31.000 115.000
118.429 103.349 31.000 115.000
117.327 101.696 31.000 115.000
116.776 102.247 31.000 115.000
117.327 100.043 31.000 115.000
118.209 101.820 30.339 112.548
118.748 102.360 30.339 112.548
118.209 101.281 30.339 112.548
119.287 101.281 30.339 112.548
119.827 101.820 30.339 112.548
119.287 102.899 30.339 112.548
119.827 102.899 30.339 112.548
119.287 101.820 30.339 112.548
118.748 101.281 30.339 112.548
118.209 99.124 30.339 112.548
118.209 99.663 30.339 112.548
118.209 96.967 30.339 112.548
118.209 98.046 30.339 112.548
117.670 96.428 30.339 112.548
117.993 97.628 29.692 110.147
116.938 96.573 29.692 110.147
116.938 97.628 29.692 110.147
116.411 96.573 29.692 110.147
116.411 96.046 29.692 110.147
115.883 95.518 29.692 110.147
115.356 93.409 29.692 110.147
116.200 95.638 29.059 107.799
115.684 93.060 29.059 107.799
116.200 94.091 29.059 107.799
116.200 94.091 29.059 107.799
116.716 94.091 29.059 107.799
117.231 94.607 29.059 107.799
117.231 94.607 29.059 107.799
116.716 94.607 29.059 107.799
116.716 93.575 29.059 107.799
116.716 94.091 29.059 107.799
116.200 92.028 29.059 107.799
115.684 91.512 29.059 107.799
116.200 91.512 29.059 107.799
116.200 92.028 29.059 107.799
115.684 89.965 29.059 107.799
116.716 90.481 29.059 107.799
116.200 92.028 29.059 107.799
115.684 89.965 29.059 107.799
115.684 90.481 29.059 107.799
115.684 89.965 29.059 107.799
115.169 87.387 29.059 107.799
114.653 87.903 29.059 107.799
115.169 85.840 29.059 107.799
115.479 88.021 28.439 105.500
114.973 86.503 28.439 105.500
115.479 87.515 28.439 105.500
115.479 87.009 28.439 105.500
115.479 87.009 28.439 105.500
115.479 87.515 28.439 105.500
115.479 87.515 28.439 105.500
115.479 87.009 28.439 105.500
114.973 85.491 28.439 105.500
115.782 87.122 27.833 103.250
116.276 87.122 27.833 103.250
115.288 86.134 27.833 103.250
115.288 86.628 27.833 103.250
114.794 85.146 27.833 103.250
115.288 86.628 27.833 103.250
114.299 85.146 27.833 103.250
113.608 87.235 27.239 101.048
113.608 86.750 27.239 101.048
113.124 84.813 27.239 101.048
113.608 85.298 27.239 101.048
112.639 84.329 27.239 101.048
112.639 84.329 27.239 101.048
112.639 83.845 27.239 101.048
112.639 82.876 27.239 101.048
113.414 84.438 26.658 98.893
113.414 84.910 26.658 98.893
112.942 84.438 26.658 98.893
112.469 85.383 26.658 98.893
112.942 84.910 26.658 98.893
111.996 83.493 26.658 98.893
111.996 83.493 26.658 98.893
111.524 82.075 26.658 98.893
111.996 81.130 26.658 98.893
111.051 82.075 26.658 98.893
111.051 80.657 26.658 98.893
110.579 80.657 26.658 98.893
111.051 81.130 26.658 98.893
110.106 82.075 26.658 98.893
109.634 81.130 26.658 98.893
109.634 81.602 26.658 98.893
108.689 79.240 26.658 98.893
107.743 80.185 26.658 98.893
107.271 78.295 26.658 98.893
107.743 78.767 26.658 98.893
108.028 78.876 26.090 96.784
108.490 79.339 26.090 96.784
108.028 78.876 26.090 96.784
108.490 79.339 26.090 96.784
108.769 80.834 25.533 94.720
108.316 80.381 25.533 94.720
107.863 80.834 25.533 94.720
107.863 79.928 25.533 94.720
107.410 79.022 25.533 94.720
106.957 78.116 25.533 94.720
107.410 77.663 25.533 94.720
106.957 77.210 25.533 94.720
106.957 77.663 25.533 94.720
106.957 76.305 25.533 94.720
106.957 77.663 25.533 94.720
106.051 76.305 25.533 94.720
106.051 78.116 25.533 94.720
105.145 76.305 25.533 94.720
105.145 75.852 25.533 94.720
104.692 74.040 25.533 94.720
104.964 75.503 24.989 92.700
104.964 73.730 24.989 92.700
104.964 75.060 24.989 92.700
104.964 75.503 24.989 92.700
104.964 74.616 24.989 92.700
105.408 75.503 24.989 92.700
104.521 75.946 24.989 92.700
104.521 76.832 24.989 92.700
104.521 75.946 24.989 92.700
104.078 75.503 24.989 92.700
103.192 74.173 24.989 92.700
103.192 72.844 24.989 92.700
103.192 74.173 24.989 92.700
102.749 72.401 24.989 92.700
102.749 73.287 24.989 92.700
101.862 72.401 24.989 92.700
100.976 74.173 24.989 92.700
100.533 75.946 24.989 92.700
100.090 76.832 24.989 92.700
99.204 76.832 24.989 92.700
97.874 75.503 24.989 92.700
95.382 77.136 25.542 94.751
93.570 78.948 25.542 94.751
95.835 75.324 25.542 94.751
95.835 78.948 25.542 94.751
95.382 83.477 25.542 94.751
95.382 84.836 25.542 94.751
95.835 87.101 25.542 94.751
96.741 88.460 25.542 94.751
97.194 88.007 25.542 94.751
98.100 87.554 25.542 94.751
98.553 89.365 25.542 94.751
98.553 90.724 25.542 94.751
99.006 90.271 25.542 94.751
99.912 90.271 25.542 94.751
100.364 89.818 25.542 94.751
101.270 89.818 25.542 94.751
102.176 91.177 25.542 94.751
104.441 91.630 25.542 94.751
104.894 90.724 25.542 94.751
105.347 90.724 25.542 94.751
107.159 91.177 25.542 94.751
108.970 91.177 25.542 94.751
109.876 92.083 25.542 94.751
110.782 92.536 25.542 94.751
110.782 92.989 25.542 94.751
111.688 93.895 25.542 94.751
111.858 94.206 26.107 96.848
112.784 95.131 26.107 96.848
112.784 96.519 26.107 96.848
113.247 97.445 26.107 96.848
113.709 98.370 26.107 96.848
112.784 98.833 26.107 96.848
112.784 99.758 26.107 96.848
112.784 100.221 26.107 96.848
112.784 96.519 26.107 96.848
113.247 97.445 26.107 96.848
114.172 98.833 26.107 96.848
114.635 100.684 26.107 96.848
114.635 100.684 26.107 96.848
114.635 100.684 26.107 96.848
115.560 102.535 26.107 96.848
116.023 103.923 26.107 96.848
116.949 105.774 26.107 96.848
117.411 107.162 26.107 96.848
118.337 107.625 26.107 96.848
119.262 103.923 26.107 96.848
119.725 104.386 26.107 96.848
119.262 102.072 26.107 96.848
120.188 103.460 26.107 96.848
120.188 103.923 26.107 96.848
121.113 105.311 26.107 96.848
121.113 106.237 26.107 96.848
121.113 107.625 26.107 96.848
121.576 109.939 26.107 96.848
120.651 110.864 26.107 96.848
121.576 113.641 26.107 96.848
121.576 116.880 26.107 96.848
121.576 119.657 26.107 96.848
121.750 121.824 26.684 98.990
122.224 118.028 26.684 98.990
122.699 112.809 26.684 98.990
124.123 113.283 26.684 98.990
125.546 114.707 26.684 98.990
125.546 110.436 26.684 98.990
125.546 111.860 26.684 98.990
128.393 113.283 26.684 98.990
129.342 114.707 26.684 98.990
130.766 115.656 26.684 98.990
132.664 112.334 26.684 98.990
131.715 114.232 26.684 98.990
133.138 116.130 26.684 98.990
134.562 110.911 26.684 98.990
134.087 111.860 26.684 98.990
135.511 112.809 26.684 98.990
134.562 113.758 26.684 98.990
136.460 109.962 26.684 98.990
136.270 111.492 26.115 96.879
138.407 110.666 25.558 94.814
138.680 110.318 25.013 92.792
139.391 109.527 24.480 90.813
96.558 52.166 23.958 88.876
97.665 51.412 23.447 86.981
98.746 54.417 22.947 85.126
98.175 54.509 22.458 83.311
99.211 55.796 21.979 81.534
99.055 55.495 21.510 79.795
98.672 56.259 21.510 79.795
98.290 55.112 21.510 79.795
98.519 55.581 21.051 78.094
98.519 56.330 21.051 78.094
98.894 54.832 21.051 78.094
99.268 55.581 21.051 78.094
99.643 55.206 21.051 78.094
99.493 55.664 20.602 76.428
99.860 56.031 20.602 76.428
99.126 55.664 20.602 76.428
99.493 56.764 20.602 76.428
99.860 56.398 20.602 76.428
98.760 55.298 20.602 76.428
98.393 54.931 20.602 76.428
99.493 53.464 20.602 76.428
99.493 54.198 20.602 76.428
99.493 53.464 20.602 76.428
99.493 54.198 20.602 76.428
99.493 53.464 20.602 76.428
99.126 54.564 20.602 76.428
98.760 54.198 20.602 76.428
98.393 53.831 20.602 76.428
98.760 53.464 20.602 76.428
98.026 53.831 20.602 76.428
98.026 51.998 20.602 76.428
98.393 52.364 20.602 76.428
98.760 52.364 20.602 76.428
98.026 51.998 20.602 76.428
98.393 51.631 20.602 76.428
99.126 52.364 20.602 76.428
98.979 52.813 20.163 74.798
99.697 53.530 20.163 74.798
98.979 53.171 20.163 74.798
99.338 52.454 20.163 74.798
99.338 52.813 20.163 74.798
99.338 52.095 20.163 74.798
99.697 52.095 20.163 74.798
98.979 51.736 20.163 74.798
99.338 51.018 20.163 74.798
99.697 51.736 20.163 74.798
98.979 51.018 20.163 74.798
98.620 51.736 20.163 74.798
98.262 51.377 20.163 74.798
98.979 51.018 20.163 74.798
98.262 51.736 20.163 74.798
98.262 50.301 20.163 74.798
98.262 49.583 20.163 74.798
98.262 49.942 20.163 74.798
98.262 49.583 20.163 74.798
98.262 49.224 20.163 74.798
98.620 48.866 20.163 74.798
98.118 50.022 19.733 73.203
98.469 49.320 19.733 73.203
98.820 50.022 19.733 73.203
98.469 49.671 19.733 73.203
98.820 50.373 19.733 73.203
98.118 50.022 19.733 73.203
98.118 49.320 19.733 73.203
97.767 49.320 19.733 73.203
97.416 48.618 19.733 73.203
98.118 48.618 19.733 73.203
97.767 48.969 19.733 73.203
97.416 47.916 19.733 73.203
98.118 47.565 19.733 73.203
97.767 48.969 19.733 73.203
97.416 47.916 19.733 73.203
97.416 47.565 19.733 73.203
97.416 47.916 19.733 73.203
97.065 46.863 19.733 73.203
96.924 47.995 19.312 71.642
96.924 46.965 19.312 71.642
96.924 46.965 19.312 71.642
96.924 46.965 19.312 71.642
97.267 46.622 19.312 71.642
97.473 47.729 18.900 70.114
98.144 48.064 18.900 70.114
98.144 47.729 18.900 70.114
97.809 48.400 18.900 70.114
97.473 48.064 18.900 70.114
98.144 47.394 18.900 70.114
97.473 47.058 18.900 70.114
97.473 46.053 18.900 70.114
97.473 46.053 18.900 70.114
97.473 46.053 18.900 70.114
97.473 46.053 18.900 70.114
97.473 45.717 18.900 70.114
97.473 46.723 18.900 70.114
97.809 46.723 18.900 70.114
97.138 46.388 18.900 70.114
97.473 45.717 18.900 70.114
98.144 46.388 18.900 70.114
97.473 45.382 18.900 70.114
98.144 45.382 18.900 70.114
97.809 45.382 18.900 70.114
97.473 45.382 18.900 70.114
97.809 44.376 18.900 70.114
97.138 45.047 18.900 70.114
97.473 44.711 18.900 70.114
97.809 46.388 18.900 70.114
97.138 45.382 18.900 70.114
97.138 44.041 18.900 70.114
97.138 44.041 18.900 70.114
97.340 44.118 18.497 68.619
97.340 44.118 18.497 68.619
97.340 43.788 18.497 68.619
97.340 43.459 18.497 68.619
97.340 44.447 18.497 68.619
97.340 44.118 18.497 68.619
97.010 44.118 18.497 68.619
96.681 44.118 18.497 68.619
97.340 44.447 18.497 68.619
97.010 44.118 18.497 68.619
96.351 43.459 18.497 68.619
96.681 43.788 18.497 68.619
96.681 42.141 18.497 68.619
97.010 43.130 18.497 68.619
96.351 42.141 18.497 68.619
97.010 42.800 18.497 68.619
96.351 41.812 18.497 68.619
96.681 42.471 18.497 68.619
97.340 43.459 18.497 68.619
96.681 43.130 18.497 68.619
97.010 42.471 18.497 68.619
96.022 43.130 18.497 68.619
96.022 42.141 18.497 68.619
95.693 41.483 18.497 68.619
96.681 42.141 18.497 68.619
96.351 40.824 18.497 68.619
96.022 40.165 18.497 68.619
95.693 41.483 18.497 68.619
96.022 41.483 18.497 68.619
95.034 42.141 18.497 68.619
94.704 41.153 18.497 68.619
95.034 40.824 18.497 68.619
94.572 40.238 18.103 67.156
94.572 41.524 18.103 67.156
94.251 39.916 18.103 67.156
94.251 40.559 18.103 67.156
94.251 39.916 18.103 67.156
93.929 40.238 18.103 67.156
94.572 40.881 18.103 67.156
93.929 39.916 18.103 67.156
94.251 41.202 18.103 67.156
93.286 41.202 18.103 67.156
93.607 40.881 18.103 67.156
93.157 39.989 17.717 65.724
92.216 40.303 17.717 65.724
91.902 38.734 17.717 65.724
92.844 39.362 17.717 65.724
92.530 38.107 17.717 65.724
91.902 39.675 17.717 65.724
91.902 38.734 17.717 65.724
91.275 38.420 17.717 65.724
90.334 37.479 17.717 65.724
90.647 38.734 17.717 65.724
90.020 38.107 17.717 65.724
90.020 38.420 17.717 65.724
89.706 37.166 17.717 65.724
89.393 36.538 17.717 65.724
89.079 37.479 17.717 65.724
89.706 38.107 17.717 65.724
89.393 38.734 17.717 65.724
88.765 37.793 17.717 65.724
89.079 38.734 17.717 65.724
89.393 38.107 17.717 65.724
88.451 39.048 17.717 65.724
88.451 38.107 17.717 65.724
88.451 37.793 17.717 65.724
88.138 36.538 17.717 65.724
88.765 36.538 17.717 65.724
88.954 35.984 17.339 64.322
88.030 36.292 17.339 64.322
88.338 37.831 17.339 64.322
88.030 35.984 17.339 64.322
87.723 37.215 17.339 64.322
88.338 36.600 17.339 64.322
87.723 34.753 17.339 64.322
87.723 35.984 17.339 64.322
88.030 34.445 17.339 64.322
87.107 33.213 17.339 64.322
87.415 33.829 17.339 64.322
87.415 32.906 17.339 64.322
87.723 34.137 17.339 64.322
88.030 34.137 17.339 64.322
87.107 34.137 17.339 64.322
87.415 35.368 17.339 64.322
87.723 34.753 17.339 64.322
88.030 36.292 17.339 64.322
87.415 35.984 17.339 64.322
88.030 34.445 17.339 64.322
87.723 32.906 17.339 64.322
88.646 33.213 17.339 64.322
88.646 33.521 17.339 64.322
88.338 31.982 17.339 64.322
87.723 32.598 17.339 64.322
88.646 31.982 17.339 64.322
88.646 34.137 17.339 64.322
88.646 33.213 17.339 64.322
88.954 34.137 17.339 64.322
88.338 32.906 17.339 64.322
88.646 32.290 17.339 64.322
88.954 31.982 17.339 64.322
88.646 30.751 17.339 64.322
88.954 30.751 17.339 64.322
88.338 30.443 17.339 64.322
88.954 29.519 17.339 64.322
89.262 31.059 17.339 64.322
89.878 31.982 17.339 64.322
88.954 31.059 17.339 64.322
89.262 31.982 17.339 64.322
89.262 30.443 17.339 64.322
89.570 31.059 17.339 64.322
89.878 30.135 17.339 64.322
89.262 30.135 17.339 64.322
89.878 30.443 17.339 64.322
88.954 28.288 17.339 64.322
89.570 28.904 17.339 64.322
90.493 29.519 17.339 64.322
90.185 29.519 17.339 64.322
89.878 29.519 17.339 64.322
90.678 30.821 16.969 62.950
91.282 30.519 16.969 62.950
90.678 29.311 16.969 62.950
