692.000 439.000 24.000 79.000
689.659 439.390 24.000 79.000
686.537 439.390 24.000 79.000
683.416 439.780 24.000 79.000
681.465 440.171 24.000 79.000
678.733 438.610 24.000 79.000
674.831 438.220 24.000 79.000
671.710 435.878 24.000 79.000
668.588 435.488 24.000 79.000
665.857 433.927 24.000 79.000
664.296 433.537 24.000 79.000
661.955 432.367 24.000 79.000
658.443 431.196 24.000 79.000
656.102 431.586 24.000 79.000
653.371 430.806 24.000 79.000
651.420 430.025 24.000 79.000
649.078 428.855 24.000 79.000
645.176 430.416 24.000 79.000
642.835 428.855 24.000 79.000
639.324 430.416 24.000 79.000
636.592 428.855 24.000 79.000
632.690 427.684 24.000 79.000
629.959 426.124 24.000 79.000
627.618 424.563 24.000 79.000
625.276 423.782 24.000 79.000
623.325 423.392 24.000 79.000
620.594 423.002 24.000 79.000
617.473 421.441 24.000 79.000
615.522 421.831 24.000 79.000
611.620 422.612 24.000 79.000
609.669 422.612 24.000 79.000
606.547 422.612 24.000 79.000
603.425 422.222 24.000 79.000
601.475 420.661 24.000 79.000
598.743 419.100 24.000 79.000
596.012 417.539 24.000 79.000
594.061 417.539 24.000 79.000
592.110 415.588 24.000 79.000
589.244 416.040 23.488 77.315
587.715 416.040 23.488 77.315
584.656 414.893 23.488 77.315
582.362 414.511 23.488 77.315
579.685 414.511 23.488 77.315
577.774 414.511 23.488 77.315
575.097 414.893 23.488 77.315
572.803 414.893 23.488 77.315
569.362 413.746 23.488 77.315
566.303 413.364 23.488 77.315
563.244 411.452 23.488 77.315
562.479 409.158 23.488 77.315
559.421 409.923 23.488 77.315
556.744 408.011 23.488 77.315
554.832 408.776 23.488 77.315
552.538 407.629 23.488 77.315
549.479 408.011 23.488 77.315
547.185 409.158 23.488 77.315
545.656 409.540 23.488 77.315
542.848 409.218 22.987 75.667
540.226 408.843 22.987 75.667
537.979 407.720 22.987 75.667
535.602 406.279 22.497 74.053
533.769 405.179 22.497 74.053
531.076 404.502 22.017 72.474
528.923 404.861 22.017 72.474
527.846 403.426 22.017 72.474
525.334 403.785 22.017 72.474
522.464 402.349 22.017 72.474
520.670 402.708 22.017 72.474
518.517 403.067 22.017 72.474
516.005 401.991 22.017 72.474
513.493 402.708 22.017 72.474
511.340 402.708 22.017 72.474
508.470 403.426 22.017 72.474
506.676 401.632 22.017 72.474
504.040 400.610 21.548 70.928
502.987 399.206 21.548 70.928
500.530 399.206 21.548 70.928
498.073 398.505 21.548 70.928
496.669 398.505 21.548 70.928
493.861 398.154 21.548 70.928
492.106 397.101 21.548 70.928
490.352 398.154 21.548 70.928
488.246 398.856 21.548 70.928
486.140 397.101 21.548 70.928
484.385 396.048 21.548 70.928
481.226 395.697 21.548 70.928
478.769 394.644 21.548 70.928
477.595 394.347 21.088 69.416
474.389 394.058 20.639 67.935
473.718 394.058 20.639 67.935
471.036 393.387 20.639 67.935
469.694 393.052 20.639 67.935
466.677 392.046 20.639 67.935
466.006 391.711 20.639 67.935
463.994 392.046 20.639 67.935
462.318 391.375 20.639 67.935
460.641 392.381 20.639 67.935
458.294 392.381 20.639 67.935
456.283 392.046 20.639 67.935
453.936 391.375 20.639 67.935
451.253 390.705 20.639 67.935
449.462 388.747 20.198 66.487
447.814 388.417 20.198 66.487
446.167 387.100 20.198 66.487
443.862 386.112 20.198 66.487
443.089 388.138 19.768 65.069
441.159 388.138 19.768 65.069
438.587 388.138 19.768 65.069
437.300 387.817 19.768 65.069
435.049 387.817 19.768 65.069
433.442 387.817 19.768 65.069
431.191 386.209 19.768 65.069
428.940 384.922 19.768 65.069
428.297 384.601 19.768 65.069
425.724 383.636 19.768 65.069
424.648 384.330 19.346 63.681
422.754 383.383 19.346 63.681
421.176 383.383 19.346 63.681
418.650 383.067 19.346 63.681
417.388 382.436 19.346 63.681
415.809 382.436 19.346 63.681
414.231 381.805 19.346 63.681
411.705 381.173 19.346 63.681
410.127 382.436 19.346 63.681
407.601 381.173 19.346 63.681
405.707 380.542 19.346 63.681
403.813 380.857 19.346 63.681
402.235 378.963 19.346 63.681
400.025 378.648 19.346 63.681
397.815 378.332 19.346 63.681
396.868 377.385 19.346 63.681
394.658 377.385 19.346 63.681
393.396 377.701 19.346 63.681
391.186 376.438 19.346 63.681
389.292 377.385 19.346 63.681
387.713 377.385 19.346 63.681
386.135 377.701 19.346 63.681
383.925 376.438 19.346 63.681
381.921 377.433 18.934 62.323
380.998 375.278 18.934 62.323
379.767 376.201 18.934 62.323
377.919 374.662 18.934 62.323
376.380 374.046 18.934 62.323
373.610 374.354 18.934 62.323
371.763 372.815 18.934 62.323
370.223 372.815 18.934 62.323
367.761 372.815 18.934 62.323
366.529 372.507 18.934 62.323
364.990 372.507 18.934 62.323
363.451 373.123 18.934 62.323
361.296 373.738 18.934 62.323
359.449 372.199 18.934 62.323
357.602 371.584 18.934 62.323
356.370 370.044 18.934 62.323
354.216 370.660 18.934 62.323
352.676 368.813 18.934 62.323
351.445 368.813 18.934 62.323
349.906 368.813 18.934 62.323
348.982 368.813 18.934 62.323
347.443 368.197 18.934 62.323
345.490 369.477 18.530 60.994
344.886 370.383 18.530 60.994
342.168 370.383 18.530 60.994
340.961 369.176 18.530 60.994
339.044 369.826 18.135 59.693
338.156 368.049 18.135 59.693
336.084 367.753 18.135 59.693
335.093 368.094 17.748 58.420
333.652 367.806 17.748 58.420
331.346 367.229 17.748 58.420
330.193 367.806 17.748 58.420
329.040 366.364 17.748 58.420
327.022 365.788 17.748 58.420
325.869 366.076 17.748 58.420
324.140 366.653 17.748 58.420
322.699 366.653 17.748 58.420
320.681 366.653 17.748 58.420
318.663 365.788 17.748 58.420
316.646 364.923 17.748 58.420
315.204 365.211 17.748 58.420
314.052 363.194 17.748 58.420
312.223 363.528 17.369 57.175
311.376 361.834 17.369 57.175
309.117 361.834 17.369 57.175
308.270 361.834 17.369 57.175
306.858 362.399 17.369 57.175
304.882 362.964 17.369 57.175
303.188 362.399 17.369 57.175
302.058 363.246 17.369 57.175
300.364 362.399 17.369 57.175
298.105 362.399 17.369 57.175
297.258 361.270 17.369 57.175
295.847 360.423 17.369 57.175
293.870 358.728 17.369 57.175
292.079 359.056 16.999 55.955
290.697 358.779 16.999 55.955
289.038 359.056 16.999 55.955
287.655 358.226 16.999 55.955
285.720 357.950 16.999 55.955
284.519 359.376 16.637 54.762
283.437 358.564 16.637 54.762
281.813 358.835 16.637 54.762
280.460 359.376 16.637 54.762
278.295 358.023 16.637 54.762
276.401 358.835 16.637 54.762
274.778 357.752 16.637 54.762
273.602 357.795 16.282 53.594
272.014 356.736 16.282 53.594
269.896 356.736 16.282 53.594
268.043 356.207 16.282 53.594
266.455 355.413 16.282 53.594
265.396 355.942 16.282 53.594
264.073 356.736 16.282 53.594
262.220 356.736 16.282 53.594
261.161 357.266 16.282 53.594
259.308 356.472 16.282 53.594
257.720 355.942 16.282 53.594
256.132 355.148 16.282 53.594
254.014 354.883 16.282 53.594
252.426 353.295 16.282 53.594
251.276 350.161 15.935 52.451
249.893 351.238 15.595 51.333
248.873 350.473 15.595 51.333
246.834 351.238 15.595 51.333
245.305 352.257 15.595 51.333
243.520 353.022 15.595 51.333
241.991 351.747 15.595 51.333
240.716 352.257 15.595 51.333
238.677 353.022 15.595 51.333
236.893 352.002 15.595 51.333
235.109 352.767 15.595 51.333
234.089 351.492 15.595 51.333
232.814 350.473 15.595 51.333
231.030 350.473 15.595 51.333
229.501 350.218 15.595 51.333
227.461 350.218 15.595 51.333
226.187 350.218 15.595 51.333
225.167 350.473 15.595 51.333
223.638 349.198 15.595 51.333
221.854 349.963 15.595 51.333
220.579 350.473 15.595 51.333
218.795 349.198 15.595 51.333
217.265 349.453 15.595 51.333
215.226 348.689 15.595 51.333
213.952 348.689 15.595 51.333
213.187 347.414 15.595 51.333
211.403 346.649 15.595 51.333
209.618 346.904 15.595 51.333
208.344 346.904 15.595 51.333
206.814 346.140 15.595 51.333
206.050 346.649 15.595 51.333
204.775 346.649 15.595 51.333
203.246 347.159 15.595 51.333
201.716 347.924 15.595 51.333
200.697 347.924 15.595 51.333
199.167 348.179 15.595 51.333
197.893 347.669 15.595 51.333
196.363 346.140 15.595 51.333
194.834 345.120 15.595 51.333
193.814 345.885 15.595 51.333
191.775 344.100 15.595 51.333
190.246 341.551 15.595 51.333
188.883 340.824 15.262 50.238
187.638 343.065 15.262 50.238
187.302 343.352 14.937 49.167
185.357 343.595 14.937 49.167
183.898 343.595 14.937 49.167
183.169 342.379 14.937 49.167
180.981 342.623 14.937 49.167
181.140 343.147 14.618 48.118
179.242 342.435 14.618 48.118
178.056 342.672 14.618 48.118
176.395 342.435 14.618 48.118
175.209 341.961 14.618 48.118
173.311 341.249 14.618 48.118
172.124 341.723 14.618 48.118
170.938 341.961 14.618 48.118
169.514 340.774 14.618 48.118
168.803 341.723 14.618 48.118
166.905 342.198 14.618 48.118
165.481 341.011 14.618 48.118
164.532 341.723 14.618 48.118
162.871 341.723 14.618 48.118
160.736 341.249 14.618 48.118
159.312 340.062 14.618 48.118
158.363 339.113 14.618 48.118
156.940 339.351 14.618 48.118
155.279 339.113 14.618 48.118
154.330 338.639 14.618 48.118
153.144 339.351 14.618 48.118
151.720 338.876 14.618 48.118
150.060 339.588 14.618 48.118
148.873 340.062 14.618 48.118
147.212 338.639 14.618 48.118
146.738 339.113 14.618 48.118
144.603 338.402 14.618 48.118
144.603 338.639 14.618 48.118
142.942 337.927 14.618 48.118
141.281 337.453 14.618 48.118
140.095 336.978 14.618 48.118
138.671 336.266 14.618 48.118
137.960 335.792 14.618 48.118
136.061 336.266 14.618 48.118
135.112 335.792 14.618 48.118
133.926 336.029 14.618 48.118
132.503 336.266 14.618 48.118
131.791 336.741 14.618 48.118
129.656 336.978 14.618 48.118
129.418 335.555 14.618 48.118
127.995 336.029 14.618 48.118
126.334 334.131 14.618 48.118
125.385 334.131 14.618 48.118
123.961 333.419 14.618 48.118
122.775 333.419 14.618 48.118
121.589 332.708 14.618 48.118
121.114 333.182 14.618 48.118
119.928 332.708 14.618 48.118
118.505 333.182 14.618 48.118
118.267 332.708 14.618 48.118
116.844 333.419 14.618 48.118
115.420 332.470 14.618 48.118
114.946 332.708 14.618 48.118
113.048 332.945 14.618 48.118
113.048 331.047 14.618 48.118
111.624 330.810 14.618 48.118
110.675 331.047 14.618 48.118
109.726 330.098 14.618 48.118
108.303 329.386 14.618 48.118
107.591 329.386 14.618 48.118
106.879 329.623 14.618 48.118
105.456 329.861 14.618 48.118
105.218 330.572 14.618 48.118
104.032 331.047 14.618 48.118
102.609 329.861 14.618 48.118
102.134 330.810 14.618 48.118
100.948 330.810 14.618 48.118
99.524 329.386 14.618 48.118
98.575 328.200 14.618 48.118
97.626 328.200 14.618 48.118
96.677 327.488 14.618 48.118
95.491 326.776 14.618 48.118
94.067 327.013 14.618 48.118
92.881 326.064 14.618 48.118
91.932 326.539 14.618 48.118
90.983 326.776 14.618 48.118
90.271 327.013 14.618 48.118
89.560 325.827 14.618 48.118
89.322 327.013 14.618 48.118
87.899 325.353 14.618 48.118
86.712 326.302 14.618 48.118
85.763 325.353 14.618 48.118
84.577 325.115 14.618 48.118
84.340 324.166 14.618 48.118
82.916 324.404 14.618 48.118
81.967 324.404 14.618 48.118
80.781 323.929 14.618 48.118
80.069 324.166 14.618 48.118
79.120 323.217 14.618 48.118
77.934 323.692 14.618 48.118
76.985 324.166 14.618 48.118
76.036 323.929 14.618 48.118
75.087 324.404 14.618 48.118
74.612 323.692 14.618 48.118
73.901 323.929 14.618 48.118
72.159 322.781 14.306 47.092
71.692 322.548 14.306 47.092
70.292 322.548 14.306 47.092
70.059 321.848 14.306 47.092
68.892 322.081 14.306 47.092
67.959 320.915 14.306 47.092
67.025 322.081 14.306 47.092
66.559 320.915 14.306 47.092
65.159 322.081 14.306 47.092
64.844 321.184 14.001 46.088
63.935 322.093 14.001 46.088
63.252 322.321 14.001 46.088
62.797 322.093 14.001 46.088
61.205 320.956 14.001 46.088
60.750 320.501 14.001 46.088
59.386 319.364 14.001 46.088
59.158 320.274 14.001 46.088
58.021 320.046 14.001 46.088
57.111 319.364 14.001 46.088
56.429 320.046 14.001 46.088
55.746 319.136 14.001 46.088
54.609 319.591 14.001 46.088
53.472 319.819 14.001 46.088
53.699 320.501 14.001 46.088
51.880 319.364 14.001 46.088
51.197 320.274 14.001 46.088
50.288 319.364 14.001 46.088
49.378 318.682 14.001 46.088
48.240 317.772 14.001 46.088
47.331 317.999 14.001 46.088
46.193 316.862 14.001 46.088
45.056 317.089 14.001 46.088
44.146 317.317 14.001 46.088
43.919 317.544 14.001 46.088
42.782 317.317 14.001 46.088
41.872 317.999 14.001 46.088
41.417 317.317 14.001 46.088
41.417 317.999 14.001 46.088
40.735 317.317 14.001 46.088
39.142 316.407 14.001 46.088
38.460 315.952 14.001 46.088
37.778 314.815 14.001 46.088
36.413 314.360 14.001 46.088
36.107 314.397 13.703 45.105
35.213 314.173 13.703 45.105
33.872 314.397 13.703 45.105
34.096 314.620 13.703 45.105
33.425 313.502 13.703 45.105
