213.000 121.000 21.000 95.000
211.700 118.833 21.000 95.000
212.567 117.967 21.000 95.000
212.133 117.100 21.000 95.000
211.700 114.500 21.000 95.000
212.567 114.500 21.000 95.000
210.833 113.633 21.000 95.000
209.967 113.200 21.000 95.000
209.967 113.200 21.000 95.000
208.667 113.200 21.000 95.000
210.400 111.467 21.000 95.000
214.733 110.600 21.000 95.000
218.633 111.033 21.000 95.000
219.933 110.600 21.000 95.000
222.100 111.900 21.000 95.000
220.367 113.200 21.000 95.000
220.367 111.900 21.000 95.000
219.067 111.900 21.000 95.000
219.500 111.467 21.000 95.000
218.633 111.900 21.000 95.000
220.367 111.900 21.000 95.000
218.200 109.733 21.000 95.000
215.600 108.433 21.000 95.000
217.767 108.000 21.000 95.000
217.991 107.713 20.552 92.974
218.414 104.748 20.552 92.974
220.108 102.631 20.552 92.974
220.108 102.631 20.552 92.974
219.685 100.936 20.552 92.974
219.685 100.089 20.552 92.974
220.108 100.089 20.552 92.974
221.379 100.513 20.552 92.974
224.540 100.331 21.007 95.031
228.440 101.198 21.007 95.031
229.306 99.465 21.007 95.031
228.006 95.998 21.007 95.031
229.074 96.680 21.472 97.134
226.415 95.351 21.472 97.134
225.529 95.794 21.472 97.134
226.415 96.237 21.472 97.134
226.858 97.123 21.472 97.134
225.972 98.896 21.472 97.134
226.858 101.998 21.472 97.134
228.631 106.429 21.472 97.134
226.415 109.531 21.472 97.134
226.858 110.861 21.472 97.134
225.529 111.304 21.472 97.134
224.643 112.633 21.472 97.134
223.756 112.190 21.472 97.134
220.654 112.633 21.472 97.134
217.996 112.633 21.472 97.134
214.450 109.974 21.472 97.134
208.690 108.645 21.472 97.134
203.815 106.429 21.472 97.134
200.713 105.100 21.472 97.134
202.486 105.543 21.472 97.134
200.713 103.770 21.472 97.134
199.384 101.998 21.472 97.134
198.498 103.770 21.472 97.134
199.827 104.214 21.472 97.134
202.272 106.136 21.014 95.062
203.796 107.582 20.566 93.035
204.862 109.845 20.127 91.051
207.356 110.676 20.127 91.051
207.356 111.092 20.127 91.051
204.862 111.508 20.127 91.051
202.784 111.508 20.127 91.051
205.693 111.508 20.127 91.051
209.019 112.755 20.127 91.051
211.706 111.748 20.572 93.066
219.753 111.324 20.572 93.066
222.718 109.630 20.572 93.066
225.878 106.906 21.028 95.125
228.045 107.773 21.028 95.125
224.145 105.606 21.028 95.125
219.169 107.487 20.579 93.096
214.510 103.675 20.579 93.096
209.852 105.370 20.579 93.096
203.922 107.064 20.579 93.096
200.110 102.405 20.579 93.096
199.263 96.052 20.579 93.096
200.330 87.727 20.140 91.111
200.545 76.228 19.711 89.168
203.190 72.308 19.290 87.266
203.986 72.308 19.290 87.266
203.588 69.522 19.290 87.266
205.976 69.920 19.290 87.266
208.172 72.044 18.879 85.405
208.949 75.539 18.879 85.405
209.725 80.586 18.879 85.405
208.762 89.261 18.476 83.584
209.699 96.705 18.885 85.433
210.479 104.509 18.885 85.433
212.040 105.289 18.885 85.433
209.308 110.752 18.885 85.433
211.259 113.093 18.885 85.433
214.381 119.336 18.885 85.433
215.363 122.979 18.483 83.611
214.397 130.042 18.891 85.461
210.495 131.603 18.891 85.461
211.276 132.383 18.891 85.461
211.666 131.993 18.891 85.461
213.617 133.944 18.891 85.461
212.056 137.846 18.891 85.461
210.105 140.187 18.891 85.461
211.276 138.236 18.891 85.461
209.116 135.730 19.309 87.352
206.330 137.322 19.309 87.352
209.514 132.545 19.309 87.352
210.892 128.793 19.737 89.285
212.110 124.734 19.737 89.285
212.726 122.439 19.316 87.381
210.544 120.186 18.904 85.517
212.286 120.411 19.322 87.409
213.288 117.363 18.910 85.545
214.849 117.363 18.910 85.545
218.361 116.192 18.910 85.545
214.849 116.192 18.910 85.545
215.629 116.192 18.910 85.545
216.410 115.412 18.910 85.545
217.190 115.802 18.910 85.545
217.970 118.143 18.910 85.545
165.684 163.406 18.910 85.545
166.074 163.016 18.910 85.545
171.739 165.098 18.507 83.721
178.239 166.628 18.507 83.721
179.946 167.613 18.916 85.573
185.018 168.003 18.916 85.573
190.293 170.086 18.513 83.749
194.881 171.234 18.513 83.749
199.087 169.322 18.513 83.749
203.293 171.616 18.513 83.749
209.793 172.763 18.513 83.749
213.814 175.568 18.118 81.963
219.029 177.803 18.118 81.963
223.872 178.921 18.118 81.963
228.715 177.058 18.118 81.963
232.814 179.666 18.118 81.963
235.966 176.896 18.519 83.776
239.790 175.367 18.519 83.776
243.995 176.132 18.519 83.776
247.996 173.675 18.929 85.630
253.849 175.236 18.929 85.630
256.581 173.675 18.929 85.630
258.922 171.724 18.929 85.630
263.416 170.686 18.525 83.804
266.475 172.216 18.525 83.804
270.298 172.598 18.525 83.804
272.592 171.834 18.525 83.804
275.829 170.906 18.935 85.658
278.741 171.129 19.354 87.553
283.119 170.333 19.354 87.553
283.915 169.139 19.354 87.553
290.682 170.333 19.354 87.553
292.458 167.375 19.782 89.490
295.502 167.200 20.220 91.470
299.261 169.706 20.220 91.470
302.602 167.200 20.220 91.470
305.108 168.036 20.220 91.470
310.955 169.289 20.220 91.470
314.512 166.505 19.788 89.519
318.801 165.828 19.366 87.610
323.201 167.828 19.366 87.610
325.601 164.228 19.366 87.610
310.208 165.162 18.953 85.742
263.565 204.794 19.373 87.639
265.165 206.794 19.373 87.639
267.965 207.994 19.373 87.639
269.750 207.825 19.801 89.578
272.794 207.649 20.240 91.560
275.911 207.472 20.687 93.586
277.613 207.472 20.687 93.586
279.315 208.748 20.687 93.586
280.592 206.195 20.687 93.586
281.443 208.323 20.687 93.586
283.341 208.139 21.145 95.656
285.953 209.009 21.145 95.656
286.388 205.962 21.145 95.656
289.201 205.774 21.613 97.773
290.982 207.110 21.613 97.773
295.433 207.555 21.613 97.773
296.553 205.482 21.152 95.688
299.600 207.658 21.152 95.688
302.648 208.093 21.152 95.688
304.824 208.529 21.152 95.688
308.306 208.964 21.152 95.688
310.918 209.399 21.152 95.688
314.836 209.835 21.152 95.688
314.400 210.705 21.152 95.688
318.084 210.082 21.620 97.805
321.200 211.417 21.620 97.805
324.315 213.643 21.620 97.805
321.851 211.671 22.098 99.969
323.670 213.035 22.098 99.969
319.121 211.216 22.098 99.969
321.851 212.580 22.098 99.969
324.580 212.580 22.098 99.969
322.306 212.125 22.098 99.969
326.855 213.035 22.098 99.969
328.674 214.855 22.098 99.969
328.674 214.400 22.098 99.969
329.795 214.659 22.587 102.180
329.795 216.518 22.587 102.180
330.474 216.781 23.087 104.441
331.427 215.828 23.087 104.441
332.380 217.258 23.087 104.441
332.150 221.230 22.595 102.214
332.150 224.964 22.595 102.214
330.966 223.833 23.095 104.475
267.119 179.521 23.095 104.475
266.166 183.333 23.095 104.475
238.055 183.809 23.095 104.475
238.531 185.239 23.095 104.475
241.390 189.527 23.095 104.475
246.376 199.330 23.606 106.787
249.518 201.553 24.128 109.150
252.009 203.047 24.128 109.150
255.495 204.043 24.128 109.150
257.487 204.541 24.128 109.150
260.475 206.533 24.128 109.150
263.464 207.529 24.128 109.150
266.452 209.023 24.128 109.150
269.671 210.306 24.662 111.565
272.210 206.751 24.662 111.565
274.477 207.040 25.207 114.033
277.835 208.377 25.765 116.556
279.144 202.837 26.335 119.135
282.655 203.691 26.918 121.771
284.577 203.454 27.513 124.465
287.410 205.154 27.513 124.465
287.410 202.887 27.513 124.465
290.243 204.587 27.513 124.465
288.806 200.944 28.122 127.219
291.127 203.265 28.122 127.219
291.397 204.179 28.744 130.033
291.397 199.442 28.744 130.033
293.173 202.995 28.744 130.033
296.134 205.956 28.744 130.033
295.542 201.219 28.744 130.033
297.032 198.460 28.131 127.260
294.130 194.397 28.131 127.260
283.403 191.111 27.531 124.546
284.830 195.272 26.944 121.890
288.159 195.827 26.944 121.890
290.934 196.382 26.944 121.890
287.604 198.047 26.944 121.890
249.603 201.011 26.370 119.291
252.319 202.098 26.370 119.291
257.207 203.184 26.370 119.291
257.489 204.456 25.807 116.747
265.990 203.924 25.807 116.747
271.019 203.164 26.378 119.330
274.278 201.535 26.378 119.330
277.274 199.548 25.816 116.785
282.057 200.080 25.816 116.785
284.714 199.017 25.816 116.785
283.120 197.954 25.816 116.785
282.588 196.892 25.816 116.785
286.839 196.892 25.816 116.785
289.496 196.892 25.816 116.785
287.371 196.892 25.816 116.785
291.365 198.137 25.265 114.295
290.844 198.137 25.265 114.295
291.887 198.137 25.265 114.295
292.156 199.877 24.726 111.858
295.215 200.897 24.726 111.858
294.705 202.426 24.726 111.858
296.498 204.129 24.199 109.472
298.491 205.623 24.199 109.472
297.495 206.619 24.199 109.472
299.745 208.782 23.683 107.138
299.997 210.413 23.178 104.853
300.954 211.370 23.178 104.853
302.637 210.096 22.684 102.617
305.437 211.496 22.684 102.617
304.278 213.523 22.200 100.429
304.972 215.051 21.727 98.287
307.207 214.604 21.727 98.287
306.098 216.099 21.263 96.191
308.294 214.781 21.263 96.191
306.537 215.220 21.263 96.191
308.081 215.367 20.810 94.140
311.087 215.797 20.810 94.140
311.517 215.367 20.810 94.140
310.228 214.509 20.810 94.140
308.081 215.367 20.810 94.140
303.787 217.085 20.810 94.140
304.009 217.659 20.366 92.132
302.750 216.820 20.366 92.132
302.945 214.542 20.817 94.170
303.374 215.830 20.817 94.170
303.374 214.113 20.817 94.170
305.314 214.258 20.373 92.162
308.049 213.982 19.938 90.197
310.320 213.708 19.513 88.273
313.134 211.297 19.513 88.273
314.742 209.287 19.513 88.273
311.928 205.669 19.513 88.273
310.528 203.395 19.097 86.391
301.646 200.074 19.519 88.302
304.058 199.672 19.519 88.302
305.264 200.074 19.519 88.302
314.717 204.634 19.103 86.419
308.221 203.190 18.696 84.576
308.607 200.873 18.696 84.576
309.766 203.190 18.696 84.576
304.944 206.796 18.297 82.773
307.202 204.914 18.297 82.773
307.955 207.172 18.297 82.773
307.202 209.808 18.297 82.773
310.409 209.184 17.907 81.008
310.041 211.028 17.907 81.008
299.541 221.844 17.525 79.280
300.811 227.380 17.151 77.589
306.811 226.321 17.151 77.589
308.052 228.913 16.786 75.935
309.267 229.378 16.428 74.315
310.459 229.831 16.077 72.731
313.282 233.257 15.734 71.180
314.097 234.340 15.399 69.662
315.531 234.765 15.071 68.176
316.151 234.765 15.071 68.176
318.480 237.351 14.749 66.722
320.304 236.743 14.749 66.722
321.823 237.958 14.749 66.722
324.412 239.886 14.435 65.299
326.200 240.184 14.435 65.299
301.761 205.015 14.435 65.299
305.040 206.207 14.435 65.299
307.722 207.399 14.435 65.299
312.193 208.293 14.435 65.299
318.153 210.678 14.435 65.299
322.326 213.956 14.435 65.299
325.306 216.937 14.435 65.299
330.969 222.301 14.435 65.299
335.593 226.574 14.127 63.907
338.205 227.154 14.127 63.907
336.464 232.378 14.127 63.907
325.727 228.605 14.127 63.907
330.230 235.091 13.826 62.544
316.015 228.836 13.826 62.544
317.721 229.973 13.826 62.544
319.426 231.679 13.826 62.544
319.842 232.977 14.131 63.928
321.011 234.146 14.131 63.928
319.686 232.562 14.444 65.342
319.526 233.628 14.764 66.788
318.310 234.843 14.764 66.788
318.006 235.147 14.764 66.788
320.899 235.859 14.449 65.364
321.351 239.239 14.141 63.970
308.204 237.778 14.141 63.970
309.081 239.239 14.141 63.970
311.710 238.654 14.141 63.970
315.352 236.778 14.454 65.385
314.298 230.094 14.773 66.832
315.350 227.531 15.100 68.310
316.597 225.349 15.100 68.310
318.779 227.219 15.100 68.310
322.209 230.025 15.100 68.310
322.832 232.519 15.100 68.310
325.015 230.961 15.100 68.310
294.295 216.487 15.434 69.822
296.201 213.311 15.434 69.822
300.012 214.899 15.434 69.822
303.824 216.487 15.434 69.822
308.271 214.581 15.434 69.822
316.212 215.534 15.434 69.822
317.801 217.122 15.434 69.822
320.024 219.028 15.434 69.822
318.753 225.064 15.434 69.822
314.453 228.103 15.776 71.367
313.477 233.636 15.776 71.367
313.802 236.566 15.776 71.367
312.000 242.612 16.125 72.946
311.822 245.138 16.482 74.559
266.367 242.085 16.482 74.559
267.560 245.255 16.130 72.969
273.066 249.699 15.786 71.413
274.536 252.414 15.449 69.890
278.513 251.571 15.120 68.400
268.848 254.065 15.120 68.400
259.807 253.129 15.120 68.400
258.871 254.065 15.120 68.400
260.742 252.818 15.120 68.400
258.871 251.882 15.120 68.400
282.103 251.365 14.798 66.941
283.633 248.612 14.798 66.941
286.997 245.859 14.798 66.941
291.891 243.412 14.798 66.941
296.026 239.843 14.482 65.514
285.153 251.569 14.173 64.117
290.704 248.648 14.173 64.117
296.255 246.602 14.173 64.117
299.619 246.702 13.871 62.749
302.630 247.943 13.575 61.411
305.859 249.720 13.286 60.102
308.055 251.367 13.286 60.102
309.428 254.661 13.286 60.102
311.075 257.681 13.286 60.102
322.471 251.184 13.002 58.820
322.740 253.333 13.002 58.820
322.073 257.453 12.725 57.566
317.081 259.817 12.725 57.566
314.716 260.605 12.725 57.566
313.787 261.545 13.007 58.839
300.893 259.396 13.007 58.839
299.818 261.276 13.007 58.839
299.957 262.978 12.729 57.584
302.457 262.804 12.458 56.356
306.824 263.832 12.458 56.356
308.622 262.290 12.458 56.356
281.138 256.126 12.458 56.356
283.312 254.475 12.733 57.603
283.312 255.526 12.733 57.603
287.914 251.936 12.462 56.375
291.767 249.624 12.462 56.375
296.391 247.569 12.462 56.375
297.675 248.597 12.462 56.375
298.959 248.854 12.462 56.375
301.014 246.542 12.462 56.375
303.840 245.258 12.462 56.375
306.541 246.629 12.196 55.173
311.059 244.371 12.196 55.173
312.565 245.123 12.196 55.173
314.322 244.120 12.196 55.173
316.329 244.120 12.196 55.173
315.576 245.876 12.196 55.173
316.831 245.374 12.196 55.173
317.951 243.760 12.466 56.393
316.924 245.558 12.466 56.393
319.236 244.274 12.466 56.393
316.924 246.072 12.466 56.393
319.749 244.531 12.466 56.393
318.208 245.044 12.466 56.393
315.383 246.843 12.466 56.393
316.924 247.613 12.466 56.393
317.694 248.641 12.466 56.393
318.722 249.411 12.466 56.393
321.291 248.127 12.466 56.393
323.602 245.815 12.466 56.393
324.630 244.788 12.466 56.393
327.969 244.531 12.466 56.393
329.129 244.875 12.200 55.191
334.028 243.456 11.940 54.014
335.016 244.444 11.940 54.014
340.946 246.421 11.940 54.014
341.934 247.903 11.940 54.014
323.899 259.268 11.940 54.014
325.875 259.762 11.940 54.014
308.449 250.517 12.204 55.209
294.394 257.796 12.204 55.209
295.900 260.556 12.204 55.209
293.520 258.384 11.944 54.032
294.508 259.372 11.944 54.032
295.991 261.102 11.944 54.032
295.250 261.349 11.944 54.032
296.485 262.584 11.944 54.032
297.226 264.561 11.944 54.032
298.214 267.031 11.944 54.032
321.191 254.184 11.944 54.032
322.426 254.678 11.944 54.032
324.283 257.231 11.689 52.879
326.212 259.884 11.689 52.879
339.236 234.319 11.689 52.879
337.789 235.766 11.689 52.879
334.653 237.696 11.689 52.879
335.859 240.590 11.689 52.879
337.065 242.519 11.689 52.879
335.377 245.654 11.689 52.879
336.949 250.318 11.440 51.752
331.066 253.142 11.440 51.752
332.008 254.789 11.440 51.752
331.066 256.671 11.440 51.752
329.293 257.510 11.693 52.897
324.228 260.646 11.693 52.897
325.675 260.646 11.693 52.897
326.881 259.922 11.693 52.897
327.716 259.819 11.952 54.067
306.597 265.090 11.697 52.914
307.191 266.916 11.956 54.085
304.967 260.246 11.956 54.085
306.697 259.999 11.956 54.085
289.897 249.128 11.956 54.085
286.932 248.140 11.956 54.085
288.776 246.059 12.220 55.281
287.888 244.946 12.490 56.504
292.512 244.946 12.490 56.504
296.621 245.460 12.490 56.504
304.327 243.918 12.490 56.504
305.868 238.267 12.490 56.504
305.355 235.699 12.490 56.504
300.094 237.072 12.224 55.299
302.604 237.574 12.224 55.299
310.635 237.574 12.224 55.299
307.252 238.916 11.963 54.120
316.013 239.553 12.228 55.318
317.784 240.818 12.228 55.318
320.819 241.576 12.228 55.318
321.831 243.094 12.228 55.318
321.578 240.818 12.228 55.318
324.984 241.976 12.499 56.541
327.414 241.608 12.775 57.792
329.900 240.968 13.058 59.071
293.904 254.937 13.058 59.071
295.103 253.746 13.347 60.378
296.053 253.902 13.642 61.714
295.342 252.378 13.944 63.079
295.918 254.396 13.944 63.079
298.646 252.257 14.252 64.475
297.176 253.727 14.252 64.475
296.136 252.426 14.568 65.902
298.236 251.526 14.568 65.902
298.075 251.697 14.890 67.360
298.075 252.620 14.890 67.360
296.228 253.852 14.890 67.360
296.228 252.620 14.890 67.360
296.986 250.336 15.219 68.850
298.869 249.081 15.219 68.850
295.249 251.143 15.556 70.373
292.677 251.786 15.556 70.373
293.791 249.400 15.900 71.930
296.562 246.639 16.252 73.522
294.886 248.651 16.252 73.522
294.550 247.645 16.252 73.522
295.712 248.173 16.612 75.148
299.829 246.114 16.612 75.148
302.575 244.055 16.612 75.148
303.604 246.800 16.612 75.148
305.136 243.910 16.979 76.811
307.391 245.853 17.355 78.510
310.054 241.415 17.739 80.247
311.681 242.716 18.131 82.023
261.497 237.473 18.131 82.023
263.744 240.469 18.131 82.023
261.497 225.114 18.131 82.023
265.617 226.238 18.131 82.023
232.834 241.434 18.533 83.838
211.040 203.581 18.533 83.838
213.334 205.493 18.533 83.838
215.245 206.258 18.533 83.838
215.245 205.493 18.533 83.838
218.864 205.713 18.943 85.693
216.313 200.863 19.362 87.589
218.520 198.596 18.949 85.721
220.861 195.865 18.949 85.721
221.641 191.963 18.949 85.721
222.422 186.500 18.949 85.721
224.763 184.549 18.949 85.721
225.153 182.989 18.949 85.721
223.383 178.919 19.368 87.617
226.983 179.319 19.368 87.617
229.568 179.950 19.797 89.556
230.792 181.989 19.797 89.556
228.126 182.629 20.235 91.537
228.961 190.147 20.235 91.537
222.696 194.741 20.235 91.537
223.114 202.676 20.235 91.537
223.949 216.459 20.235 91.537
233.138 227.318 20.235 91.537
223.114 243.188 20.235 91.537
236.061 246.529 20.235 91.537
237.314 243.188 20.235 91.537
242.326 239.847 20.235 91.537
242.102 241.758 20.682 93.563
238.273 242.183 20.682 93.563
240.400 239.205 20.682 93.563
248.059 240.481 20.682 93.563
249.761 242.609 20.682 93.563
263.377 238.780 20.682 93.563
285.077 237.078 20.682 93.563
289.331 237.929 20.682 93.563
291.459 238.354 20.682 93.563
275.716 243.034 20.682 93.563
259.122 239.205 20.682 93.563
254.016 241.332 20.682 93.563
264.653 244.311 20.682 93.563
265.078 242.609 20.682 93.563
271.886 244.736 20.682 93.563
275.061 243.701 21.140 95.633
274.828 242.643 21.608 97.748
274.828 243.089 21.608 97.748
272.602 243.979 21.608 97.748
276.608 243.534 21.608 97.748
280.169 243.534 21.608 97.748
281.504 244.424 21.608 97.748
290.851 242.643 21.608 97.748
294.412 242.643 21.608 97.748
296.637 242.198 21.608 97.748
297.082 240.863 21.608 97.748
297.973 242.198 21.608 97.748
297.528 240.863 21.608 97.748
300.198 241.753 21.608 97.748
299.753 243.089 21.608 97.748
301.088 243.534 21.608 97.748
301.979 243.089 21.608 97.748
301.533 243.089 21.608 97.748
